/*--------------------------------*- C++ -*----------------------------------*\
  =========                 |
  \\      /  F ield         | OpenFOAM: The Open Source CFD Toolbox
   \\    /   O peration     | Website:  https://openfoam.org
    \\  /    A nd           | Version:  13
     \\/     M anipulation  |
\*---------------------------------------------------------------------------*/
FoamFile
{
    format      ascii;
    class       volScalarField;
    location    "27";
    object      p;
}
// * * * * * * * * * * * * * * * * * * * * * * * * * * * * * * * * * * * * * //

dimensions      [1 -1 -2 0 0 0 0];

internalField   nonuniform List<scalar> 
4800
(
7003842.4
7003842.4
7003842.4
7003842.4
7003842.4
7003842.4
7003842.5
7003842.5
7003842.5
7003842.5
7003842.5
7003842.6
7003842.6
7003842.6
7003842.7
7003842.7
7003842.8
7003842.8
7003842.9
7003842.9
7003843
7003843.1
7003843.1
7003843
7003842.9
7003842.6
7003842.2
7003842
7003841.8
7003841.4
7003841.3
7003841.4
7003841.5
7003841.5
7003841.4
7003841.4
7003841.4
7003841.5
7003841.6
7003841.7
7003842.9
7003842.9
7003842.9
7003842.9
7003842.9
7003843
7003843
7003843
7003843
7003843
7003843.1
7003843.1
7003843.1
7003843.1
7003843.2
7003843.2
7003843.3
7003843.3
7003843.4
7003843.5
7003843.5
7003843.6
7003843.6
7003843.5
7003843.4
7003843.1
7003842.8
7003842.6
7003842.4
7003842
7003841.9
7003841.9
7003842
7003841.9
7003841.9
7003841.9
7003841.9
7003841.9
7003842
7003842
7003843.3
7003843.3
7003843.3
7003843.3
7003843.3
7003843.3
7003843.3
7003843.3
7003843.4
7003843.4
7003843.4
7003843.4
7003843.5
7003843.5
7003843.6
7003843.6
7003843.7
7003843.7
7003843.8
7003843.8
7003843.9
7003843.9
7003844
7003843.9
7003843.7
7003843.4
7003843.2
7003843.1
7003842.9
7003842.4
7003842.2
7003842.3
7003842.3
7003842.3
7003842.3
7003842.2
7003842.2
7003842.2
7003842.3
7003842.3
7003843.6
7003843.6
7003843.6
7003843.6
7003843.6
7003843.6
7003843.7
7003843.7
7003843.7
7003843.7
7003843.7
7003843.8
7003843.8
7003843.8
7003843.9
7003843.9
7003844
7003844
7003844.1
7003844.2
7003844.2
7003844.3
7003844.3
7003844.2
7003844.1
7003843.8
7003843.6
7003843.5
7003843.2
7003842.7
7003842.5
7003842.6
7003842.6
7003842.6
7003842.6
7003842.5
7003842.5
7003842.5
7003842.6
7003842.6
7003843.9
7003843.9
7003843.9
7003843.9
7003843.9
7003843.9
7003844
7003844
7003844
7003844
7003844
7003844.1
7003844.1
7003844.1
7003844.2
7003844.2
7003844.3
7003844.3
7003844.4
7003844.5
7003844.5
7003844.6
7003844.6
7003844.5
7003844.4
7003844.1
7003843.9
7003843.8
7003843.5
7003843
7003842.8
7003842.9
7003842.9
7003842.9
7003842.9
7003842.8
7003842.8
7003842.8
7003842.9
7003842.9
7003844.2
7003844.2
7003844.2
7003844.2
7003844.2
7003844.2
7003844.2
7003844.3
7003844.3
7003844.3
7003844.3
7003844.4
7003844.4
7003844.4
7003844.5
7003844.5
7003844.6
7003844.6
7003844.7
7003844.7
7003844.8
7003844.9
7003844.9
7003844.8
7003844.7
7003844.4
7003844.2
7003844
7003843.7
7003843.2
7003843.1
7003843.1
7003843.2
7003843.2
7003843.1
7003843.1
7003843.1
7003843.1
7003843.1
7003843.1
7003844.5
7003844.5
7003844.5
7003844.5
7003844.5
7003844.5
7003844.5
7003844.5
7003844.6
7003844.6
7003844.6
7003844.6
7003844.7
7003844.7
7003844.7
7003844.8
7003844.8
7003844.9
7003845
7003845
7003845.1
7003845.1
7003845.2
7003845.1
7003844.9
7003844.7
7003844.5
7003844.2
7003843.9
7003843.4
7003843.3
7003843.4
7003843.5
7003843.5
7003843.4
7003843.4
7003843.3
7003843.3
7003843.4
7003843.4
7003844.7
7003844.7
7003844.7
7003844.8
7003844.8
7003844.8
7003844.8
7003844.8
7003844.8
7003844.8
7003844.9
7003844.9
7003844.9
7003845
7003845
7003845
7003845.1
7003845.2
7003845.2
7003845.3
7003845.3
7003845.4
7003845.4
7003845.4
7003845.2
7003845
7003844.7
7003844.4
7003844
7003843.7
7003843.6
7003843.7
7003843.7
7003843.7
7003843.7
7003843.6
7003843.6
7003843.6
7003843.6
7003843.7
7003845
7003845
7003845
7003845
7003845
7003845
7003845.1
7003845.1
7003845.1
7003845.1
7003845.1
7003845.2
7003845.2
7003845.2
7003845.3
7003845.3
7003845.4
7003845.4
7003845.5
7003845.5
7003845.6
7003845.7
7003845.7
7003845.6
7003845.5
7003845.3
7003845
7003844.6
7003844.2
7003843.9
7003843.8
7003843.9
7003844
7003844
7003843.9
7003843.9
7003843.9
7003843.9
7003843.9
7003843.9
7003845.3
7003845.3
7003845.3
7003845.3
7003845.3
7003845.3
7003845.3
7003845.3
7003845.3
7003845.4
7003845.4
7003845.4
7003845.4
7003845.5
7003845.5
7003845.6
7003845.6
7003845.7
7003845.7
7003845.8
7003845.9
7003845.9
7003845.9
7003845.9
7003845.8
7003845.5
7003845.2
7003844.8
7003844.4
7003844.1
7003844
7003844.2
7003844.2
7003844.3
7003844.2
7003844.2
7003844.1
7003844.1
7003844.2
7003844.2
7003845.5
7003845.5
7003845.5
7003845.5
7003845.5
7003845.6
7003845.6
7003845.6
7003845.6
7003845.6
7003845.6
7003845.7
7003845.7
7003845.7
7003845.8
7003845.8
7003845.9
7003845.9
7003846
7003846
7003846.1
7003846.2
7003846.2
7003846.1
7003846
7003845.8
7003845.4
7003845
7003844.6
7003844.3
7003844.3
7003844.4
7003844.5
7003844.5
7003844.5
7003844.4
7003844.4
7003844.4
7003844.4
7003844.4
7003845.8
7003845.8
7003845.8
7003845.8
7003845.8
7003845.8
7003845.8
7003845.8
7003845.9
7003845.9
7003845.9
7003845.9
7003846
7003846
7003846
7003846.1
7003846.1
7003846.2
7003846.2
7003846.3
7003846.4
7003846.4
7003846.4
7003846.4
7003846.2
7003846
7003845.6
7003845.2
7003844.8
7003844.5
7003844.5
7003844.7
7003844.8
7003844.8
7003844.7
7003844.7
7003844.7
7003844.7
7003844.7
7003844.7
7003846
7003846
7003846
7003846.1
7003846.1
7003846.1
7003846.1
7003846.1
7003846.1
7003846.1
7003846.2
7003846.2
7003846.2
7003846.2
7003846.3
7003846.3
7003846.4
7003846.4
7003846.5
7003846.5
7003846.6
7003846.6
7003846.7
7003846.6
7003846.5
7003846.2
7003845.9
7003845.4
7003845
7003844.7
7003844.7
7003844.9
7003845
7003845
7003845
7003845
7003844.9
7003844.9
7003844.9
7003845
7003846.3
7003846.3
7003846.3
7003846.3
7003846.3
7003846.3
7003846.3
7003846.3
7003846.4
7003846.4
7003846.4
7003846.4
7003846.5
7003846.5
7003846.5
7003846.6
7003846.6
7003846.7
7003846.7
7003846.8
7003846.8
7003846.9
7003846.9
7003846.8
7003846.7
7003846.4
7003846.1
7003845.6
7003845.2
7003844.9
7003845
7003845.2
7003845.3
7003845.3
7003845.3
7003845.2
7003845.2
7003845.2
7003845.2
7003845.2
7003846.5
7003846.5
7003846.5
7003846.6
7003846.6
7003846.6
7003846.6
7003846.6
7003846.6
7003846.6
7003846.7
7003846.7
7003846.7
7003846.7
7003846.8
7003846.8
7003846.9
7003846.9
7003847
7003847
7003847.1
7003847.1
7003847.1
7003847.1
7003846.9
7003846.7
7003846.3
7003845.8
7003845.4
7003845.1
7003845.2
7003845.4
7003845.5
7003845.5
7003845.5
7003845.5
7003845.5
7003845.5
7003845.5
7003845.5
7003846.8
7003846.8
7003846.8
7003846.8
7003846.8
7003846.8
7003846.8
7003846.8
7003846.9
7003846.9
7003846.9
7003846.9
7003847
7003847
7003847
7003847.1
7003847.1
7003847.1
7003847.2
7003847.2
7003847.3
7003847.3
7003847.3
7003847.3
7003847.1
7003846.9
7003846.4
7003846
7003845.6
7003845.4
7003845.5
7003845.7
7003845.8
7003845.8
7003845.8
7003845.7
7003845.7
7003845.7
7003845.7
7003845.8
7003847
7003847
7003847
7003847
7003847.1
7003847.1
7003847.1
7003847.1
7003847.1
7003847.1
7003847.1
7003847.2
7003847.2
7003847.2
7003847.3
7003847.3
7003847.3
7003847.4
7003847.4
7003847.5
7003847.5
7003847.6
7003847.6
7003847.5
7003847.3
7003847.1
7003846.6
7003846.2
7003845.8
7003845.6
7003845.7
7003845.9
7003846
7003846.1
7003846
7003846
7003846
7003846
7003846
7003846
7003847.3
7003847.3
7003847.3
7003847.3
7003847.3
7003847.3
7003847.3
7003847.3
7003847.3
7003847.4
7003847.4
7003847.4
7003847.4
7003847.5
7003847.5
7003847.5
7003847.6
7003847.6
7003847.7
7003847.7
7003847.7
7003847.8
7003847.8
7003847.7
7003847.5
7003847.2
7003846.8
7003846.4
7003846
7003845.8
7003845.9
7003846.2
7003846.3
7003846.3
7003846.3
7003846.3
7003846.3
7003846.3
7003846.3
7003846.3
7003847.5
7003847.5
7003847.5
7003847.5
7003847.5
7003847.5
7003847.6
7003847.6
7003847.6
7003847.6
7003847.6
7003847.6
7003847.7
7003847.7
7003847.7
7003847.8
7003847.8
7003847.8
7003847.9
7003847.9
7003848
7003848
7003848
7003847.9
7003847.7
7003847.4
7003847
7003846.6
7003846.2
7003846
7003846.2
7003846.4
7003846.5
7003846.6
7003846.5
7003846.5
7003846.5
7003846.5
7003846.5
7003846.6
7003847.8
7003847.8
7003847.8
7003847.8
7003847.8
7003847.8
7003847.8
7003847.8
7003847.8
7003847.8
7003847.9
7003847.9
7003847.9
7003847.9
7003848
7003848
7003848
7003848.1
7003848.1
7003848.1
7003848.2
7003848.2
7003848.2
7003848.1
7003847.9
7003847.6
7003847.2
7003846.8
7003846.4
7003846.2
7003846.4
7003846.7
7003846.8
7003846.8
7003846.8
7003846.8
7003846.8
7003846.8
7003846.8
7003846.8
7003848
7003848
7003848
7003848
7003848
7003848
7003848
7003848
7003848
7003848.1
7003848.1
7003848.1
7003848.1
7003848.2
7003848.2
7003848.2
7003848.2
7003848.3
7003848.3
7003848.3
7003848.4
7003848.4
7003848.4
7003848.3
7003848.1
7003847.8
7003847.4
7003846.9
7003846.6
7003846.5
7003846.7
7003846.9
7003847
7003847.1
7003847
7003847
7003847
7003847.1
7003847.1
7003847.1
7003848.2
7003848.2
7003848.2
7003848.2
7003848.2
7003848.2
7003848.3
7003848.3
7003848.3
7003848.3
7003848.3
7003848.3
7003848.4
7003848.4
7003848.4
7003848.4
7003848.5
7003848.5
7003848.5
7003848.6
7003848.6
7003848.6
7003848.6
7003848.5
7003848.3
7003848
7003847.6
7003847.2
7003846.8
7003846.7
7003846.9
7003847.2
7003847.3
7003847.3
7003847.3
7003847.3
7003847.3
7003847.3
7003847.3
7003847.4
7003848.4
7003848.4
7003848.4
7003848.5
7003848.5
7003848.5
7003848.5
7003848.5
7003848.5
7003848.5
7003848.5
7003848.6
7003848.6
7003848.6
7003848.6
7003848.7
7003848.7
7003848.7
7003848.7
7003848.8
7003848.8
7003848.8
7003848.8
7003848.7
7003848.5
7003848.2
7003847.8
7003847.4
7003847
7003847
7003847.2
7003847.4
7003847.5
7003847.6
7003847.6
7003847.6
7003847.6
7003847.6
7003847.6
7003847.6
7003848.7
7003848.7
7003848.7
7003848.7
7003848.7
7003848.7
7003848.7
7003848.7
7003848.7
7003848.7
7003848.8
7003848.8
7003848.8
7003848.8
7003848.9
7003848.9
7003848.9
7003848.9
7003849
7003849
7003849
7003849
7003848.9
7003848.8
7003848.7
7003848.4
7003848
7003847.6
7003847.2
7003847.2
7003847.4
7003847.7
7003847.8
7003847.8
7003847.8
7003847.8
7003847.8
7003847.8
7003847.9
7003847.9
7003848.9
7003848.9
7003848.9
7003848.9
7003848.9
7003848.9
7003848.9
7003848.9
7003849
7003849
7003849
7003849
7003849
7003849
7003849.1
7003849.1
7003849.1
7003849.1
7003849.2
7003849.2
7003849.2
7003849.2
7003849.1
7003849
7003848.8
7003848.5
7003848.2
7003847.8
7003847.5
7003847.4
7003847.7
7003847.9
7003848
7003848.1
7003848
7003848.1
7003848.1
7003848.1
7003848.1
7003848.1
7003849.1
7003849.1
7003849.1
7003849.1
7003849.1
7003849.1
7003849.1
7003849.2
7003849.2
7003849.2
7003849.2
7003849.2
7003849.2
7003849.3
7003849.3
7003849.3
7003849.3
7003849.3
7003849.4
7003849.4
7003849.4
7003849.4
7003849.3
7003849.2
7003849
7003848.7
7003848.4
7003848
7003847.7
7003847.7
7003847.9
7003848.2
7003848.3
7003848.3
7003848.3
7003848.3
7003848.3
7003848.3
7003848.4
7003848.4
7003849.3
7003849.3
7003849.3
7003849.3
7003849.3
7003849.4
7003849.4
7003849.4
7003849.4
7003849.4
7003849.4
7003849.4
7003849.5
7003849.5
7003849.5
7003849.5
7003849.5
7003849.6
7003849.6
7003849.6
7003849.6
7003849.5
7003849.5
7003849.4
7003849.2
7003848.9
7003848.6
7003848.2
7003848
7003847.9
7003848.2
7003848.4
7003848.5
7003848.5
7003848.5
7003848.5
7003848.6
7003848.6
7003848.6
7003848.6
7003849.6
7003849.6
7003849.6
7003849.6
7003849.6
7003849.6
7003849.6
7003849.6
7003849.6
7003849.6
7003849.6
7003849.6
7003849.7
7003849.7
7003849.7
7003849.7
7003849.7
7003849.8
7003849.8
7003849.8
7003849.8
7003849.7
7003849.7
7003849.6
7003849.4
7003849.1
7003848.8
7003848.4
7003848.2
7003848.2
7003848.4
7003848.6
7003848.7
7003848.8
7003848.8
7003848.8
7003848.8
7003848.8
7003848.9
7003848.9
7003849.8
7003849.8
7003849.8
7003849.8
7003849.8
7003849.8
7003849.8
7003849.8
7003849.8
7003849.8
7003849.8
7003849.9
7003849.9
7003849.9
7003849.9
7003849.9
7003849.9
7003850
7003850
7003850
7003850
7003849.9
7003849.8
7003849.7
7003849.5
7003849.3
7003849
7003848.6
7003848.4
7003848.4
7003848.7
7003848.9
7003849
7003849
7003849
7003849
7003849
7003849.1
7003849.1
7003849.1
7003850
7003850
7003850
7003850
7003850
7003850
7003850
7003850
7003850
7003850
7003850
7003850.1
7003850.1
7003850.1
7003850.1
7003850.1
7003850.1
7003850.2
7003850.2
7003850.2
7003850.1
7003850.1
7003850
7003849.9
7003849.7
7003849.5
7003849.2
7003848.9
7003848.7
7003848.7
7003848.9
7003849.1
7003849.2
7003849.2
7003849.3
7003849.3
7003849.3
7003849.3
7003849.3
7003849.4
7003850.2
7003850.2
7003850.2
7003850.2
7003850.2
7003850.2
7003850.2
7003850.2
7003850.2
7003850.2
7003850.3
7003850.3
7003850.3
7003850.3
7003850.3
7003850.3
7003850.3
7003850.3
7003850.3
7003850.3
7003850.3
7003850.3
7003850.2
7003850.1
7003849.9
7003849.7
7003849.4
7003849.1
7003848.9
7003849
7003849.2
7003849.4
7003849.4
7003849.5
7003849.5
7003849.5
7003849.5
7003849.6
7003849.6
7003849.6
7003850.4
7003850.4
7003850.4
7003850.4
7003850.4
7003850.4
7003850.4
7003850.4
7003850.4
7003850.4
7003850.5
7003850.5
7003850.5
7003850.5
7003850.5
7003850.5
7003850.5
7003850.5
7003850.5
7003850.5
7003850.5
7003850.5
7003850.4
7003850.3
7003850.1
7003849.8
7003849.6
7003849.3
7003849.2
7003849.2
7003849.4
7003849.6
7003849.7
7003849.7
7003849.7
7003849.7
7003849.7
7003849.8
7003849.8
7003849.9
7003850.6
7003850.6
7003850.6
7003850.6
7003850.6
7003850.6
7003850.6
7003850.6
7003850.6
7003850.6
7003850.7
7003850.7
7003850.7
7003850.7
7003850.7
7003850.7
7003850.7
7003850.7
7003850.7
7003850.7
7003850.7
7003850.6
7003850.6
7003850.4
7003850.3
7003850
7003849.8
7003849.5
7003849.4
7003849.5
7003849.7
7003849.8
7003849.9
7003849.9
7003849.9
7003850
7003850
7003850
7003850
7003850.1
7003850.8
7003850.8
7003850.8
7003850.8
7003850.8
7003850.8
7003850.8
7003850.8
7003850.8
7003850.8
7003850.9
7003850.9
7003850.9
7003850.9
7003850.9
7003850.9
7003850.9
7003850.9
7003850.9
7003850.9
7003850.9
7003850.8
7003850.7
7003850.6
7003850.4
7003850.2
7003850
7003849.8
7003849.7
7003849.7
7003849.9
7003850.1
7003850.1
7003850.2
7003850.2
7003850.2
7003850.2
7003850.2
7003850.3
7003850.3
7003851
7003851
7003851
7003851
7003851
7003851
7003851
7003851
7003851
7003851
7003851
7003851.1
7003851.1
7003851.1
7003851.1
7003851.1
7003851.1
7003851.1
7003851.1
7003851.1
7003851
7003851
7003850.9
7003850.8
7003850.6
7003850.4
7003850.2
7003850
7003849.9
7003850
7003850.2
7003850.3
7003850.4
7003850.4
7003850.4
7003850.4
7003850.4
7003850.5
7003850.5
7003850.5
7003851.2
7003851.2
7003851.2
7003851.2
7003851.2
7003851.2
7003851.2
7003851.2
7003851.2
7003851.2
7003851.2
7003851.3
7003851.3
7003851.3
7003851.3
7003851.3
7003851.3
7003851.3
7003851.3
7003851.2
7003851.2
7003851.2
7003851.1
7003850.9
7003850.8
7003850.6
7003850.4
7003850.2
7003850.2
7003850.2
7003850.4
7003850.5
7003850.6
7003850.6
7003850.6
7003850.6
7003850.7
7003850.7
7003850.7
7003850.8
7003851.4
7003851.4
7003851.4
7003851.4
7003851.4
7003851.4
7003851.4
7003851.4
7003851.4
7003851.4
7003851.4
7003851.4
7003851.4
7003851.5
7003851.5
7003851.5
7003851.5
7003851.5
7003851.4
7003851.4
7003851.4
7003851.3
7003851.2
7003851.1
7003851
7003850.8
7003850.6
7003850.5
7003850.4
7003850.5
7003850.6
7003850.7
7003850.8
7003850.8
7003850.8
7003850.9
7003850.9
7003850.9
7003850.9
7003851
7003851.6
7003851.6
7003851.6
7003851.6
7003851.6
7003851.6
7003851.6
7003851.6
7003851.6
7003851.6
7003851.6
7003851.6
7003851.6
7003851.6
7003851.6
7003851.6
7003851.6
7003851.6
7003851.6
7003851.6
7003851.6
7003851.5
7003851.4
7003851.3
7003851.1
7003851
7003850.8
7003850.7
7003850.6
7003850.7
7003850.9
7003851
7003851
7003851
7003851.1
7003851.1
7003851.1
7003851.1
7003851.2
7003851.2
7003851.8
7003851.8
7003851.8
7003851.8
7003851.8
7003851.8
7003851.8
7003851.8
7003851.8
7003851.8
7003851.8
7003851.8
7003851.8
7003851.8
7003851.8
7003851.8
7003851.8
7003851.8
7003851.8
7003851.8
7003851.7
7003851.7
7003851.6
7003851.5
7003851.3
7003851.2
7003851
7003850.9
7003850.9
7003850.9
7003851.1
7003851.2
7003851.2
7003851.3
7003851.3
7003851.3
7003851.3
7003851.3
7003851.4
7003851.4
7003851.9
7003851.9
7003851.9
7003852
7003852
7003852
7003852
7003852
7003852
7003852
7003852
7003852
7003852
7003852
7003852
7003852
7003852
7003852
7003852
7003851.9
7003851.9
7003851.8
7003851.7
7003851.6
7003851.5
7003851.4
7003851.2
7003851.1
7003851.1
7003851.2
7003851.3
7003851.4
7003851.4
7003851.5
7003851.5
7003851.5
7003851.5
7003851.6
7003851.6
7003851.6
7003852.1
7003852.1
7003852.1
7003852.1
7003852.1
7003852.1
7003852.1
7003852.1
7003852.2
7003852.2
7003852.2
7003852.2
7003852.2
7003852.2
7003852.2
7003852.2
7003852.2
7003852.2
7003852.1
7003852.1
7003852.1
7003852
7003851.9
7003851.8
7003851.7
7003851.5
7003851.4
7003851.3
7003851.3
7003851.4
7003851.5
7003851.6
7003851.6
7003851.7
7003851.7
7003851.7
7003851.7
7003851.8
7003851.8
7003851.8
7003852.3
7003852.3
7003852.3
7003852.3
7003852.3
7003852.3
7003852.3
7003852.3
7003852.3
7003852.3
7003852.3
7003852.3
7003852.4
7003852.4
7003852.4
7003852.3
7003852.3
7003852.3
7003852.3
7003852.3
7003852.2
7003852.2
7003852.1
7003852
7003851.9
7003851.7
7003851.6
7003851.5
7003851.5
7003851.6
7003851.7
7003851.8
7003851.8
7003851.9
7003851.9
7003851.9
7003851.9
7003852
7003852
7003852
7003852.5
7003852.5
7003852.5
7003852.5
7003852.5
7003852.5
7003852.5
7003852.5
7003852.5
7003852.5
7003852.5
7003852.5
7003852.5
7003852.5
7003852.5
7003852.5
7003852.5
7003852.5
7003852.5
7003852.4
7003852.4
7003852.3
7003852.2
7003852.1
7003852
7003851.9
7003851.8
7003851.7
7003851.7
7003851.8
7003851.9
7003852
7003852
7003852.1
7003852.1
7003852.1
7003852.1
7003852.2
7003852.2
7003852.2
7003852.7
7003852.7
7003852.7
7003852.7
7003852.7
7003852.7
7003852.7
7003852.7
7003852.7
7003852.7
7003852.7
7003852.7
7003852.7
7003852.7
7003852.7
7003852.7
7003852.7
7003852.7
7003852.6
7003852.6
7003852.5
7003852.5
7003852.4
7003852.3
7003852.2
7003852.1
7003852
7003851.9
7003852
7003852
7003852.1
7003852.2
7003852.2
7003852.3
7003852.3
7003852.3
7003852.3
7003852.4
7003852.4
7003852.4
7003852.8
7003852.8
7003852.8
7003852.8
7003852.8
7003852.8
7003852.8
7003852.9
7003852.9
7003852.9
7003852.9
7003852.9
7003852.9
7003852.9
7003852.9
7003852.9
7003852.8
7003852.8
7003852.8
7003852.8
7003852.7
7003852.6
7003852.6
7003852.5
7003852.4
7003852.3
7003852.2
7003852.1
7003852.2
7003852.2
7003852.3
7003852.4
7003852.4
7003852.5
7003852.5
7003852.5
7003852.5
7003852.6
7003852.6
7003852.6
7003853
7003853
7003853
7003853
7003853
7003853
7003853
7003853
7003853
7003853
7003853
7003853
7003853
7003853
7003853
7003853
7003853
7003853
7003853
7003852.9
7003852.9
7003852.8
7003852.7
7003852.6
7003852.5
7003852.4
7003852.4
7003852.3
7003852.4
7003852.4
7003852.5
7003852.6
7003852.6
7003852.7
7003852.7
7003852.7
7003852.7
7003852.8
7003852.8
7003852.8
7003853.2
7003853.2
7003853.2
7003853.2
7003853.2
7003853.2
7003853.2
7003853.2
7003853.2
7003853.2
7003853.2
7003853.2
7003853.2
7003853.2
7003853.2
7003853.2
7003853.2
7003853.1
7003853.1
7003853.1
7003853
7003853
7003852.9
7003852.8
7003852.7
7003852.6
7003852.6
7003852.5
7003852.6
7003852.6
7003852.7
7003852.8
7003852.8
7003852.8
7003852.9
7003852.9
7003852.9
7003853
7003853
7003853
7003853.3
7003853.3
7003853.3
7003853.3
7003853.3
7003853.3
7003853.3
7003853.4
7003853.4
7003853.4
7003853.4
7003853.4
7003853.4
7003853.3
7003853.3
7003853.3
7003853.3
7003853.3
7003853.3
7003853.2
7003853.2
7003853.1
7003853
7003853
7003852.9
7003852.8
7003852.7
7003852.7
7003852.7
7003852.8
7003852.9
7003853
7003853
7003853
7003853
7003853.1
7003853.1
7003853.1
7003853.2
7003853.2
7003853.5
7003853.5
7003853.5
7003853.5
7003853.5
7003853.5
7003853.5
7003853.5
7003853.5
7003853.5
7003853.5
7003853.5
7003853.5
7003853.5
7003853.5
7003853.5
7003853.5
7003853.4
7003853.4
7003853.4
7003853.3
7003853.3
7003853.2
7003853.1
7003853
7003853
7003852.9
7003852.9
7003852.9
7003853
7003853.1
7003853.1
7003853.2
7003853.2
7003853.2
7003853.3
7003853.3
7003853.3
7003853.4
7003853.4
7003853.7
7003853.7
7003853.7
7003853.7
7003853.7
7003853.7
7003853.7
7003853.7
7003853.7
7003853.7
7003853.7
7003853.7
7003853.7
7003853.7
7003853.7
7003853.6
7003853.6
7003853.6
7003853.6
7003853.5
7003853.5
7003853.4
7003853.3
7003853.3
7003853.2
7003853.1
7003853.1
7003853.1
7003853.1
7003853.2
7003853.3
7003853.3
7003853.4
7003853.4
7003853.4
7003853.4
7003853.5
7003853.5
7003853.5
7003853.6
7003853.8
7003853.8
7003853.8
7003853.8
7003853.8
7003853.8
7003853.8
7003853.8
7003853.8
7003853.8
7003853.8
7003853.8
7003853.8
7003853.8
7003853.8
7003853.8
7003853.8
7003853.7
7003853.7
7003853.7
7003853.6
7003853.6
7003853.5
7003853.4
7003853.4
7003853.3
7003853.3
7003853.3
7003853.3
7003853.4
7003853.4
7003853.5
7003853.5
7003853.6
7003853.6
7003853.6
7003853.6
7003853.7
7003853.7
7003853.8
7003854
7003854
7003854
7003854
7003854
7003854
7003854
7003854
7003854
7003854
7003854
7003854
7003854
7003854
7003854
7003853.9
7003853.9
7003853.9
7003853.9
7003853.8
7003853.8
7003853.7
7003853.7
7003853.6
7003853.5
7003853.5
7003853.4
7003853.4
7003853.5
7003853.5
7003853.6
7003853.7
7003853.7
7003853.7
7003853.8
7003853.8
7003853.8
7003853.9
7003853.9
7003853.9
7003854.1
7003854.1
7003854.1
7003854.1
7003854.1
7003854.1
7003854.1
7003854.1
7003854.1
7003854.1
7003854.1
7003854.1
7003854.1
7003854.1
7003854.1
7003854.1
7003854.1
7003854
7003854
7003854
7003853.9
7003853.9
7003853.8
7003853.7
7003853.7
7003853.6
7003853.6
7003853.6
7003853.6
7003853.7
7003853.8
7003853.8
7003853.9
7003853.9
7003853.9
7003854
7003854
7003854
7003854.1
7003854.1
7003854.3
7003854.3
7003854.3
7003854.3
7003854.3
7003854.3
7003854.3
7003854.3
7003854.3
7003854.3
7003854.3
7003854.3
7003854.3
7003854.3
7003854.2
7003854.2
7003854.2
7003854.2
7003854.2
7003854.1
7003854.1
7003854
7003854
7003853.9
7003853.8
7003853.8
7003853.8
7003853.8
7003853.8
7003853.9
7003853.9
7003854
7003854
7003854.1
7003854.1
7003854.1
7003854.2
7003854.2
7003854.2
7003854.3
7003854.4
7003854.4
7003854.4
7003854.4
7003854.4
7003854.4
7003854.4
7003854.4
7003854.4
7003854.4
7003854.4
7003854.4
7003854.4
7003854.4
7003854.4
7003854.4
7003854.4
7003854.3
7003854.3
7003854.3
7003854.2
7003854.2
7003854.1
7003854
7003854
7003853.9
7003853.9
7003853.9
7003854
7003854
7003854.1
7003854.2
7003854.2
7003854.2
7003854.3
7003854.3
7003854.3
7003854.4
7003854.4
7003854.5
7003854.6
7003854.6
7003854.6
7003854.6
7003854.6
7003854.6
7003854.6
7003854.6
7003854.6
7003854.6
7003854.6
7003854.6
7003854.6
7003854.5
7003854.5
7003854.5
7003854.5
7003854.5
7003854.4
7003854.4
7003854.3
7003854.3
7003854.2
7003854.2
7003854.1
7003854.1
7003854.1
7003854.1
7003854.1
7003854.2
7003854.3
7003854.3
7003854.4
7003854.4
7003854.4
7003854.5
7003854.5
7003854.6
7003854.6
7003854.6
7003854.7
7003854.7
7003854.7
7003854.7
7003854.7
7003854.7
7003854.7
7003854.7
7003854.7
7003854.7
7003854.7
7003854.7
7003854.7
7003854.7
7003854.7
7003854.7
7003854.6
7003854.6
7003854.6
7003854.5
7003854.5
7003854.4
7003854.4
7003854.3
7003854.3
7003854.3
7003854.2
7003854.3
7003854.3
7003854.4
7003854.4
7003854.5
7003854.5
7003854.6
7003854.6
7003854.6
7003854.7
7003854.7
7003854.7
7003854.8
7003854.9
7003854.9
7003854.9
7003854.9
7003854.9
7003854.9
7003854.9
7003854.9
7003854.9
7003854.9
7003854.8
7003854.8
7003854.8
7003854.8
7003854.8
7003854.8
7003854.8
7003854.7
7003854.7
7003854.7
7003854.6
7003854.6
7003854.5
7003854.5
7003854.4
7003854.4
7003854.4
7003854.4
7003854.5
7003854.5
7003854.6
7003854.6
7003854.7
7003854.7
7003854.8
7003854.8
7003854.8
7003854.9
7003854.9
7003854.9
7003855
7003855
7003855
7003855
7003855
7003855
7003855
7003855
7003855
7003855
7003855
7003855
7003855
7003855
7003854.9
7003854.9
7003854.9
7003854.9
7003854.8
7003854.8
7003854.8
7003854.7
7003854.7
7003854.6
7003854.6
7003854.6
7003854.6
7003854.6
7003854.6
7003854.7
7003854.7
7003854.8
7003854.8
7003854.9
7003854.9
7003855
7003855
7003855
7003855.1
7003855.1
7003855.1
7003855.1
7003855.1
7003855.1
7003855.1
7003855.1
7003855.1
7003855.1
7003855.1
7003855.1
7003855.1
7003855.1
7003855.1
7003855.1
7003855.1
7003855.1
7003855
7003855
7003855
7003854.9
7003854.9
7003854.8
7003854.8
7003854.8
7003854.7
7003854.7
7003854.7
7003854.7
7003854.8
7003854.8
7003854.9
7003854.9
7003855
7003855
7003855.1
7003855.1
7003855.1
7003855.2
7003855.2
7003855.3
7003855.3
7003855.3
7003855.3
7003855.3
7003855.3
7003855.3
7003855.3
7003855.3
7003855.3
7003855.3
7003855.3
7003855.2
7003855.2
7003855.2
7003855.2
7003855.2
7003855.2
7003855.1
7003855.1
7003855.1
7003855
7003855
7003854.9
7003854.9
7003854.9
7003854.8
7003854.9
7003854.9
7003854.9
7003855
7003855
7003855.1
7003855.1
7003855.2
7003855.2
7003855.3
7003855.3
7003855.3
7003855.4
7003855.4
7003855.4
7003855.4
7003855.4
7003855.4
7003855.4
7003855.4
7003855.4
7003855.4
7003855.4
7003855.4
7003855.4
7003855.4
7003855.4
7003855.3
7003855.3
7003855.3
7003855.3
7003855.3
7003855.2
7003855.2
7003855.2
7003855.1
7003855.1
7003855
7003855
7003855
7003855
7003855
7003855.1
7003855.1
7003855.2
7003855.2
7003855.3
7003855.3
7003855.4
7003855.4
7003855.4
7003855.5
7003855.5
7003855.6
7003855.5
7003855.5
7003855.5
7003855.5
7003855.5
7003855.5
7003855.5
7003855.5
7003855.5
7003855.5
7003855.5
7003855.5
7003855.5
7003855.5
7003855.5
7003855.4
7003855.4
7003855.4
7003855.4
7003855.3
7003855.3
7003855.2
7003855.2
7003855.2
7003855.1
7003855.1
7003855.1
7003855.2
7003855.2
7003855.3
7003855.3
7003855.4
7003855.4
7003855.5
7003855.5
7003855.6
7003855.6
7003855.6
7003855.7
7003855.7
7003855.7
7003855.7
7003855.7
7003855.7
7003855.7
7003855.7
7003855.7
7003855.7
7003855.6
7003855.6
7003855.6
7003855.6
7003855.6
7003855.6
7003855.6
7003855.6
7003855.5
7003855.5
7003855.5
7003855.4
7003855.4
7003855.4
7003855.3
7003855.3
7003855.3
7003855.3
7003855.3
7003855.3
7003855.4
7003855.4
7003855.5
7003855.5
7003855.6
7003855.6
7003855.7
7003855.7
7003855.7
7003855.8
7003855.8
7003855.9
7003855.8
7003855.8
7003855.8
7003855.8
7003855.8
7003855.8
7003855.8
7003855.8
7003855.8
7003855.8
7003855.8
7003855.7
7003855.7
7003855.7
7003855.7
7003855.7
7003855.7
7003855.6
7003855.6
7003855.6
7003855.5
7003855.5
7003855.5
7003855.4
7003855.4
7003855.4
7003855.4
7003855.4
7003855.5
7003855.5
7003855.6
7003855.7
7003855.7
7003855.8
7003855.8
7003855.8
7003855.9
7003855.9
7003855.9
7003856
7003855.9
7003855.9
7003855.9
7003855.9
7003855.9
7003855.9
7003855.9
7003855.9
7003855.9
7003855.9
7003855.9
7003855.9
7003855.9
7003855.8
7003855.8
7003855.8
7003855.8
7003855.7
7003855.7
7003855.7
7003855.6
7003855.6
7003855.6
7003855.6
7003855.5
7003855.5
7003855.5
7003855.6
7003855.6
7003855.7
7003855.7
7003855.8
7003855.8
7003855.9
7003855.9
7003856
7003856
7003856.1
7003856.1
7003856.1
7003856
7003856
7003856
7003856
7003856
7003856
7003856
7003856
7003856
7003856
7003856
7003856
7003856
7003856
7003855.9
7003855.9
7003855.9
7003855.9
7003855.8
7003855.8
7003855.8
7003855.7
7003855.7
7003855.7
7003855.7
7003855.7
7003855.7
7003855.7
7003855.8
7003855.8
7003855.9
7003855.9
7003856
7003856
7003856.1
7003856.1
7003856.1
7003856.2
7003856.2
7003856.3
7003856.2
7003856.2
7003856.2
7003856.2
7003856.1
7003856.1
7003856.1
7003856.1
7003856.1
7003856.1
7003856.1
7003856.1
7003856.1
7003856.1
7003856.1
7003856
7003856
7003856
7003856
7003855.9
7003855.9
7003855.9
7003855.8
7003855.8
7003855.8
7003855.8
7003855.8
7003855.8
7003855.9
7003855.9
7003856
7003856.1
7003856.1
7003856.2
7003856.2
7003856.2
7003856.3
7003856.3
7003856.4
7003856.4
7003856.3
7003856.3
7003856.3
7003856.3
7003856.3
7003856.3
7003856.3
7003856.2
7003856.2
7003856.2
7003856.2
7003856.2
7003856.2
7003856.2
7003856.2
7003856.1
7003856.1
7003856.1
7003856.1
7003856
7003856
7003856
7003855.9
7003855.9
7003855.9
7003855.9
7003855.9
7003856
7003856
7003856.1
7003856.1
7003856.2
7003856.2
7003856.3
7003856.3
7003856.4
7003856.4
7003856.5
7003856.5
7003856.5
7003856.4
7003856.4
7003856.4
7003856.4
7003856.4
7003856.4
7003856.4
7003856.4
7003856.4
7003856.3
7003856.3
7003856.3
7003856.3
7003856.3
7003856.3
7003856.3
7003856.2
7003856.2
7003856.2
7003856.1
7003856.1
7003856.1
7003856.1
7003856
7003856
7003856
7003856.1
7003856.1
7003856.1
7003856.2
7003856.3
7003856.3
7003856.4
7003856.4
7003856.5
7003856.5
7003856.5
7003856.6
7003856.6
7003856.7
7003856.5
7003856.5
7003856.5
7003856.5
7003856.5
7003856.5
7003856.5
7003856.5
7003856.5
7003856.5
7003856.4
7003856.4
7003856.4
7003856.4
7003856.4
7003856.4
7003856.3
7003856.3
7003856.3
7003856.3
7003856.2
7003856.2
7003856.2
7003856.2
7003856.2
7003856.2
7003856.2
7003856.2
7003856.3
7003856.3
7003856.4
7003856.4
7003856.5
7003856.5
7003856.6
7003856.6
7003856.7
7003856.7
7003856.7
7003856.8
7003856.6
7003856.6
7003856.6
7003856.6
7003856.6
7003856.6
7003856.6
7003856.6
7003856.6
7003856.6
7003856.6
7003856.5
7003856.5
7003856.5
7003856.5
7003856.5
7003856.4
7003856.4
7003856.4
7003856.4
7003856.3
7003856.3
7003856.3
7003856.3
7003856.3
7003856.3
7003856.3
7003856.3
7003856.4
7003856.4
7003856.5
7003856.6
7003856.6
7003856.7
7003856.7
7003856.7
7003856.8
7003856.8
7003856.9
7003856.9
7003856.7
7003856.7
7003856.7
7003856.7
7003856.7
7003856.7
7003856.7
7003856.7
7003856.7
7003856.7
7003856.7
7003856.6
7003856.6
7003856.6
7003856.6
7003856.6
7003856.5
7003856.5
7003856.5
7003856.5
7003856.4
7003856.4
7003856.4
7003856.4
7003856.4
7003856.4
7003856.4
7003856.5
7003856.5
7003856.6
7003856.6
7003856.7
7003856.7
7003856.8
7003856.8
7003856.9
7003856.9
7003857
7003857
7003857
7003856.8
7003856.8
7003856.8
7003856.8
7003856.8
7003856.8
7003856.8
7003856.8
7003856.8
7003856.8
7003856.8
7003856.7
7003856.7
7003856.7
7003856.7
7003856.7
7003856.6
7003856.6
7003856.6
7003856.6
7003856.5
7003856.5
7003856.5
7003856.5
7003856.5
7003856.5
7003856.5
7003856.6
7003856.6
7003856.7
7003856.7
7003856.8
7003856.8
7003856.9
7003856.9
7003857
7003857
7003857.1
7003857.1
7003857.1
7003856.9
7003856.9
7003856.9
7003856.9
7003856.9
7003856.9
7003856.9
7003856.9
7003856.9
7003856.9
7003856.9
7003856.8
7003856.8
7003856.8
7003856.8
7003856.8
7003856.7
7003856.7
7003856.7
7003856.7
7003856.6
7003856.6
7003856.6
7003856.6
7003856.6
7003856.6
7003856.6
7003856.7
7003856.7
7003856.8
7003856.8
7003856.9
7003857
7003857
7003857
7003857.1
7003857.1
7003857.2
7003857.2
7003857.3
7003857
7003857
7003857
7003857
7003857
7003857
7003857
7003857
7003857
7003857
7003857
7003856.9
7003856.9
7003856.9
7003856.9
7003856.9
7003856.8
7003856.8
7003856.8
7003856.8
7003856.7
7003856.7
7003856.7
7003856.7
7003856.7
7003856.7
7003856.7
7003856.8
7003856.8
7003856.9
7003857
7003857
7003857.1
7003857.1
7003857.2
7003857.2
7003857.2
7003857.3
7003857.3
7003857.4
7003857.1
7003857.1
7003857.1
7003857.1
7003857.1
7003857.1
7003857.1
7003857.1
7003857.1
7003857.1
7003857.1
7003857
7003857
7003857
7003857
7003857
7003856.9
7003856.9
7003856.9
7003856.9
7003856.8
7003856.8
7003856.8
7003856.8
7003856.8
7003856.8
7003856.9
7003856.9
7003856.9
7003857
7003857.1
7003857.1
7003857.2
7003857.2
7003857.3
7003857.3
7003857.4
7003857.4
7003857.4
7003857.5
7003857.2
7003857.2
7003857.2
7003857.2
7003857.2
7003857.2
7003857.2
7003857.2
7003857.2
7003857.2
7003857.1
7003857.1
7003857.1
7003857.1
7003857.1
7003857.1
7003857
7003857
7003857
7003857
7003856.9
7003856.9
7003856.9
7003856.9
7003856.9
7003856.9
7003857
7003857
7003857.1
7003857.1
7003857.2
7003857.2
7003857.3
7003857.3
7003857.4
7003857.4
7003857.5
7003857.5
7003857.5
7003857.6
7003857.3
7003857.3
7003857.3
7003857.3
7003857.3
7003857.3
7003857.3
7003857.3
7003857.3
7003857.2
7003857.2
7003857.2
7003857.2
7003857.2
7003857.2
7003857.1
7003857.1
7003857.1
7003857.1
7003857.1
7003857
7003857
7003857
7003857
7003857
7003857
7003857.1
7003857.1
7003857.2
7003857.2
7003857.3
7003857.3
7003857.4
7003857.4
7003857.5
7003857.5
7003857.6
7003857.6
7003857.6
7003857.7
7003857.4
7003857.4
7003857.4
7003857.4
7003857.4
7003857.4
7003857.4
7003857.4
7003857.3
7003857.3
7003857.3
7003857.3
7003857.3
7003857.3
7003857.3
7003857.2
7003857.2
7003857.2
7003857.2
7003857.1
7003857.1
7003857.1
7003857.1
7003857.1
7003857.1
7003857.1
7003857.2
7003857.2
7003857.3
7003857.3
7003857.4
7003857.4
7003857.5
7003857.5
7003857.6
7003857.6
7003857.7
7003857.7
7003857.7
7003857.8
7003857.5
7003857.5
7003857.5
7003857.5
7003857.5
7003857.5
7003857.5
7003857.4
7003857.4
7003857.4
7003857.4
7003857.4
7003857.4
7003857.4
7003857.3
7003857.3
7003857.3
7003857.3
7003857.3
7003857.2
7003857.2
7003857.2
7003857.2
7003857.2
7003857.2
7003857.2
7003857.3
7003857.3
7003857.3
7003857.4
7003857.5
7003857.5
7003857.6
7003857.6
7003857.7
7003857.7
7003857.8
7003857.8
7003857.8
7003857.9
7003857.6
7003857.6
7003857.6
7003857.6
7003857.6
7003857.5
7003857.5
7003857.5
7003857.5
7003857.5
7003857.5
7003857.5
7003857.5
7003857.4
7003857.4
7003857.4
7003857.4
7003857.4
7003857.3
7003857.3
7003857.3
7003857.3
7003857.3
7003857.3
7003857.3
7003857.3
7003857.4
7003857.4
7003857.4
7003857.5
7003857.6
7003857.6
7003857.7
7003857.7
7003857.8
7003857.8
7003857.9
7003857.9
7003857.9
7003858
7003857.6
7003857.6
7003857.6
7003857.6
7003857.6
7003857.6
7003857.6
7003857.6
7003857.6
7003857.6
7003857.6
7003857.6
7003857.5
7003857.5
7003857.5
7003857.5
7003857.5
7003857.4
7003857.4
7003857.4
7003857.4
7003857.4
7003857.4
7003857.4
7003857.4
7003857.4
7003857.4
7003857.5
7003857.5
7003857.6
7003857.6
7003857.7
7003857.8
7003857.8
7003857.9
7003857.9
7003858
7003858
7003858
7003858.1
7003857.7
7003857.7
7003857.7
7003857.7
7003857.7
7003857.7
7003857.7
7003857.7
7003857.7
7003857.7
7003857.7
7003857.6
7003857.6
7003857.6
7003857.6
7003857.6
7003857.5
7003857.5
7003857.5
7003857.5
7003857.5
7003857.5
7003857.5
7003857.5
7003857.5
7003857.5
7003857.5
7003857.6
7003857.6
7003857.7
7003857.7
7003857.8
7003857.8
7003857.9
7003858
7003858
7003858
7003858.1
7003858.1
7003858.2
7003857.8
7003857.8
7003857.8
7003857.8
7003857.8
7003857.8
7003857.8
7003857.8
7003857.8
7003857.7
7003857.7
7003857.7
7003857.7
7003857.7
7003857.7
7003857.6
7003857.6
7003857.6
7003857.6
7003857.6
7003857.6
7003857.5
7003857.5
7003857.5
7003857.6
7003857.6
7003857.6
7003857.7
7003857.7
7003857.8
7003857.8
7003857.9
7003857.9
7003858
7003858
7003858.1
7003858.1
7003858.2
7003858.2
7003858.3
7003857.9
7003857.9
7003857.9
7003857.9
7003857.9
7003857.9
7003857.9
7003857.8
7003857.8
7003857.8
7003857.8
7003857.8
7003857.8
7003857.8
7003857.7
7003857.7
7003857.7
7003857.7
7003857.7
7003857.6
7003857.6
7003857.6
7003857.6
7003857.6
7003857.6
7003857.7
7003857.7
7003857.7
7003857.8
7003857.9
7003857.9
7003858
7003858
7003858.1
7003858.1
7003858.2
7003858.2
7003858.3
7003858.3
7003858.3
7003858
7003858
7003858
7003857.9
7003857.9
7003857.9
7003857.9
7003857.9
7003857.9
7003857.9
7003857.9
7003857.9
7003857.8
7003857.8
7003857.8
7003857.8
7003857.8
7003857.8
7003857.7
7003857.7
7003857.7
7003857.7
7003857.7
7003857.7
7003857.7
7003857.7
7003857.8
7003857.8
7003857.9
7003857.9
7003858
7003858
7003858.1
7003858.2
7003858.2
7003858.3
7003858.3
7003858.4
7003858.4
7003858.4
7003858
7003858
7003858
7003858
7003858
7003858
7003858
7003858
7003858
7003858
7003858
7003857.9
7003857.9
7003857.9
7003857.9
7003857.9
7003857.8
7003857.8
7003857.8
7003857.8
7003857.8
7003857.8
7003857.8
7003857.8
7003857.8
7003857.8
7003857.9
7003857.9
7003858
7003858
7003858.1
7003858.1
7003858.2
7003858.2
7003858.3
7003858.3
7003858.4
7003858.4
7003858.5
7003858.5
7003858.1
7003858.1
7003858.1
7003858.1
7003858.1
7003858.1
7003858.1
7003858.1
7003858
7003858
7003858
7003858
7003858
7003858
7003858
7003857.9
7003857.9
7003857.9
7003857.9
7003857.9
7003857.9
7003857.9
7003857.9
7003857.9
7003857.9
7003857.9
7003857.9
7003858
7003858
7003858.1
7003858.1
7003858.2
7003858.3
7003858.3
7003858.4
7003858.4
7003858.5
7003858.5
7003858.5
7003858.6
7003858.2
7003858.2
7003858.2
7003858.2
7003858.1
7003858.1
7003858.1
7003858.1
7003858.1
7003858.1
7003858.1
7003858.1
7003858.1
7003858
7003858
7003858
7003858
7003858
7003857.9
7003857.9
7003857.9
7003857.9
7003857.9
7003857.9
7003857.9
7003858
7003858
7003858.1
7003858.1
7003858.2
7003858.2
7003858.3
7003858.3
7003858.4
7003858.4
7003858.5
7003858.5
7003858.6
7003858.6
7003858.7
7003858.2
7003858.2
7003858.2
7003858.2
7003858.2
7003858.2
7003858.2
7003858.2
7003858.2
7003858.2
7003858.2
7003858.1
7003858.1
7003858.1
7003858.1
7003858.1
7003858
7003858
7003858
7003858
7003858
7003858
7003858
7003858
7003858
7003858
7003858.1
7003858.1
7003858.2
7003858.2
7003858.3
7003858.3
7003858.4
7003858.5
7003858.5
7003858.6
7003858.6
7003858.7
7003858.7
7003858.7
7003858.3
7003858.3
7003858.3
7003858.3
7003858.3
7003858.3
7003858.3
7003858.3
7003858.2
7003858.2
7003858.2
7003858.2
7003858.2
7003858.2
7003858.1
7003858.1
7003858.1
7003858.1
7003858.1
7003858.1
7003858.1
7003858.1
7003858.1
7003858.1
7003858.1
7003858.1
7003858.2
7003858.2
7003858.2
7003858.3
7003858.4
7003858.4
7003858.5
7003858.5
7003858.6
7003858.6
7003858.7
7003858.7
7003858.8
7003858.8
7003858.4
7003858.3
7003858.3
7003858.3
7003858.3
7003858.3
7003858.3
7003858.3
7003858.3
7003858.3
7003858.3
7003858.3
7003858.2
7003858.2
7003858.2
7003858.2
7003858.2
7003858.2
7003858.1
7003858.1
7003858.1
7003858.1
7003858.1
7003858.1
7003858.2
7003858.2
7003858.2
7003858.3
7003858.3
7003858.4
7003858.4
7003858.5
7003858.5
7003858.6
7003858.6
7003858.7
7003858.7
7003858.8
7003858.8
7003858.9
7003858.4
7003858.4
7003858.4
7003858.4
7003858.4
7003858.4
7003858.4
7003858.4
7003858.4
7003858.3
7003858.3
7003858.3
7003858.3
7003858.3
7003858.3
7003858.2
7003858.2
7003858.2
7003858.2
7003858.2
7003858.2
7003858.2
7003858.2
7003858.2
7003858.2
7003858.2
7003858.3
7003858.3
7003858.4
7003858.4
7003858.5
7003858.5
7003858.6
7003858.7
7003858.7
7003858.8
7003858.8
7003858.9
7003858.9
7003858.9
7003858.5
7003858.5
7003858.5
7003858.5
7003858.5
7003858.4
7003858.4
7003858.4
7003858.4
7003858.4
7003858.4
7003858.4
7003858.4
7003858.3
7003858.3
7003858.3
7003858.3
7003858.3
7003858.3
7003858.2
7003858.2
7003858.2
7003858.2
7003858.3
7003858.3
7003858.3
7003858.3
7003858.4
7003858.4
7003858.5
7003858.6
7003858.6
7003858.7
7003858.7
7003858.8
7003858.8
7003858.9
7003858.9
7003859
7003859
7003858.5
7003858.5
7003858.5
7003858.5
7003858.5
7003858.5
7003858.5
7003858.5
7003858.5
7003858.5
7003858.4
7003858.4
7003858.4
7003858.4
7003858.4
7003858.4
7003858.3
7003858.3
7003858.3
7003858.3
7003858.3
7003858.3
7003858.3
7003858.3
7003858.3
7003858.4
7003858.4
7003858.5
7003858.5
7003858.6
7003858.6
7003858.7
7003858.7
7003858.8
7003858.8
7003858.9
7003858.9
7003859
7003859
7003859.1
7003858.6
7003858.6
7003858.6
7003858.6
7003858.6
7003858.5
7003858.5
7003858.5
7003858.5
7003858.5
7003858.5
7003858.5
7003858.5
7003858.4
7003858.4
7003858.4
7003858.4
7003858.4
7003858.4
7003858.4
7003858.3
7003858.3
7003858.4
7003858.4
7003858.4
7003858.4
7003858.5
7003858.5
7003858.6
7003858.6
7003858.7
7003858.7
7003858.8
7003858.8
7003858.9
7003858.9
7003859
7003859
7003859.1
7003859.1
7003858.6
7003858.6
7003858.6
7003858.6
7003858.6
7003858.6
7003858.6
7003858.6
7003858.6
7003858.6
7003858.5
7003858.5
7003858.5
7003858.5
7003858.5
7003858.5
7003858.4
7003858.4
7003858.4
7003858.4
7003858.4
7003858.4
7003858.4
7003858.4
7003858.4
7003858.5
7003858.5
7003858.6
7003858.6
7003858.7
7003858.7
7003858.8
7003858.8
7003858.9
7003858.9
7003859
7003859
7003859.1
7003859.1
7003859.2
7003858.7
7003858.7
7003858.7
7003858.7
7003858.7
7003858.6
7003858.6
7003858.6
7003858.6
7003858.6
7003858.6
7003858.6
7003858.6
7003858.5
7003858.5
7003858.5
7003858.5
7003858.5
7003858.5
7003858.5
7003858.4
7003858.5
7003858.5
7003858.5
7003858.5
7003858.5
7003858.6
7003858.6
7003858.7
7003858.7
7003858.8
7003858.8
7003858.9
7003858.9
7003859
7003859
7003859.1
7003859.1
7003859.2
7003859.2
7003858.7
7003858.7
7003858.7
7003858.7
7003858.7
7003858.7
7003858.7
7003858.7
7003858.7
7003858.6
7003858.6
7003858.6
7003858.6
7003858.6
7003858.6
7003858.5
7003858.5
7003858.5
7003858.5
7003858.5
7003858.5
7003858.5
7003858.5
7003858.5
7003858.5
7003858.6
7003858.6
7003858.7
7003858.7
7003858.8
7003858.8
7003858.9
7003858.9
7003859
7003859
7003859.1
7003859.1
7003859.2
7003859.2
7003859.3
7003858.8
7003858.8
7003858.7
7003858.7
7003858.7
7003858.7
7003858.7
7003858.7
7003858.7
7003858.7
7003858.7
7003858.7
7003858.6
7003858.6
7003858.6
7003858.6
7003858.6
7003858.6
7003858.6
7003858.5
7003858.5
7003858.5
7003858.6
7003858.6
7003858.6
7003858.6
7003858.7
7003858.7
7003858.8
7003858.8
7003858.9
7003858.9
7003859
7003859
7003859.1
7003859.1
7003859.2
7003859.2
7003859.3
7003859.3
7003858.8
7003858.8
7003858.8
7003858.8
7003858.8
7003858.8
7003858.8
7003858.8
7003858.7
7003858.7
7003858.7
7003858.7
7003858.7
7003858.7
7003858.6
7003858.6
7003858.6
7003858.6
7003858.6
7003858.6
7003858.6
7003858.6
7003858.6
7003858.6
7003858.6
7003858.7
7003858.7
7003858.8
7003858.8
7003858.9
7003858.9
7003859
7003859
7003859.1
7003859.1
7003859.2
7003859.2
7003859.3
7003859.3
7003859.4
7003858.8
7003858.8
7003858.8
7003858.8
7003858.8
7003858.8
7003858.8
7003858.8
7003858.8
7003858.8
7003858.7
7003858.7
7003858.7
7003858.7
7003858.7
7003858.7
7003858.7
7003858.6
7003858.6
7003858.6
7003858.6
7003858.6
7003858.6
7003858.7
7003858.7
7003858.7
7003858.8
7003858.8
7003858.8
7003858.9
7003859
7003859
7003859.1
7003859.1
7003859.2
7003859.2
7003859.3
7003859.3
7003859.4
7003859.4
7003858.9
7003858.9
7003858.9
7003858.9
7003858.9
7003858.8
7003858.8
7003858.8
7003858.8
7003858.8
7003858.8
7003858.8
7003858.8
7003858.7
7003858.7
7003858.7
7003858.7
7003858.7
7003858.7
7003858.7
7003858.7
7003858.7
7003858.7
7003858.7
7003858.7
7003858.8
7003858.8
7003858.8
7003858.9
7003858.9
7003859
7003859.1
7003859.1
7003859.2
7003859.2
7003859.3
7003859.3
7003859.4
7003859.4
7003859.5
7003858.9
7003858.9
7003858.9
7003858.9
7003858.9
7003858.9
7003858.9
7003858.9
7003858.8
7003858.8
7003858.8
7003858.8
7003858.8
7003858.8
7003858.8
7003858.7
7003858.7
7003858.7
7003858.7
7003858.7
7003858.7
7003858.7
7003858.7
7003858.7
7003858.8
7003858.8
7003858.8
7003858.9
7003858.9
7003859
7003859
7003859.1
7003859.1
7003859.2
7003859.3
7003859.3
7003859.4
7003859.4
7003859.4
7003859.5
7003858.9
7003858.9
7003858.9
7003858.9
7003858.9
7003858.9
7003858.9
7003858.9
7003858.9
7003858.9
7003858.8
7003858.8
7003858.8
7003858.8
7003858.8
7003858.8
7003858.8
7003858.7
7003858.7
7003858.7
7003858.7
7003858.7
7003858.7
7003858.8
7003858.8
7003858.8
7003858.9
7003858.9
7003859
7003859
7003859.1
7003859.1
7003859.2
7003859.2
7003859.3
7003859.3
7003859.4
7003859.4
7003859.5
7003859.5
7003859
7003859
7003859
7003859
7003858.9
7003858.9
7003858.9
7003858.9
7003858.9
7003858.9
7003858.9
7003858.9
7003858.8
7003858.8
7003858.8
7003858.8
7003858.8
7003858.8
7003858.8
7003858.8
7003858.8
7003858.8
7003858.8
7003858.8
7003858.8
7003858.9
7003858.9
7003858.9
7003859
7003859
7003859.1
7003859.2
7003859.2
7003859.3
7003859.3
7003859.4
7003859.4
7003859.5
7003859.5
7003859.6
7003859
7003859
7003859
7003859
7003859
7003859
7003859
7003858.9
7003858.9
7003858.9
7003858.9
7003858.9
7003858.9
7003858.9
7003858.8
7003858.8
7003858.8
7003858.8
7003858.8
7003858.8
7003858.8
7003858.8
7003858.8
7003858.8
7003858.8
7003858.9
7003858.9
7003859
7003859
7003859.1
7003859.1
7003859.2
7003859.2
7003859.3
7003859.4
7003859.4
7003859.4
7003859.5
7003859.5
7003859.6
7003859
7003859
7003859
7003859
7003859
7003859
7003859
7003859
7003859
7003858.9
7003858.9
7003858.9
7003858.9
7003858.9
7003858.9
7003858.8
7003858.8
7003858.8
7003858.8
7003858.8
7003858.8
7003858.8
7003858.8
7003858.9
7003858.9
7003858.9
7003859
7003859
7003859
7003859.1
7003859.2
7003859.2
7003859.3
7003859.3
7003859.4
7003859.4
7003859.5
7003859.5
7003859.6
7003859.6
7003859
7003859
7003859
7003859
7003859
7003859
7003859
7003859
7003859
7003859
7003858.9
7003858.9
7003858.9
7003858.9
7003858.9
7003858.9
7003858.9
7003858.8
7003858.8
7003858.8
7003858.8
7003858.8
7003858.9
7003858.9
7003858.9
7003858.9
7003859
7003859
7003859.1
7003859.1
7003859.2
7003859.2
7003859.3
7003859.4
7003859.4
7003859.5
7003859.5
7003859.6
7003859.6
7003859.6
7003859.1
7003859.1
7003859
7003859
7003859
7003859
7003859
7003859
7003859
7003859
7003859
7003859
7003858.9
7003858.9
7003858.9
7003858.9
7003858.9
7003858.9
7003858.9
7003858.9
7003858.9
7003858.9
7003858.9
7003858.9
7003858.9
7003859
7003859
7003859
7003859.1
7003859.1
7003859.2
7003859.3
7003859.3
7003859.4
7003859.4
7003859.5
7003859.5
7003859.6
7003859.6
7003859.7
7003859.1
7003859.1
7003859.1
7003859.1
7003859.1
7003859
7003859
7003859
7003859
7003859
7003859
7003859
7003859
7003858.9
7003858.9
7003858.9
7003858.9
7003858.9
7003858.9
7003858.9
7003858.9
7003858.9
7003858.9
7003858.9
7003858.9
7003859
7003859
7003859.1
7003859.1
7003859.2
7003859.2
7003859.3
7003859.3
7003859.4
7003859.4
7003859.5
7003859.5
7003859.6
7003859.6
7003859.7
7003859.1
7003859.1
7003859.1
7003859.1
7003859.1
7003859.1
7003859.1
7003859
7003859
7003859
7003859
7003859
7003859
7003859
7003858.9
7003858.9
7003858.9
7003858.9
7003858.9
7003858.9
7003858.9
7003858.9
7003858.9
7003858.9
7003859
7003859
7003859
7003859.1
7003859.1
7003859.2
7003859.2
7003859.3
7003859.4
7003859.4
7003859.5
7003859.5
7003859.6
7003859.6
7003859.6
7003859.7
7003859.1
7003859.1
7003859.1
7003859.1
7003859.1
7003859.1
7003859.1
7003859.1
7003859
7003859
7003859
7003859
7003859
7003859
7003859
7003858.9
7003858.9
7003858.9
7003858.9
7003858.9
7003858.9
7003858.9
7003858.9
7003858.9
7003859
7003859
7003859
7003859.1
7003859.1
7003859.2
7003859.3
7003859.3
7003859.4
7003859.4
7003859.5
7003859.5
7003859.6
7003859.6
7003859.7
7003859.7
7003859.1
7003859.1
7003859.1
7003859.1
7003859.1
7003859.1
7003859.1
7003859.1
7003859.1
7003859
7003859
7003859
7003859
7003859
7003859
7003858.9
7003858.9
7003858.9
7003858.9
7003858.9
7003858.9
7003858.9
7003858.9
7003859
7003859
7003859
7003859.1
7003859.1
7003859.2
7003859.2
7003859.3
7003859.3
7003859.4
7003859.4
7003859.5
7003859.5
7003859.6
7003859.6
7003859.7
7003859.7
7003859.1
7003859.1
7003859.1
7003859.1
7003859.1
7003859.1
7003859.1
7003859.1
7003859.1
7003859
7003859
7003859
7003859
7003859
7003859
7003859
7003858.9
7003858.9
7003858.9
7003858.9
7003858.9
7003858.9
7003858.9
7003859
7003859
7003859
7003859.1
7003859.1
7003859.2
7003859.2
7003859.3
7003859.3
7003859.4
7003859.4
7003859.5
7003859.6
7003859.6
7003859.6
7003859.7
7003859.7
7003859.1
7003859.1
7003859.1
7003859.1
7003859.1
7003859.1
7003859.1
7003859.1
7003859.1
7003859.1
7003859
7003859
7003859
7003859
7003859
7003859
7003859
7003858.9
7003858.9
7003858.9
7003858.9
7003858.9
7003859
7003859
7003859
7003859
7003859.1
7003859.1
7003859.2
7003859.2
7003859.3
7003859.3
7003859.4
7003859.5
7003859.5
7003859.6
7003859.6
7003859.7
7003859.7
7003859.7
7003859.1
7003859.1
7003859.1
7003859.1
7003859.1
7003859.1
7003859.1
7003859.1
7003859.1
7003859.1
7003859
7003859
7003859
7003859
7003859
7003859
7003859
7003858.9
7003858.9
7003858.9
7003858.9
7003858.9
7003859
7003859
7003859
7003859
7003859.1
7003859.1
7003859.2
7003859.2
7003859.3
7003859.3
7003859.4
7003859.5
7003859.5
7003859.6
7003859.6
7003859.7
7003859.7
7003859.7
7003859.1
7003859.1
7003859.1
7003859.1
7003859.1
7003859.1
7003859.1
7003859.1
7003859.1
7003859.1
7003859
7003859
7003859
7003859
7003859
7003859
7003859
7003859
7003858.9
7003858.9
7003858.9
7003858.9
7003859
7003859
7003859
7003859
7003859.1
7003859.1
7003859.2
7003859.2
7003859.3
7003859.4
7003859.4
7003859.5
7003859.5
7003859.6
7003859.6
7003859.7
7003859.7
7003859.7
7003859.1
7003859.1
7003859.1
7003859.1
7003859.1
7003859.1
7003859.1
7003859.1
7003859.1
7003859.1
7003859
7003859
7003859
7003859
7003859
7003859
7003859
7003858.9
7003858.9
7003858.9
7003858.9
7003858.9
7003859
7003859
7003859
7003859
7003859.1
7003859.1
7003859.2
7003859.2
7003859.3
7003859.3
7003859.4
7003859.5
7003859.5
7003859.6
7003859.6
7003859.7
7003859.7
7003859.7
)
;

boundaryField
{
    piston
    {
        type            zeroGradient;
    }
    cylinderHead
    {
        type            zeroGradient;
    }
    cylinderWall
    {
        type            zeroGradient;
    }
    wedgeFront
    {
        type            wedge;
    }
    wedgeBack
    {
        type            wedge;
    }
    axis
    {
        type            empty;
    }
}


// ************************************************************************* //
