/*--------------------------------*- C++ -*----------------------------------*\
  =========                 |
  \\      /  F ield         | OpenFOAM: The Open Source CFD Toolbox
   \\    /   O peration     | Website:  https://openfoam.org
    \\  /    A nd           | Version:  13
     \\/     M anipulation  |
\*---------------------------------------------------------------------------*/
FoamFile
{
    format      ascii;
    class       volScalarField;
    location    "27";
    object      rho;
}
// * * * * * * * * * * * * * * * * * * * * * * * * * * * * * * * * * * * * * //

dimensions      [1 -3 0 0 0 0 0];

internalField   nonuniform List<scalar> 
4800
(
12.980316
12.983542
12.983799
12.984092
12.984579
12.985231
12.986122
12.987231
12.988695
12.990557
12.992906
12.99595
12.99989
13.004986
13.011702
13.020649
13.032692
13.049047
13.071211
13.099995
13.13049
13.13552
13.049114
12.867559
12.765572
12.951918
13.751736
14.748455
14.772274
13.864738
13.06195
12.619919
12.540928
12.569337
12.574234
12.434894
12.1076
11.681022
11.213121
10.813928
10.066891
10.069816
10.070115
10.07036
10.070781
10.071354
10.072131
10.073105
10.074379
10.075995
10.078033
10.080664
10.084059
10.088449
10.094223
10.101906
10.112242
10.126267
10.145212
10.169524
10.193523
10.19164
10.110265
9.9689156
9.9282938
10.176542
10.921901
11.734878
11.678461
10.784734
10.073331
9.7419361
9.6968431
9.7214672
9.7203828
9.6116838
9.3793918
9.090201
8.7932108
8.5926784
8.6062659
8.6087223
8.6090398
8.6092083
8.6095173
8.6099496
8.6105396
8.6112847
8.6122561
8.6134882
8.6150484
8.6170605
8.6196597
8.6230302
8.6274729
8.6334002
8.6414017
8.6522999
8.6670424
8.6857654
8.7026707
8.6952608
8.6242612
8.5284125
8.5514102
8.8629113
9.5303123
10.116642
9.9415333
9.1076539
8.5285517
8.3127624
8.2928694
8.3175038
8.31691
8.2439736
8.0999155
7.9328079
7.8165037
7.8012135
7.8690246
7.8709368
7.8712419
7.871327
7.8715058
7.8717736
7.8721472
7.8726244
7.8732489
7.8740447
7.8750589
7.876373
7.8780792
7.8803065
7.8832603
7.8872274
7.8926202
7.900015
7.9100415
7.9225332
7.9321375
7.9201377
7.860825
7.8033377
7.8778776
8.2132289
8.7748151
9.1420885
8.883191
8.1606212
7.723086
7.5986397
7.5965853
7.6247023
7.6297089
7.5893987
7.5127786
7.4450029
7.417283
7.4982779
7.4930962
7.4944873
7.4947612
7.4947722
7.4948323
7.4949473
7.4951207
7.495348
7.4956512
7.4960428
7.4965496
7.4972167
7.4980956
7.4992611
7.5008308
7.5029718
7.505926
7.510031
7.5156
7.522159
7.5246364
7.5076398
7.4570321
7.427264
7.5341484
7.8537509
8.2978504
8.4994646
8.205378
7.6110045
7.3018678
7.2342722
7.246251
7.2791893
7.2919672
7.2780513
7.2501211
7.2307465
7.2463704
7.3829288
7.3102517
7.3111132
7.3113167
7.3112748
7.3112459
7.3112392
7.3112506
7.3112724
7.3113108
7.3113671
7.3114484
7.3115686
7.311741
7.3119858
7.312335
7.3128298
7.3135191
7.314429
7.3153922
7.3152178
7.3089486
7.2852819
7.2399697
7.2266678
7.3466899
7.637324
7.9613099
8.0526788
7.7584624
7.2868724
7.0789085
7.0468874
7.0713963
7.1064672
7.126974
7.1321048
7.1299643
7.1352556
7.1716751
7.3402364
7.2242851
7.2248385
7.2249935
7.2249258
7.2248522
7.2247826
7.2247092
7.2246228
7.2245215
7.2244003
7.2242556
7.2240842
7.2238786
7.2236283
7.223318
7.2229181
7.2223674
7.2215068
7.2198909
7.2158181
7.2043174
7.1738757
7.1236953
7.1161198
7.2335756
7.4864226
7.7108147
7.7325983
7.4571357
7.0939502
6.9586448
6.950197
6.9882577
7.0234193
7.0474345
7.0631827
7.0754478
7.0933236
7.1379338
7.3247489
7.1856252
7.1859883
7.1861062
7.1860296
7.1859382
7.1858407
7.1857285
7.185592
7.1854252
7.1852202
7.1849677
7.1846556
7.1842658
7.1837714
7.1831318
7.1822795
7.181092
7.1793059
7.1762979
7.1703202
7.1563499
7.1220139
7.0656774
7.0529559
7.1606035
7.3703819
7.5205169
7.4990196
7.2515866
6.9771151
6.8917373
6.9028382
6.9507328
6.9849711
7.0095156
7.0310248
7.051735
7.07564
7.1218133
7.3190006
7.1698553
7.1700954
7.1701833
7.1701082
7.1700153
7.1699115
7.1697887
7.1696375
7.1694506
7.169219
7.1689311
7.1685712
7.1681164
7.1675331
7.1667694
7.1657404
7.1642934
7.162125
7.1585423
7.1518965
7.1366849
7.1000363
7.0381794
7.0166062
7.1072375
7.276632
7.3747568
7.3263632
7.1096448
6.9045184
6.8528449
6.8810588
6.9361846
6.9692258
6.9925009
7.0166874
7.0424242
7.0689424
7.1130906
7.3166234
7.164552
7.1647166
7.1647831
7.1647135
7.1646258
7.1645255
7.1644051
7.1642562
7.1640711
7.1638408
7.1635534
7.1631921
7.1627332
7.1621411
7.1613611
7.1603032
7.1588029
7.1565564
7.1529417
7.1461661
7.1305224
7.0925601
7.0263214
6.9939807
7.0651276
7.1996414
7.2616432
7.1978628
7.010451
6.8576072
6.8292024
6.8725781
6.9325517
6.9647588
6.9860999
7.0110572
7.0396348
7.0671363
7.1071534
7.3154542
7.1634488
7.1635797
7.1636356
7.1635699
7.1634867
7.1633904
7.1632742
7.1631301
7.1629506
7.162727
7.1624473
7.162095
7.1616465
7.1610663
7.1602997
7.1592566
7.1577678
7.1555573
7.1520238
7.1453246
7.1296482
7.0911459
7.0226292
6.979112
7.0305771
7.1358332
7.1730683
7.1015518
6.9400867
6.8257835
6.8137923
6.8705802
6.9362576
6.9659448
6.9847211
7.0095663
7.0393908
7.0677476
7.1025037
7.3145432
7.1652963
7.1653643
7.1653966
7.1653468
7.1652831
7.165208
7.1651164
7.1650023
7.1648596
7.1646813
7.1644572
7.1641735
7.1638103
7.1633372
7.1627071
7.1618388
7.1605944
7.1587573
7.1557013
7.1496438
7.1347065
7.0960734
7.0231596
6.9692228
7.001539
7.0828484
7.1031732
7.0287999
6.889273
6.8029259
6.8030932
6.8731982
6.9483242
6.9760849
6.988799
7.0109539
7.0426574
7.0712187
7.0986877
7.3136611
7.1681075
7.1681426
7.1681604
7.1681249
7.1680794
7.168025
7.1679582
7.1678749
7.1677704
7.1676396
7.1674747
7.1672653
7.1669958
7.166643
7.1661698
7.1655091
7.1645795
7.1631589
7.1607143
7.1556208
7.1422051
7.1050029
7.0290986
6.9633598
6.9770333
7.0386937
7.0475897
6.9733881
6.8520054
6.7851793
6.7953923
6.8804173
6.9650751
6.9925089
6.9993331
7.0164946
7.048239
7.0764255
7.0955784
7.3127546
7.1704765
7.1704945
7.1705038
7.1704798
7.170449
7.1704119
7.1703662
7.1703092
7.1702377
7.170148
7.1700349
7.1698909
7.1697052
7.1694609
7.1691304
7.1686722
7.1680217
7.1669937
7.1651637
7.1611367
7.1496887
7.1152314
7.0385835
6.9607522
6.9565591
7.0017242
7.0030111
6.9307908
6.8239929
6.7707175
6.7892794
6.8902654
6.9837365
7.0128951
7.0152993
7.025887
7.0557087
7.0828986
7.0931495
7.3118009
7.1721072
7.1721164
7.1721207
7.172105
7.1720849
7.1720606
7.1720307
7.1719934
7.1719469
7.1718887
7.1718155
7.1717225
7.1716023
7.1714441
7.1712287
7.1709358
7.1705025
7.1698011
7.1685095
7.1654952
7.1561649
7.1253927
7.0501858
6.9601589
6.9396547
6.9706644
6.9668991
6.8976954
6.8024971
6.7585104
6.7840869
6.9017484
7.0024259
7.0348845
7.0352934
7.0390183
7.0649205
7.0903336
7.0914233
7.3107771
7.1730802
7.1730848
7.1730863
7.1730769
7.1730651
7.1730509
7.1730334
7.1730117
7.1729845
7.1729504
7.1729073
7.1728523
7.1727807
7.1726852
7.1725568
7.1723781
7.1721021
7.1716444
7.1707802
7.1686306
7.1613326
7.1347709
7.0630169
6.9630647
6.9260038
6.9444428
6.9373312
6.8717542
6.7857204
6.7481131
6.7807844
6.9143012
7.0200693
7.0564343
7.0573458
7.0553824
7.0757535
7.0983526
7.0905759
7.3096536
7.1735648
7.1735672
7.1735672
7.1735614
7.1735543
7.1735457
7.1735353
7.1735226
7.1735069
7.1734876
7.1734634
7.1734328
7.1733934
7.1733414
7.1732721
7.1731717
7.1730162
7.17275
7.172203
7.1707345
7.1652341
7.1430259
7.0763641
6.9697196
6.9154479
6.9222082
6.912855
6.8512734
6.7724923
6.7392128
6.7795731
6.9275212
7.0362247
7.0761406
7.0793044
7.0738838
7.0880128
7.1064376
7.0903301
7.3083894
7.1737831
7.1737844
7.1737837
7.1737799
7.1737752
7.1737697
7.1737631
7.1737552
7.1737457
7.1737341
7.1737199
7.1737023
7.17368
7.1736513
7.1736121
7.1735552
7.1734682
7.1733213
7.1730145
7.1720638
7.1680574
7.1500459
7.089728
6.9798695
6.908826
6.9032939
6.8923354
6.8349844
6.762039
6.7316524
6.7798298
6.941083
7.0508364
7.0933121
7.0993679
7.0928582
7.1011889
7.1141604
7.0909194
7.3069315
7.1738646
7.1738654
7.1738644
7.1738615
7.1738581
7.1738541
7.1738494
7.1738439
7.1738373
7.1738295
7.1738202
7.1738089
7.1737949
7.1737773
7.1737532
7.1737201
7.1736709
7.1735895
7.1734188
7.1728552
7.1700287
7.1558458
7.1027916
6.9929843
6.9060695
6.88733
6.8748904
6.8219134
6.7538379
6.7253994
6.7842355
6.954751
7.0640229
7.1078181
7.1165335
7.1106273
7.1143307
7.1212723
7.0926381
7.3052134
7.1738838
7.1738845
7.1738834
7.1738809
7.1738779
7.1738745
7.1738705
7.1738658
7.1738604
7.173854
7.1738465
7.1738375
7.1738266
7.1738131
7.1737973
7.1737766
7.1737465
7.1736981
7.1736008
7.1732768
7.1713603
7.1605105
7.1151879
7.0085061
6.9057846
6.8741699
6.8598498
6.8112934
6.7474913
6.7202477
6.7934148
6.9683907
7.0759412
7.1198535
7.1304761
7.1260765
7.1265278
7.1276382
7.0948138
7.303548
7.1738616
7.173862
7.1738609
7.1738588
7.1738565
7.1738539
7.1738509
7.1738476
7.1738438
7.1738395
7.1738346
7.1738291
7.1738227
7.1738145
7.1738031
7.1737873
7.1737644
7.1737284
7.1736686
7.1734796
7.1722296
7.1641646
7.1265915
7.0259913
6.9097492
6.8637496
6.8467357
6.8024958
6.7427437
6.7173197
6.8073268
6.9819394
7.0867286
7.1297382
7.1413356
7.138707
7.1371252
7.133137
7.0969203
7.3021456
7.1738031
7.1738035
7.1738022
7.1738005
7.1737985
7.1737963
7.1737939
7.1737912
7.1737883
7.1737851
7.1737817
7.173778
7.1737737
7.1737686
7.1737623
7.1737538
7.1737415
7.1737226
7.1736846
7.1735643
7.1727752
7.1669513
7.1367481
7.0447641
6.9188763
6.857489
6.8352513
6.7950196
6.7391788
6.7163416
6.8251429
6.9953648
7.096491
7.1377358
7.1495805
7.1485097
7.1458146
7.1376948
7.0987773
7.3010172
7.1737282
7.1737285
7.1737273
7.1737256
7.1737238
7.1737219
7.1737197
7.1737174
7.1737149
7.1737123
7.1737096
7.1737068
7.1737035
7.1737
7.1736959
7.1736909
7.1736845
7.173676
7.1736612
7.1735889
7.1730984
7.1690174
7.1454986
7.0640213
6.9327884
6.8551156
6.8252796
6.7884974
6.7370061
6.7178248
6.8455439
7.0086039
7.1053027
7.1440961
7.1557384
7.1557956
7.1525765
7.1413216
7.1003484
7.300125
7.1736465
7.1736468
7.1736455
7.1736439
7.1736422
7.1736404
7.1736384
7.1736362
7.1736339
7.1736316
7.1736293
7.1736268
7.1736241
7.1736213
7.1736183
7.173615
7.1736115
7.1736087
7.1736065
7.173577
7.1732658
7.170503
7.1527849
7.0830852
6.9510736
6.8556059
6.8174101
6.7826726
6.7362266
6.7260314
6.8664162
7.0220974
7.1132116
7.1492894
7.1602938
7.1610305
7.1575875
7.1441014
7.1016521
7.2994326
7.1735624
7.1735627
7.1735614
7.1735599
7.1735582
7.1735564
7.1735545
7.1735524
7.1735502
7.1735481
7.1735459
7.1735435
7.1735411
7.1735387
7.1735362
7.1735338
7.1735319
7.1735322
7.173537
7.1735312
7.1733412
7.171535
7.1586376
7.1012252
6.9732754
6.8608112
6.8134581
6.7780905
6.7361623
6.740895
6.8876
7.0360943
7.1207073
7.1536287
7.1636466
7.1646765
7.1611488
7.1461652
7.1027261
7.2989042
7.1734779
7.1734781
7.1734769
7.1734753
7.1734737
7.1734719
7.17347
7.173468
7.1734659
7.1734639
7.1734616
7.1734594
7.1734571
7.1734549
7.1734527
7.1734508
7.1734498
7.1734521
7.1734609
7.173468
7.1733655
7.1722228
7.1631632
7.1177473
6.9985657
6.8720076
6.8123515
6.7759596
6.7376407
6.7605022
6.9100589
7.0504471
7.1278594
7.15729
7.1661031
7.1671482
7.1635855
7.1476598
7.1036109
7.2985033
7.1733937
7.1733939
7.1733927
7.1733912
7.1733895
7.1733878
7.1733859
7.1733839
7.1733819
7.1733799
7.1733776
7.1733754
7.1733732
7.1733711
7.1733691
7.1733675
7.1733671
7.1733708
7.1733819
7.1733963
7.1733549
7.1726583
7.1665245
7.1320788
7.0256411
6.8891876
6.8145561
6.775471
6.7426424
6.7837609
6.9338839
7.0649276
7.1346162
7.160377
7.1678924
7.1687834
7.1651955
7.148725
7.1043427
7.298201
7.1733102
7.1733104
7.1733092
7.1733077
7.1733061
7.1733043
7.1733025
7.1733005
7.1732986
7.1732965
7.1732943
7.1732921
7.1732899
7.1732878
7.1732859
7.1732845
7.1732847
7.1732896
7.173302
7.1733203
7.1733122
7.172904
7.1689171
7.1438836
7.0526822
6.911963
6.8220205
6.7781693
6.7525721
6.8103403
6.9587693
7.0792684
7.1408968
7.1629601
7.1691847
7.1698402
7.1662251
7.1494801
7.104952
7.297975
7.1732276
7.1732278
7.1732265
7.173225
7.1732234
7.1732217
7.1732199
7.1732179
7.173216
7.1732139
7.1732117
7.1732095
7.1732073
7.1732053
7.1732035
7.1732023
7.173203
7.1732089
7.1732221
7.1732423
7.1732526
7.173022
7.1705439
7.1530182
7.0776752
6.939578
6.8364556
6.7861842
6.768601
6.840216
6.9842156
7.0931755
7.1466213
7.1650943
7.170107
7.1705069
7.1668631
7.1500194
7.105463
7.2978083
7.1731459
7.173146
7.1731447
7.1731432
7.1731417
7.17314
7.1731382
7.1731362
7.1731342
7.1731321
7.1731299
7.1731278
7.1731256
7.1731236
7.1731219
7.1731209
7.1731221
7.1731289
7.1731426
7.1731636
7.1731843
7.1730643
7.1715956
7.1596628
7.0998602
6.9703625
6.8577232
6.8010612
6.7915504
6.8732747
7.0096133
7.1063515
7.1517242
7.1668288
7.170754
7.1709153
7.1672461
7.1504127
7.1058946
7.2976877
7.173065
7.1730651
7.1730639
7.1730624
7.1730608
7.1730592
7.1730574
7.1730554
7.1730534
7.1730513
7.1730491
7.1730469
7.1730448
7.1730428
7.1730411
7.1730403
7.1730422
7.1730497
7.1730636
7.1730849
7.1731111
7.1730691
7.172237
7.1643377
7.1186449
7.0024394
6.8851747
6.8232117
6.8214488
6.908699
7.0345056
7.1185281
7.1561623
7.1682104
7.1711969
7.1711493
7.1674682
7.1507091
7.1062611
7.2976027
7.1729852
7.1729852
7.172984
7.1729825
7.172981
7.1729793
7.1729775
7.1729755
7.1729735
7.1729714
7.1729692
7.172967
7.1729649
7.1729629
7.1729613
7.1729607
7.1729632
7.1729713
7.1729853
7.1730064
7.1730352
7.1730356
7.1725759
7.1675219
7.1338694
7.0339633
6.9174822
6.8523606
6.8573269
6.9454415
7.0582929
7.1294806
7.1599209
7.1692852
7.1714897
7.1712631
7.1675872
7.1509415
7.1065738
7.2975452
7.1729063
7.1729063
7.1729051
7.1729036
7.172902
7.1729004
7.1728986
7.1728966
7.1728945
7.1728924
7.1728902
7.172888
7.1728858
7.1728839
7.1728823
7.172882
7.1728852
7.1728937
7.1729076
7.1729285
7.1729581
7.1729791
7.1727324
7.1696146
7.1457019
7.0633408
6.9528293
6.8873155
6.8974836
6.9821477
7.0803547
7.1390459
7.1630139
7.1700986
7.1716736
7.1713098
7.1676435
7.1511309
7.1068411
7.2975083
7.1728283
7.1728283
7.1728271
7.1728256
7.1728241
7.1728224
7.1728206
7.1728186
7.1728165
7.1728144
7.1728121
7.1728099
7.1728078
7.1728058
7.1728043
7.1728044
7.1728081
7.172817
7.1728307
7.1728512
7.1728807
7.1729119
7.1727889
7.1709362
7.1545312
7.0893784
6.9891718
6.9261283
6.9397432
7.017373
7.1001469
7.1471392
7.1654825
7.1706947
7.1717692
7.1713222
7.1676659
7.1512906
7.1070697
7.2974872
7.1727514
7.1727514
7.1727501
7.1727487
7.1727471
7.1727454
7.1727436
7.1727416
7.1727395
7.1727373
7.1727351
7.1727328
7.1727306
7.1727287
7.1727273
7.1727277
7.172732
7.172741
7.1727546
7.1727745
7.1728034
7.1728392
7.1727994
7.171734
7.1608607
7.1113612
7.0245101
6.9664446
6.9817225
7.0498095
7.117282
7.1537616
7.1673896
7.1711148
7.1718109
7.1713147
7.1676718
7.1514287
7.107265
7.2974789
7.1726754
7.1726754
7.1726741
7.1726727
7.1726711
7.1726694
7.1726675
7.1726655
7.1726634
7.1726612
7.1726589
7.1726567
7.1726545
7.1726525
7.1726512
7.172652
7.1726569
7.1726659
7.1726792
7.1726985
7.1727266
7.1727638
7.1727703
7.1721762
7.1652208
7.1290589
7.0571291
7.0058818
7.0212206
7.0784389
7.1315742
7.1589945
7.1688129
7.171396
7.1718229
7.1712855
7.1676693
7.1515498
7.1074313
7.2974781
7.1726004
7.1726004
7.1725991
7.1725977
7.1725961
7.1725943
7.1725924
7.1725904
7.1725883
7.1725861
7.1725838
7.1725815
7.1725793
7.1725773
7.1725762
7.1725774
7.1725827
7.1725916
7.1726045
7.1726233
7.1726504
7.1726874
7.172715
7.1723919
7.1681062
7.1426774
7.0857461
7.0423694
7.0565221
7.1026501
7.1430457
7.1629828
7.1698362
7.1715702
7.1718148
7.1712439
7.1676571
7.1516566
7.1075722
7.2974822
7.1725264
7.1725264
7.1725251
7.1725236
7.172522
7.1725203
7.1725184
7.1725163
7.1725142
7.1725119
7.1725096
7.1725073
7.172505
7.1725031
7.1725021
7.1725038
7.1725094
7.1725182
7.1725307
7.1725488
7.1725748
7.1726109
7.1726479
7.1724808
7.1699387
7.1527318
7.1096169
7.0744049
7.0865672
7.1222707
7.1518997
7.1659115
7.1705421
7.1716585
7.1717846
7.171195
7.167639
7.1517507
7.1076909
7.2974899
7.1724535
7.1724533
7.1724521
7.1724506
7.1724489
7.1724472
7.1724453
7.1724432
7.172441
7.1724388
7.1724364
7.1724341
7.1724318
7.1724299
7.1724291
7.1724313
7.172437
7.1724456
7.1724577
7.1724751
7.1725001
7.1725346
7.1725752
7.1725057
7.1710524
7.1598457
7.1285819
7.1011608
7.1109686
7.1375147
7.1584699
7.1679815
7.1710062
7.1716958
7.1717421
7.1711418
7.167617
7.1518334
7.1077899
7.2974996
7.1723814
7.1723813
7.17238
7.1723785
7.1723769
7.1723751
7.1723732
7.1723711
7.1723689
7.1723666
7.1723642
7.1723618
7.1723595
7.1723577
7.1723572
7.1723597
7.1723655
7.1723739
7.1723856
7.1724023
7.1724261
7.172459
7.1725
7.1724901
7.1716873
7.1646646
7.1429457
7.1224551
7.1299097
7.148874
7.1631575
7.1693874
7.1712938
7.1717052
7.1716926
7.1710863
7.1675921
7.1519055
7.1078716
7.2975098
7.1723104
7.1723103
7.172309
7.1723074
7.1723058
7.172304
7.1723021
7.1722999
7.1722977
7.1722954
7.172293
7.1722906
7.1722883
7.1722865
7.1722863
7.1722892
7.172295
7.1723031
7.1723143
7.1723302
7.1723529
7.1723841
7.1724239
7.1724423
7.1720075
7.1677869
7.1533223
7.1386258
7.1439795
7.1569955
7.1663714
7.1703018
7.171448
7.1716894
7.1716384
7.1710298
7.167565
7.1519679
7.107938
7.2975196
7.1722404
7.1722402
7.1722389
7.1722374
7.1722357
7.1722339
7.172232
7.1722298
7.1722276
7.1722252
7.1722227
7.1722203
7.172218
7.1722163
7.1722164
7.1722196
7.1722253
7.1722331
7.1722438
7.172259
7.1722806
7.17231
7.1723478
7.1723787
7.1721492
7.1697194
7.1604744
7.1503537
7.1539899
7.1625678
7.1684866
7.1708675
7.1715183
7.1716542
7.1715814
7.1709731
7.1675359
7.1520212
7.1079909
7.2975282
7.1721714
7.1721711
7.1721698
7.1721683
7.1721666
7.1721648
7.1721628
7.1721606
7.1721584
7.172156
7.1721535
7.172151
7.1721487
7.1721472
7.1721477
7.1721511
7.1721566
7.172164
7.1721743
7.1721887
7.1722091
7.1722368
7.1722724
7.1723079
7.1721949
7.17086
7.1651779
7.1584821
7.1608152
7.1662363
7.1698197
7.171191
7.1715407
7.1716089
7.1715228
7.1709166
7.1675052
7.1520662
7.1080318
7.297535
7.1721033
7.172103
7.1721017
7.1721002
7.1720985
7.1720967
7.1720947
7.1720925
7.1720902
7.1720877
7.1720852
7.1720827
7.1720805
7.1720791
7.1720799
7.1720834
7.1720888
7.1720959
7.1721056
7.1721192
7.1721384
7.1721644
7.1721977
7.172234
7.1721956
7.1714744
7.1681268
7.1638663
7.1652744
7.1685509
7.17062
7.1713515
7.1715387
7.171558
7.1714636
7.1708604
7.167473
7.1521034
7.1080622
7.2975395
7.1720362
7.1720359
7.1720346
7.1720331
7.1720314
7.1720295
7.1720275
7.1720253
7.1720229
7.1720205
7.1720179
7.1720154
7.1720132
7.1720121
7.1720132
7.1720167
7.1720218
7.1720286
7.1720378
7.1720506
7.1720687
7.172093
7.1721241
7.172159
7.1721577
7.171769
7.1698883
7.1672734
7.1680642
7.169946
7.1710635
7.1714199
7.1715102
7.1715037
7.1714044
7.1708047
7.1674395
7.1521335
7.1080841
7.2975417
7.1719701
7.1719698
7.1719685
7.1719669
7.1719652
7.1719634
7.1719613
7.1719591
7.1719567
7.1719542
7.1719516
7.1719491
7.171947
7.1719461
7.1719475
7.171951
7.1719559
7.1719622
7.1719709
7.171983
7.1719999
7.1720226
7.1720514
7.1720841
7.1720985
7.1718898
7.1708816
7.1693288
7.1697315
7.170743
7.1712813
7.1714395
7.1714689
7.1714479
7.1713456
7.1707495
7.1674047
7.1521571
7.1080953
7.2975413
7.171905
7.1719047
7.1719033
7.1719018
7.1719001
7.1718982
7.1718961
7.1718938
7.1718914
7.1718889
7.1718863
7.1718838
7.1718818
7.1718812
7.1718828
7.1718862
7.1718908
7.1718968
7.1719049
7.1719162
7.171932
7.1719532
7.1719798
7.1720099
7.1720304
7.171924
7.1713816
7.170507
7.1706734
7.1711476
7.1713745
7.1714312
7.171421
7.1713912
7.1712875
7.1706948
7.1673689
7.1521748
7.1080984
7.2975379
7.1718409
7.1718405
7.1718392
7.1718376
7.1718359
7.171834
7.1718319
7.1718296
7.1718271
7.1718246
7.171822
7.1718195
7.1718177
7.1718174
7.1718191
7.1718223
7.1718266
7.1718322
7.1718398
7.1718504
7.1718651
7.1718848
7.1719093
7.1719368
7.1719586
7.1719137
7.171607
7.1711161
7.1711468
7.1713344
7.1714025
7.1713993
7.171369
7.1713347
7.1712302
7.1706408
7.1673321
7.1521875
7.1080963
7.2975317
7.1717777
7.1717773
7.171776
7.1717744
7.1717726
7.1717707
7.1717686
7.1717663
7.1717638
7.1717612
7.1717586
7.1717562
7.1717546
7.1717546
7.1717563
7.1717594
7.1717634
7.1717686
7.1717756
7.1717855
7.1717992
7.1718174
7.1718399
7.1718648
7.1718856
7.1718687
7.1716892
7.1714027
7.1713643
7.1714074
7.1714012
7.171356
7.1713153
7.1712786
7.1711738
7.1705872
7.1672945
7.152194
7.1080882
7.2975225
7.1717155
7.1717151
7.1717137
7.1717121
7.1717104
7.1717084
7.1717063
7.1717039
7.1717014
7.1716988
7.1716962
7.1716939
7.1716925
7.1716928
7.1716945
7.1716973
7.1717011
7.1717059
7.1717124
7.1717215
7.1717342
7.171751
7.1717716
7.171794
7.1718128
7.1718073
7.1717072
7.1715188
7.1714492
7.171426
7.1713712
7.1713065
7.1712611
7.171223
7.1711181
7.1705343
7.167256
7.1521954
7.1080746
7.2975105
7.1716543
7.1716538
7.1716524
7.1716508
7.171649
7.1716471
7.1716449
7.1716425
7.17164
7.1716374
7.1716349
7.1716327
7.1716315
7.1716319
7.1716336
7.1716362
7.1716397
7.1716442
7.1716501
7.1716585
7.1716702
7.1716856
7.1717044
7.1717244
7.1717409
7.1717395
7.1716836
7.1715513
7.1714715
7.1714118
7.1713274
7.1712544
7.171207
7.1711682
7.1710633
7.170482
7.167217
7.1521934
7.108056
7.2974955
7.171594
7.1715935
7.1715921
7.1715905
7.1715887
7.1715867
7.1715845
7.1715821
7.1715796
7.171577
7.1715745
7.1715725
7.1715716
7.1715721
7.1715736
7.1715761
7.1715793
7.1715834
7.1715888
7.1715964
7.1716072
7.1716213
7.1716383
7.1716561
7.1716701
7.1716695
7.1716327
7.1715433
7.1714588
7.1713728
7.1712769
7.1712014
7.1711534
7.1711142
7.1710094
7.1704303
7.1671774
7.1521875
7.1080331
7.2974777
7.1715346
7.1715342
7.1715327
7.1715311
7.1715293
7.1715273
7.1715251
7.1715227
7.1715201
7.1715176
7.1715151
7.1715133
7.1715127
7.1715132
7.1715146
7.1715168
7.1715197
7.1715235
7.1715284
7.1715353
7.1715451
7.1715579
7.1715732
7.171589
7.1716007
7.1715994
7.1715707
7.1715023
7.1714178
7.1713223
7.1712236
7.1711482
7.1711003
7.1710609
7.1709563
7.1703792
7.1671373
7.1521779
7.1080061
7.297457
7.1714762
7.1714757
7.1714743
7.1714726
7.1714708
7.1714689
7.1714666
7.1714642
7.1714616
7.1714591
7.1714568
7.1714552
7.1714547
7.1714552
7.1714565
7.1714585
7.1714611
7.1714645
7.1714689
7.1714752
7.171484
7.1714956
7.1715093
7.171523
7.1715326
7.17153
7.1715047
7.1714462
7.171364
7.171267
7.1711695
7.1710954
7.1710479
7.1710085
7.170904
7.1703288
7.1670968
7.1521651
7.1079755
7.2974335
7.1714187
7.1714182
7.1714168
7.1714151
7.1714133
7.1714113
7.1714091
7.1714066
7.1714041
7.1714016
7.1713995
7.1713981
7.1713977
7.1713982
7.1713993
7.1714011
7.1714034
7.1714064
7.1714103
7.1714159
7.1714239
7.1714343
7.1714464
7.1714583
7.1714659
7.1714619
7.1714377
7.1713843
7.1713052
7.1712102
7.1711154
7.1710432
7.1709963
7.1709568
7.1708525
7.170279
7.167056
7.1521492
7.1079416
7.2974072
7.1713622
7.1713617
7.1713603
7.1713586
7.1713567
7.1713547
7.1713525
7.17135
7.1713475
7.1713452
7.1713432
7.171342
7.1713417
7.171342
7.171343
7.1713446
7.1713466
7.1713492
7.1713527
7.1713576
7.1713647
7.171374
7.1713847
7.1713948
7.1714005
7.1713952
7.1713712
7.1713208
7.171245
7.1711532
7.1710619
7.1709917
7.1709454
7.170906
7.1708018
7.1702299
7.1670149
7.1521305
7.1079047
7.2973782
7.1713066
7.1713061
7.1713046
7.1713029
7.1713011
7.1712991
7.1712968
7.1712944
7.171292
7.1712898
7.171288
7.1712869
7.1712866
7.1712868
7.1712876
7.1712889
7.1712907
7.171293
7.1712959
7.1713002
7.1713065
7.1713146
7.171324
7.1713325
7.1713365
7.1713299
7.1713059
7.1712574
7.1711849
7.1710969
7.171009
7.1709409
7.1708953
7.1708559
7.170752
7.1701814
7.1669737
7.1521093
7.107865
7.2973465
7.1712519
7.1712514
7.1712499
7.1712483
7.1712464
7.1712444
7.1712421
7.1712397
7.1712374
7.1712354
7.1712337
7.1712328
7.1712324
7.1712325
7.1712331
7.1712342
7.1712358
7.1712376
7.1712401
7.1712438
7.1712492
7.1712563
7.1712644
7.1712714
7.1712737
7.171266
7.1712419
7.171195
7.1711255
7.1710413
7.170957
7.1708909
7.1708459
7.1708067
7.1707029
7.1701335
7.1669323
7.1520858
7.1078229
7.297312
7.1711982
7.1711976
7.1711962
7.1711945
7.1711926
7.1711906
7.1711884
7.1711861
7.1711839
7.171182
7.1711805
7.1711795
7.1711791
7.1711791
7.1711795
7.1711804
7.1711817
7.1711832
7.1711852
7.1711882
7.1711929
7.171199
7.1712058
7.1712114
7.1712123
7.1712036
7.1711793
7.1711338
7.1710672
7.1709867
7.1709058
7.1708416
7.1707974
7.1707583
7.1706547
7.1700863
7.1668909
7.1520601
7.1077784
7.2972747
7.1711454
7.1711448
7.1711434
7.1711417
7.1711398
7.1711379
7.1711357
7.1711335
7.1711314
7.1711296
7.1711282
7.1711273
7.1711267
7.1711266
7.1711268
7.1711275
7.1711285
7.1711296
7.1711311
7.1711336
7.1711375
7.1711427
7.1711483
7.1711526
7.1711521
7.1711425
7.1711181
7.1710739
7.17101
7.1709331
7.1708555
7.1707932
7.1707496
7.1707107
7.1706073
7.1700398
7.1668494
7.1520325
7.1077319
7.2972346
7.1710935
7.171093
7.1710915
7.1710898
7.171088
7.1710861
7.171084
7.1710818
7.1710799
7.1710782
7.1710769
7.1710759
7.1710753
7.171075
7.171075
7.1710755
7.1710762
7.1710769
7.171078
7.1710799
7.1710831
7.1710873
7.1710919
7.1710949
7.1710932
7.1710828
7.1710583
7.1710154
7.1709541
7.1708805
7.170806
7.1707455
7.1707026
7.1706639
7.1705607
7.169994
7.166808
7.1520032
7.1076834
7.2971917
7.1710426
7.171042
7.1710406
7.1710389
7.1710372
7.1710353
7.1710333
7.1710312
7.1710294
7.1710278
7.1710264
7.1710254
7.1710247
7.1710242
7.1710241
7.1710244
7.1710247
7.1710252
7.1710258
7.1710272
7.1710296
7.171033
7.1710365
7.1710383
7.1710356
7.1710245
7.1709999
7.1709581
7.1708993
7.1708289
7.1707574
7.1706986
7.1706564
7.1706179
7.1705149
7.1699489
7.1667666
7.1519723
7.1076331
7.2971458
7.1709926
7.1709921
7.1709907
7.1709891
7.1709873
7.1709855
7.1709836
7.1709816
7.1709798
7.1709783
7.1709769
7.1709758
7.170975
7.1709744
7.1709741
7.1709741
7.1709742
7.1709743
7.1709745
7.1709753
7.1709771
7.1709796
7.1709821
7.1709829
7.1709792
7.1709674
7.1709428
7.1709022
7.1708457
7.1707783
7.1707096
7.1706525
7.170611
7.1705727
7.1704699
7.1699044
7.1667254
7.1519399
7.1075812
7.2970969
7.1709437
7.1709432
7.1709418
7.1709402
7.1709385
7.1709367
7.1709348
7.170933
7.1709313
7.1709297
7.1709283
7.1709271
7.1709261
7.1709254
7.1709249
7.1709247
7.1709246
7.1709243
7.1709241
7.1709244
7.1709255
7.1709272
7.1709288
7.1709286
7.170924
7.1709115
7.1708871
7.1708476
7.1707932
7.1707287
7.1706627
7.1706072
7.1705664
7.1705284
7.1704257
7.1698606
7.1666843
7.1519061
7.1075277
7.2970447
7.1708957
7.1708952
7.1708938
7.1708923
7.1708906
7.1708889
7.1708871
7.1708853
7.1708836
7.170882
7.1708806
7.1708793
7.1708782
7.1708773
7.1708767
7.1708762
7.1708758
7.1708752
7.1708746
7.1708743
7.1708748
7.1708758
7.1708765
7.1708753
7.1708699
7.1708569
7.1708326
7.1707942
7.1707419
7.17068
7.1706166
7.1705627
7.1705226
7.1704848
7.1703822
7.1698175
7.1666434
7.1518712
7.1074727
7.2969892
7.1708488
7.1708483
7.1708469
7.1708454
7.1708438
7.1708421
7.1708403
7.1708385
7.1708369
7.1708352
7.1708337
7.1708323
7.1708311
7.1708301
7.1708293
7.1708286
7.1708279
7.170827
7.170826
7.1708252
7.1708251
7.1708253
7.1708252
7.1708232
7.170817
7.1708036
7.1707794
7.170742
7.1706916
7.1706324
7.1705714
7.170519
7.1704796
7.170442
7.1703396
7.1697751
7.1666027
7.1518353
7.1074164
7.29693
7.1708028
7.1708024
7.170801
7.1707995
7.1707979
7.1707962
7.1707945
7.1707927
7.170791
7.1707893
7.1707877
7.1707862
7.1707849
7.1707837
7.1707827
7.1707818
7.1707809
7.1707796
7.1707782
7.170777
7.1707762
7.1707758
7.1707749
7.1707721
7.1707652
7.1707514
7.1707274
7.170691
7.1706425
7.1705856
7.170527
7.1704761
7.1704373
7.1703999
7.1702977
7.1697334
7.1665623
7.1517984
7.1073588
7.296867
7.1707579
7.1707574
7.170756
7.1707545
7.1707529
7.1707513
7.1707496
7.1707477
7.170746
7.1707443
7.1707426
7.170741
7.1707395
7.1707382
7.170737
7.1707359
7.1707347
7.1707332
7.1707314
7.1707297
7.1707284
7.1707273
7.1707257
7.1707221
7.1707146
7.1707004
7.1706765
7.1706412
7.1705944
7.1705398
7.1704834
7.170434
7.1703958
7.1703587
7.1702566
7.1696924
7.1665222
7.1517606
7.1072999
7.2967997
7.1707138
7.1707133
7.170712
7.1707105
7.1707089
7.1707072
7.1707055
7.1707036
7.1707018
7.1707001
7.1706983
7.1706966
7.170695
7.1706935
7.1706922
7.1706909
7.1706894
7.1706876
7.1706854
7.1706832
7.1706814
7.1706797
7.1706774
7.1706731
7.170665
7.1706505
7.1706269
7.1705925
7.1705474
7.1704949
7.1704407
7.1703927
7.1703551
7.1703183
7.1702163
7.1696521
7.1664824
7.1517221
7.1072398
7.2967279
7.1706707
7.1706702
7.1706688
7.1706673
7.1706657
7.1706641
7.1706623
7.1706604
7.1706586
7.1706567
7.1706548
7.1706531
7.1706514
7.1706497
7.1706482
7.1706467
7.170645
7.1706428
7.1706403
7.1706377
7.1706353
7.170633
7.1706301
7.1706252
7.1706165
7.1706018
7.1705784
7.1705449
7.1705014
7.170451
7.1703988
7.1703521
7.1703152
7.1702786
7.1701767
7.1696125
7.166443
7.1516829
7.1071786
7.296651
7.1706285
7.170628
7.1706266
7.1706251
7.1706234
7.1706218
7.1706199
7.170618
7.1706161
7.1706142
7.1706123
7.1706104
7.1706086
7.1706068
7.1706051
7.1706034
7.1706014
7.1705989
7.170596
7.170593
7.1705902
7.1705873
7.1705837
7.1705783
7.1705691
7.1705541
7.1705311
7.1704984
7.1704564
7.1704079
7.1703577
7.1703124
7.1702761
7.1702397
7.1701379
7.1695735
7.1664039
7.1516431
7.1071162
7.2965686
7.1705871
7.1705866
7.1705852
7.1705837
7.170582
7.1705803
7.1705784
7.1705765
7.1705745
7.1705725
7.1705705
7.1705685
7.1705666
7.1705647
7.1705628
7.1705609
7.1705587
7.1705559
7.1705527
7.1705492
7.1705459
7.1705425
7.1705384
7.1705323
7.1705228
7.1705076
7.1704848
7.170453
7.1704124
7.1703658
7.1703174
7.1702734
7.1702377
7.1702016
7.1700999
7.1695353
7.1663652
7.1516028
7.1070527
7.2964801
7.1705466
7.170546
7.1705446
7.1705431
7.1705414
7.1705397
7.1705378
7.1705358
7.1705337
7.1705317
7.1705296
7.1705275
7.1705255
7.1705234
7.1705214
7.1705192
7.1705168
7.1705137
7.1705101
7.1705063
7.1705025
7.1704986
7.170494
7.1704874
7.1704774
7.1704621
7.1704396
7.1704086
7.1703694
7.1703245
7.1702779
7.1702352
7.1702002
7.1701643
7.1700626
7.1694978
7.1663269
7.151562
7.1069881
7.2963847
7.1705069
7.1705063
7.1705049
7.1705033
7.1705016
7.1704999
7.170498
7.1704959
7.1704938
7.1704917
7.1704895
7.1704873
7.1704852
7.170483
7.1704808
7.1704784
7.1704757
7.1704724
7.1704685
7.1704643
7.1704601
7.1704557
7.1704505
7.1704435
7.1704331
7.1704177
7.1703955
7.1703653
7.1703274
7.1702841
7.1702392
7.1701978
7.1701633
7.1701277
7.1700261
7.169461
7.166289
7.1515209
7.1069223
7.2962816
7.1704681
7.1704675
7.170466
7.1704644
7.1704627
7.1704609
7.1704589
7.1704568
7.1704547
7.1704525
7.1704503
7.170448
7.1704457
7.1704433
7.170441
7.1704384
7.1704355
7.1704319
7.1704277
7.1704231
7.1704185
7.1704137
7.170408
7.1704005
7.1703899
7.1703744
7.1703524
7.170323
7.1702863
7.1702446
7.1702013
7.1701611
7.1701273
7.1700919
7.1699904
7.1694248
7.1662515
7.1514794
7.1068552
7.2961699
7.17043
7.1704294
7.170428
7.1704263
7.1704246
7.1704228
7.1704208
7.1704186
7.1704164
7.1704142
7.1704118
7.1704094
7.170407
7.1704046
7.170402
7.1703993
7.1703961
7.1703923
7.1703877
7.1703828
7.1703778
7.1703725
7.1703664
7.1703585
7.1703476
7.170332
7.1703103
7.1702817
7.1702462
7.170206
7.1701642
7.1701252
7.170092
7.1700569
7.1699554
7.1693894
7.1662146
7.1514376
7.106787
7.2960485
7.1703928
7.1703922
7.1703907
7.1703891
7.1703873
7.1703854
7.1703834
7.1703812
7.170379
7.1703766
7.1703742
7.1703717
7.1703692
7.1703666
7.1703639
7.170361
7.1703576
7.1703535
7.1703486
7.1703434
7.1703379
7.1703323
7.1703257
7.1703175
7.1703063
7.1702907
7.1702693
7.1702413
7.170207
7.1701682
7.1701279
7.1700901
7.1700575
7.1700226
7.1699211
7.1693547
7.166178
7.1513956
7.1067173
7.295916
7.1703564
7.1703558
7.1703543
7.1703526
7.1703508
7.1703489
7.1703469
7.1703446
7.1703423
7.1703399
7.1703374
7.1703348
7.1703322
7.1703295
7.1703266
7.1703235
7.1703199
7.1703155
7.1703104
7.1703048
7.170299
7.1702929
7.170286
7.1702774
7.1702659
7.1702503
7.1702292
7.1702019
7.1701687
7.1701312
7.1700924
7.1700558
7.1700238
7.1699891
7.1698877
7.1693207
7.166142
7.1513534
7.1066463
7.295771
7.1703209
7.1703201
7.1703187
7.170317
7.1703152
7.1703132
7.1703111
7.1703088
7.1703065
7.170304
7.1703015
7.1702988
7.170296
7.1702931
7.1702901
7.1702868
7.170283
7.1702784
7.1702729
7.170267
7.1702609
7.1702544
7.1702472
7.1702382
7.1702266
7.1702109
7.1701902
7.1701635
7.1701313
7.1700951
7.1700576
7.1700222
7.1699908
7.1699563
7.1698549
7.1692873
7.1661065
7.1513109
7.1065737
7.2956118
7.1702861
7.1702853
7.1702838
7.1702821
7.1702803
7.1702783
7.1702762
7.1702739
7.1702715
7.1702689
7.1702663
7.1702635
7.1702606
7.1702576
7.1702544
7.1702509
7.1702469
7.170242
7.1702363
7.1702301
7.1702237
7.1702169
7.1702092
7.1702
7.1701881
7.1701725
7.170152
7.170126
7.1700948
7.1700599
7.1700237
7.1699893
7.1699585
7.1699244
7.1698229
7.1692547
7.1660714
7.1512683
7.1064994
7.2954364
7.1702521
7.1702513
7.1702498
7.1702481
7.1702462
7.1702442
7.1702421
7.1702397
7.1702372
7.1702347
7.1702319
7.170229
7.1702261
7.1702229
7.1702196
7.1702159
7.1702117
7.1702065
7.1702006
7.1701941
7.1701873
7.1701801
7.1701722
7.1701627
7.1701507
7.1701351
7.1701149
7.1700895
7.1700592
7.1700254
7.1699905
7.1699571
7.1699271
7.1698931
7.1697917
7.1692228
7.1660369
7.1512256
7.1064233
7.2952424
7.1702189
7.1702181
7.1702166
7.1702149
7.170213
7.170211
7.1702087
7.1702063
7.1702038
7.1702012
7.1701984
7.1701954
7.1701923
7.170189
7.1701855
7.1701817
7.1701772
7.1701719
7.1701657
7.1701589
7.1701518
7.1701443
7.170136
7.1701263
7.1701141
7.1700986
7.1700786
7.1700539
7.1700245
7.1699918
7.169958
7.1699257
7.1698963
7.1698626
7.1697612
7.1691917
7.1660029
7.1511827
7.1063451
7.2950272
7.1701865
7.1701857
7.1701842
7.1701824
7.1701805
7.1701785
7.1701762
7.1701737
7.1701712
7.1701685
7.1701656
7.1701625
7.1701593
7.1701559
7.1701522
7.1701482
7.1701436
7.170138
7.1701316
7.1701245
7.1701171
7.1701093
7.1701008
7.1700908
7.1700785
7.170063
7.1700433
7.1700191
7.1699906
7.169959
7.1699263
7.169895
7.1698663
7.1698329
7.1697315
7.1691612
7.1659695
7.1511397
7.1062646
7.2947876
7.1701549
7.1701541
7.1701526
7.1701508
7.1701488
7.1701467
7.1701445
7.170142
7.1701394
7.1701366
7.1701336
7.1701305
7.1701271
7.1701236
7.1701198
7.1701156
7.1701108
7.170105
7.1700983
7.1700909
7.1700833
7.1700752
7.1700664
7.1700562
7.1700437
7.1700283
7.170009
7.1699853
7.1699576
7.169927
7.1698954
7.1698651
7.169837
7.1698039
7.1697025
7.1691314
7.1659365
7.1510965
7.1061816
7.2945201
7.1701241
7.1701233
7.1701217
7.1701199
7.1701179
7.1701158
7.1701135
7.170111
7.1701083
7.1701055
7.1701024
7.1700992
7.1700957
7.1700921
7.1700881
7.1700838
7.1700787
7.1700727
7.1700658
7.1700582
7.1700503
7.1700419
7.1700329
7.1700224
7.1700099
7.1699945
7.1699755
7.1699524
7.1699254
7.1698958
7.1698653
7.1698359
7.1698085
7.1697757
7.1696742
7.1691024
7.1659041
7.1510532
7.1060957
7.2942205
7.1700941
7.1700932
7.1700916
7.1700898
7.1700878
7.1700857
7.1700833
7.1700808
7.1700781
7.1700752
7.170072
7.1700687
7.1700651
7.1700613
7.1700573
7.1700527
7.1700475
7.1700413
7.1700341
7.1700263
7.1700181
7.1700095
7.1700002
7.1699896
7.169977
7.1699617
7.1699429
7.1699203
7.1698941
7.1698654
7.1698359
7.1698074
7.1697807
7.1697482
7.1696467
7.169074
7.1658722
7.1510098
7.1060066
7.293884
7.1700648
7.170064
7.1700623
7.1700605
7.1700585
7.1700563
7.170054
7.1700513
7.1700486
7.1700456
7.1700424
7.170039
7.1700353
7.1700314
7.1700272
7.1700225
7.1700171
7.1700107
7.1700033
7.1699952
7.1699868
7.1699779
7.1699684
7.1699576
7.1699449
7.1699297
7.1699112
7.1698891
7.1698636
7.1698358
7.1698072
7.1697796
7.1697535
7.1697214
7.1696199
7.1690464
7.1658408
7.1509661
7.1059138
7.2935051
7.1700363
7.1700355
7.1700338
7.170032
7.1700299
7.1700277
7.1700253
7.1700227
7.1700199
7.1700168
7.1700136
7.17001
7.1700063
7.1700022
7.1699979
7.169993
7.1699875
7.1699808
7.1699732
7.1699649
7.1699563
7.1699472
7.1699374
7.1699265
7.1699137
7.1698986
7.1698803
7.1698587
7.169834
7.169807
7.1697793
7.1697525
7.1697271
7.1696953
7.1695939
7.1690194
7.16581
7.1509222
7.1058169
7.2930775
7.1700086
7.1700077
7.1700061
7.1700042
7.1700022
7.1699999
7.1699975
7.1699948
7.1699919
7.1699888
7.1699855
7.1699819
7.169978
7.1699739
7.1699694
7.1699644
7.1699586
7.1699518
7.169944
7.1699355
7.1699266
7.1699173
7.1699073
7.1698962
7.1698834
7.1698683
7.1698503
7.1698292
7.1698051
7.169779
7.1697521
7.1697261
7.1697013
7.1696699
7.1695685
7.1689932
7.1657796
7.1508779
7.1057154
7.2925938
7.1699817
7.1699808
7.1699791
7.1699772
7.1699751
7.1699729
7.1699704
7.1699676
7.1699647
7.1699616
7.1699582
7.1699545
7.1699505
7.1699463
7.1699416
7.1699365
7.1699305
7.1699235
7.1699155
7.1699068
7.1698977
7.1698881
7.169878
7.1698668
7.1698539
7.1698389
7.1698212
7.1698005
7.1697771
7.1697517
7.1697256
7.1697004
7.1696763
7.1696453
7.1695439
7.1689676
7.1657498
7.1508334
7.1056086
7.2920456
7.1699555
7.1699546
7.1699529
7.1699509
7.1699489
7.1699466
7.1699441
7.1699413
7.1699383
7.1699351
7.1699316
7.1699279
7.1699238
7.1699194
7.1699146
7.1699093
7.1699032
7.1698961
7.1698878
7.1698789
7.1698696
7.1698599
7.1698495
7.1698382
7.1698253
7.1698103
7.1697929
7.1697726
7.1697498
7.1697252
7.1696999
7.1696754
7.1696519
7.1696213
7.16952
7.1689427
7.1657204
7.1507883
7.1054958
7.2914234
7.16993
7.1699291
7.1699274
7.1699254
7.1699233
7.169921
7.1699185
7.1699157
7.1699127
7.1699094
7.1699059
7.169902
7.1698978
7.1698933
7.1698884
7.169883
7.1698767
7.1698694
7.169861
7.1698518
7.1698423
7.1698324
7.1698219
7.1698104
7.1697975
7.1697826
7.1697654
7.1697456
7.1697233
7.1696994
7.1696749
7.1696511
7.1696282
7.1695979
7.1694968
7.1689185
7.1656915
7.1507428
7.1053762
7.2907162
7.1699053
7.1699044
7.1699027
7.1699007
7.1698986
7.1698962
7.1698937
7.1698908
7.1698878
7.1698845
7.1698808
7.1698769
7.1698726
7.169868
7.169863
7.1698574
7.169851
7.1698434
7.1698348
7.1698255
7.1698158
7.1698057
7.169795
7.1697834
7.1697705
7.1697557
7.1697387
7.1697193
7.1696976
7.1696744
7.1696506
7.1696275
7.1696052
7.1695753
7.1694742
7.1688949
7.1656629
7.1506965
7.1052489
7.2899117
7.1698813
7.1698804
7.1698787
7.1698767
7.1698745
7.1698722
7.1698696
7.1698667
7.1698636
7.1698602
7.1698565
7.1698525
7.1698482
7.1698434
7.1698383
7.1698325
7.169826
7.1698183
7.1698095
7.1698
7.1697901
7.1697798
7.169769
7.1697573
7.1697443
7.1697296
7.1697129
7.1696939
7.1696727
7.1696501
7.169627
7.1696046
7.1695828
7.1695533
7.1694523
7.168872
7.1656347
7.1506495
7.1051126
7.2889958
7.169858
7.1698571
7.1698553
7.1698533
7.1698512
7.1698488
7.1698462
7.1698432
7.1698401
7.1698367
7.1698329
7.1698288
7.1698244
7.1698196
7.1698143
7.1698084
7.1698017
7.1697938
7.1697849
7.1697752
7.1697651
7.1697547
7.1697437
7.1697319
7.1697189
7.1697044
7.1696878
7.1696692
7.1696485
7.1696266
7.1696041
7.1695823
7.1695611
7.1695319
7.1694309
7.1688495
7.1656068
7.1506014
7.1049661
7.2879531
7.1698353
7.1698343
7.1698326
7.1698306
7.1698284
7.169826
7.1698234
7.1698204
7.1698172
7.1698138
7.1698099
7.1698058
7.1698012
7.1697963
7.1697909
7.1697849
7.1697781
7.1697701
7.169761
7.1697511
7.1697409
7.1697303
7.1697192
7.1697073
7.1696943
7.1696798
7.1696635
7.1696452
7.1696251
7.1696037
7.1695819
7.1695607
7.1695399
7.1695111
7.1694102
7.1688275
7.165579
7.1505518
7.1048073
7.286766
7.169813
7.169812
7.1698102
7.1698082
7.169806
7.1698036
7.1698009
7.169798
7.1697947
7.1697912
7.1697873
7.1697831
7.1697785
7.1697735
7.1697681
7.1697619
7.169755
7.1697468
7.1697376
7.1697276
7.1697172
7.1697065
7.1696953
7.1696834
7.1696703
7.1696559
7.1696398
7.1696219
7.1696022
7.1695813
7.1695601
7.1695394
7.1695191
7.1694906
7.1693897
7.1688058
7.1655509
7.1505003
7.1046339
7.2854157
7.1697904
7.1697894
7.1697877
7.1697857
7.1697835
7.1697811
7.1697784
7.1697754
7.1697722
7.1697686
7.1697647
7.1697605
7.1697558
7.1697508
7.1697453
7.1697391
7.169732
7.1697238
7.1697145
7.1697044
7.1696939
7.1696831
7.1696718
7.1696598
7.1696468
7.1696325
7.1696166
7.1695989
7.1695796
7.1695592
7.1695385
7.1695182
7.1694983
7.16947
7.169369
7.1687838
7.1655221
7.1504459
7.104442
7.2838815
7.1697666
7.1697655
7.1697638
7.1697618
7.1697596
7.1697572
7.1697546
7.1697516
7.1697484
7.1697449
7.169741
7.1697368
7.1697321
7.1697271
7.1697216
7.1697154
7.1697084
7.1697002
7.1696909
7.1696808
7.1696703
7.1696594
7.1696481
7.1696361
7.1696232
7.169609
7.1695932
7.1695758
7.1695568
7.1695367
7.1695163
7.1694963
7.1694765
7.1694483
7.1693471
7.1687603
7.1654914
7.1503866
7.1042261
7.2821424
7.1697388
7.1697378
7.1697361
7.1697341
7.169732
7.1697296
7.169727
7.1697241
7.169721
7.1697176
7.1697138
7.1697097
7.1697053
7.1697004
7.1696951
7.1696891
7.1696822
7.1696742
7.1696651
7.1696552
7.1696448
7.1696341
7.169623
7.1696111
7.1695983
7.1695841
7.1695685
7.1695512
7.1695323
7.1695124
7.1694919
7.1694719
7.1694519
7.1694234
7.1693216
7.168733
7.1654559
7.1503192
7.1039768
7.2801767
7.1697019
7.1697009
7.1696992
7.1696973
7.1696953
7.1696931
7.1696907
7.169688
7.1696851
7.1696819
7.1696785
7.1696748
7.1696707
7.1696663
7.1696614
7.169656
7.1696496
7.1696422
7.1696337
7.1696243
7.1696145
7.1696042
7.1695935
7.169582
7.1695693
7.1695554
7.1695398
7.1695224
7.1695033
7.1694829
7.1694619
7.1694411
7.1694203
7.1693909
7.1692879
7.1686968
7.1654105
7.1502374
7.1036797
7.2779646
7.1696456
7.1696446
7.1696431
7.1696413
7.1696396
7.1696376
7.1696355
7.1696332
7.1696308
7.1696283
7.1696255
7.1696225
7.1696193
7.1696159
7.1696121
7.1696078
7.1696027
7.1695965
7.1695893
7.1695812
7.1695726
7.1695635
7.1695537
7.1695429
7.1695308
7.1695171
7.1695014
7.1694835
7.1694635
7.1694418
7.1694191
7.1693963
7.1693734
7.1693419
7.1692366
7.1686419
7.1653447
7.1501291
7.1033119
7.2754902
7.1695506
7.1695498
7.1695484
7.1695469
7.1695456
7.1695442
7.1695428
7.1695413
7.1695398
7.1695384
7.1695369
7.1695354
7.1695339
7.1695324
7.1695307
7.1695287
7.1695261
7.1695225
7.1695179
7.1695125
7.1695065
7.1694997
7.1694919
7.1694827
7.1694716
7.1694582
7.1694422
7.1694231
7.1694011
7.1693764
7.16935
7.169323
7.1692957
7.1692601
7.1691505
7.1685502
7.1652395
7.1499728
7.1028381
7.2727472
7.1693834
7.1693827
7.1693816
7.1693808
7.1693802
7.1693797
7.1693795
7.1693795
7.1693797
7.1693803
7.1693812
7.1693825
7.1693841
7.169386
7.1693882
7.1693905
7.1693924
7.1693937
7.1693942
7.1693937
7.1693925
7.1693902
7.1693863
7.1693802
7.1693711
7.1693585
7.1693417
7.1693203
7.1692942
7.1692639
7.1692304
7.1691955
7.1691602
7.1691169
7.1689995
7.1683906
7.1650622
7.149733
7.1022069
7.2697474
7.1690901
7.1690896
7.169089
7.1690891
7.1690898
7.169091
7.1690928
7.1690952
7.1690984
7.1691024
7.1691073
7.1691133
7.1691202
7.1691281
7.169137
7.1691466
7.1691565
7.1691663
7.1691755
7.1691839
7.1691913
7.169197
7.1692002
7.1691996
7.1691943
7.1691831
7.1691652
7.1691398
7.1691067
7.1690665
7.1690209
7.1689724
7.1689231
7.1688667
7.1687364
7.1681138
7.1647619
7.149355
7.1013486
7.2665363
7.1685943
7.1685942
7.1685943
7.1685959
7.1685986
7.1686024
7.1686073
7.1686136
7.1686215
7.168631
7.1686422
7.1686555
7.1686709
7.1686884
7.168708
7.1687295
7.1687523
7.1687758
7.1687994
7.1688223
7.1688441
7.1688633
7.1688784
7.1688875
7.1688889
7.1688807
7.1688615
7.1688301
7.168786
7.1687302
7.1686653
7.1685953
7.1685241
7.1684469
7.1682962
7.1676527
7.1642686
7.148766
7.1001834
7.2632211
7.1678095
7.1678096
7.1678108
7.1678145
7.1678201
7.1678276
7.1678372
7.1678491
7.1678637
7.1678812
7.1679018
7.1679259
7.1679537
7.1679853
7.1680208
7.1680599
7.1681019
7.1681461
7.1681915
7.1682368
7.1682808
7.1683211
7.1683552
7.1683802
7.168393
7.1683907
7.168371
7.1683319
7.1682729
7.1681952
7.168103
7.1680022
7.1678994
7.1677918
7.1676117
7.1669374
7.1635101
7.1478923
7.0986511
7.2600158
7.1666889
7.1666889
7.1666913
7.1666979
7.1667073
7.1667197
7.1667354
7.1667547
7.1667782
7.1668062
7.1668391
7.1668775
7.1669218
7.1669722
7.167029
7.1670919
7.1671601
7.1672328
7.1673084
7.1673849
7.1674602
7.1675309
7.1675929
7.1676417
7.1676727
7.1676813
7.1676639
7.1676179
7.1675419
7.1674381
7.1673122
7.1671729
7.16703
7.166883
7.1666646
7.1659487
7.1624662
7.1467183
7.0967894
7.2574427
7.165368
7.1653669
7.1653704
7.1653802
7.1653939
7.1654119
7.1654344
7.1654621
7.1654956
7.1655356
7.1655825
7.1656374
7.1657006
7.165773
7.1658546
7.1659457
7.1660454
7.1661527
7.1662659
7.1663825
7.1664995
7.1666122
7.1667151
7.166802
7.1668662
7.1669011
7.1669005
7.1668611
7.1667799
7.1666587
7.1665045
7.1663287
7.166144
7.1659519
7.1656863
7.1649128
7.1613563
7.1454695
7.0950336
7.2564715
7.1646541
7.1646502
7.1646538
7.1646658
7.1646825
7.1647043
7.1647317
7.1647652
7.1648058
7.1648541
7.164911
7.1649776
7.1650547
7.1651432
7.1652437
7.1653566
7.1654813
7.1656169
7.1657619
7.1659136
7.1660684
7.1662212
7.1663654
7.1664935
7.1665974
7.1666689
7.1666996
7.1666847
7.1666202
7.1665058
7.1663484
7.1661602
7.1659553
7.1657351
7.1654356
7.1646121
7.1609904
7.1450067
7.0945003
7.2581778
7.165944
7.1659342
7.1659359
7.1659479
7.1659647
7.1659868
7.1660144
7.1660482
7.1660892
7.1661382
7.1661961
7.1662642
7.1663437
7.1664356
7.1665411
7.1666611
7.1667958
7.1669452
7.1671083
7.1672838
7.1674687
7.1676589
7.1678485
7.1680301
7.1681954
7.1683354
7.1684399
7.1685006
7.1685108
7.168465
7.1683644
7.1682179
7.1680374
7.1678204
7.1675077
7.1666371
7.1629492
7.1469148
7.0971423
7.2654459
7.1729112
7.1728901
7.172886
7.1728929
7.1729029
7.1729165
7.1729334
7.1729542
7.1729798
7.173011
7.1730484
7.1730933
7.1731474
7.1732114
7.1732877
7.1733779
7.1734839
7.1736073
7.1737496
7.1739133
7.1740982
7.1743044
7.1745304
7.1747726
7.1750256
7.1752816
7.1755295
7.1757562
7.1759473
7.176086
7.1761593
7.1761636
7.1761015
7.1759592
7.1756887
7.1747995
7.1710699
7.1550808
7.1073925
7.283068
7.1927395
7.1926999
7.192684
7.1926771
7.1926692
7.1926601
7.1926485
7.1926347
7.1926192
7.1926024
7.1925839
7.1925649
7.1925475
7.1925315
7.1925213
7.1925191
7.1925299
7.1925587
7.1926114
7.1926985
7.1928263
7.193005
7.1932435
7.1935476
7.1939213
7.1943615
7.1948577
7.19539
7.1959282
7.1964343
7.1968657
7.1971922
7.197397
7.1974423
7.1973064
7.1964498
7.1927223
7.1769039
7.1331831
7.3194303
7.2387087
7.2386419
7.2386059
7.2385733
7.2385315
7.2384803
7.2384159
7.2383372
7.2382447
7.2381381
7.2380147
7.2378751
7.2377219
7.2375534
7.2373762
7.2371936
7.2370156
7.2368523
7.2367169
7.2366343
7.236622
7.2367079
7.236921
7.2372849
7.2378213
7.2385374
7.2394253
7.2404547
7.2415681
7.2426909
7.2437297
7.2446089
7.2452799
7.2456618
7.2457863
7.2450326
7.2413648
7.2258418
7.1884035
7.3877815
7.3344893
7.3343862
7.3343206
7.3342477
7.3341532
7.3340368
7.3338909
7.3337117
7.3334998
7.3332542
7.3329679
7.3326404
7.3322756
7.3318683
7.3314288
7.330961
7.3304824
7.3300104
7.3295685
7.3292039
7.3289507
7.3288655
7.3290069
7.3294273
7.3301778
7.3312814
7.3327349
7.3344926
7.3364541
7.3384891
7.3404268
7.3421239
7.3434891
7.3443694
7.344905
7.3443266
7.3407731
7.3256183
7.2969258
7.5108987
7.5219682
7.5218212
7.5217164
7.5215885
7.521422
7.5212186
7.5209639
7.5206489
7.5202759
7.5198438
7.5193383
7.5187574
7.5181072
7.5173774
7.5165829
7.5157275
7.5148395
7.5139454
7.5130814
7.5123253
7.5117331
7.5113995
7.5114274
7.5119052
7.5129248
7.5145337
7.5167327
7.519455
7.5225399
7.5257803
7.5289003
7.5316667
7.5339412
7.5354562
7.53655
7.5362053
7.5327866
7.5179399
7.5002837
7.728827
7.8790011
7.8788048
7.8786519
7.8784553
7.8781992
7.8778906
7.8775042
7.8770227
7.8764523
7.8757935
7.8750201
7.8741291
7.8731297
7.872005
7.8707757
7.8694438
7.8680528
7.8666388
7.8652525
7.8640115
7.8629975
7.8623528
7.8622352
7.8627839
7.8641343
7.8663692
7.8694919
7.8734079
7.8778765
7.882593
7.8871472
7.8911963
7.8945618
7.8967962
7.8985786
7.8984896
7.8951623
7.8803991
7.875562
8.1173157
8.5694038
8.5691554
8.5689463
8.5686693
8.5683089
8.5678828
8.5673489
8.5666766
8.5658806
8.5649656
8.5638864
8.5626407
8.5612423
8.5596647
8.5579369
8.5560554
8.5540838
8.5520688
8.5500747
8.5482691
8.5467613
8.5457513
8.5454623
8.5460965
8.5478422
8.5508216
8.5550421
8.5603731
8.5664717
8.572916
8.5791276
8.5846356
8.5892431
8.5922182
8.5948059
8.5949395
8.5915634
8.5763998
8.5855064
8.8392525
10.028079
10.027774
10.027496
10.027125
10.026643
10.026086
10.025386
10.024493
10.023438
10.022229
10.020795
10.019137
10.017272
10.01516
10.012844
10.010305
10.007635
10.004893
10.002153
9.9996493
9.9975209
9.9960412
9.9955172
9.9962316
9.9984481
10.002335
10.007909
10.014994
10.02311
10.031686
10.039918
10.047174
10.053272
10.057013
10.06059
10.06084
10.057115
10.040444
10.064556
10.334626
14.143219
14.142816
14.142421
14.141903
14.141228
14.14046
14.139486
14.138237
14.136759
14.135065
14.133032
14.13068
14.128014
14.124969
14.121618
14.117898
14.113957
14.109866
14.105713
14.101851
14.098473
14.095992
14.094876
14.095563
14.098485
14.103906
14.11188
14.122155
14.133988
14.146534
14.158525
14.169031
14.177868
14.182925
14.188301
14.188419
14.18348
14.161139
14.205822
14.534819
)
;

boundaryField
{
    piston
    {
        type            calculated;
        value           nonuniform List<scalar> 
40
(
50.087917
50.087917
50.087917
50.087917
50.087917
50.087917
50.087917
50.087917
50.087917
50.087917
50.087917
50.087918
50.087918
50.087918
50.087918
50.087919
50.087919
50.08792
50.08792
50.08792
50.087921
50.087921
50.087921
50.087921
50.08792
50.087918
50.087915
50.087914
50.087912
50.08791
50.087909
50.087909
50.08791
50.08791
50.087909
50.087909
50.087909
50.08791
50.087911
50.087911
)
;
    }
    cylinderHead
    {
        type            calculated;
        value           nonuniform List<scalar> 
40
(
46.273258
46.273258
46.273258
46.273258
46.273258
46.273258
46.273258
46.273258
46.273258
46.273258
46.273258
46.273257
46.273257
46.273257
46.273257
46.273257
46.273257
46.273257
46.273257
46.273257
46.273257
46.273257
46.273257
46.273257
46.273257
46.273258
46.273258
46.273258
46.273258
46.273259
46.273259
46.27326
46.27326
46.27326
46.273261
46.273261
46.273261
46.273262
46.273262
46.273262
)
;
    }
    cylinderWall
    {
        type            calculated;
        value           nonuniform List<scalar> 
120
(
56.504661
56.504663
56.504666
56.504668
56.50467
56.504672
56.504675
56.504677
56.504679
56.504681
56.504683
56.504685
56.504687
56.504689
56.504692
56.504694
56.504696
56.504698
56.5047
56.504702
56.504704
56.504707
56.504709
56.504711
56.504713
56.504715
56.504717
56.504719
56.504721
56.504723
56.504725
56.504727
56.504729
56.50473
56.504732
56.504734
56.504736
56.504738
56.504739
56.504741
56.504743
56.504744
56.504746
56.504748
56.504749
56.504751
56.504752
56.504754
56.504755
56.504757
56.504758
56.50476
56.504761
56.504763
56.504764
56.504765
56.504767
56.504768
56.504769
56.50477
56.504772
56.504773
56.504774
56.504775
56.504776
56.504777
56.504778
56.50478
56.504781
56.504782
56.504783
56.504784
56.504785
56.504786
56.504786
56.504787
56.504788
56.504789
56.50479
56.504791
56.504792
56.504792
56.504793
56.504794
56.504795
56.504795
56.504796
56.504797
56.504797
56.504798
56.504798
56.504799
56.5048
56.5048
56.504801
56.504801
56.504801
56.504802
56.504802
56.504803
56.504803
56.504803
56.504804
56.504804
56.504804
56.504805
56.504805
56.504805
56.504805
56.504806
56.504806
56.504806
56.504806
56.504806
56.504806
56.504806
56.504806
56.504806
56.504806
56.504806
)
;
    }
    wedgeFront
    {
        type            wedge;
    }
    wedgeBack
    {
        type            wedge;
    }
    axis
    {
        type            empty;
    }
}


// ************************************************************************* //
