/*--------------------------------*- C++ -*----------------------------------*\
  =========                 |
  \\      /  F ield         | OpenFOAM: The Open Source CFD Toolbox
   \\    /   O peration     | Website:  https://openfoam.org
    \\  /    A nd           | Version:  13
     \\/     M anipulation  |
\*---------------------------------------------------------------------------*/
FoamFile
{
    format      ascii;
    class       volScalarField;
    location    "27";
    object      T;
}
// * * * * * * * * * * * * * * * * * * * * * * * * * * * * * * * * * * * * * //

dimensions      [0 0 0 1 0 0 0];

internalField   nonuniform List<scalar> 
4800
(
1872.27
1871.8049
1871.7678
1871.7256
1871.6554
1871.5614
1871.433
1871.2732
1871.0623
1870.7942
1870.4559
1870.0177
1869.4511
1868.7185
1867.7539
1866.4705
1864.7458
1862.4086
1859.2508
1855.1655
1850.857
1850.1482
1862.3993
1888.6767
1903.7657
1876.3751
1767.2428
1647.8103
1645.1533
1752.839
1860.5686
1925.7377
1937.8672
1933.4873
1932.7343
1954.3917
2007.2231
2080.5245
2167.3408
2247.3475
2414.1175
2413.4164
2413.3448
2413.2861
2413.185
2413.0479
2412.8616
2412.6284
2412.3232
2411.9365
2411.4486
2410.8193
2410.0076
2408.959
2407.581
2405.7499
2403.291
2399.9625
2395.4809
2389.7539
2384.1277
2384.5682
2403.761
2437.844
2447.8184
2388.1058
2225.1308
2070.9767
2080.9812
2253.4312
2412.5738
2494.6433
2506.2441
2499.8958
2500.1747
2528.4493
2591.0694
2673.5003
2763.7977
2828.2981
2823.8333
2823.0276
2822.9234
2822.8682
2822.7669
2822.6251
2822.4317
2822.1875
2821.8692
2821.4656
2820.9546
2820.2959
2819.4455
2818.3435
2816.8922
2814.9583
2812.3518
2808.8095
2804.0317
2797.9874
2792.5522
2794.932
2817.9414
2849.6115
2841.9478
2742.0629
2550.0381
2402.2457
2444.5584
2668.3773
2849.5643
2923.5356
2930.5486
2921.869
2922.0776
2947.9299
3000.3592
3063.563
3109.1467
3115.2406
3088.3956
3087.6453
3087.5257
3087.4923
3087.4222
3087.3171
3087.1706
3086.9835
3086.7386
3086.4267
3086.0292
3085.5143
3084.8461
3083.9742
3082.8187
3081.2681
3079.1628
3076.2806
3072.3812
3067.537
3063.8228
3068.4648
3091.6174
3114.3934
3084.9252
2958.9656
2769.5924
2658.327
2735.8029
2978.0402
3146.7547
3198.2906
3199.1555
3187.3583
3185.2667
3202.1848
3234.8428
3264.2912
3276.4906
3241.0986
3243.3405
3242.7385
3242.62
3242.6152
3242.5892
3242.5395
3242.4644
3242.3661
3242.235
3242.0656
3241.8465
3241.558
3241.1781
3240.6744
3239.9962
3239.0717
3237.7969
3236.0271
3233.6292
3230.8097
3229.746
3237.0579
3259.0264
3272.0884
3225.6683
3094.4021
2928.7901
2859.3168
2961.7966
3193.0948
3328.2797
3359.3785
3353.8251
3338.6491
3332.7987
3339.1711
3352.0348
3361.0165
3353.7699
3291.7368
3324.4633
3324.0715
3323.979
3323.9981
3324.0112
3324.0143
3324.0091
3323.9992
3323.9817
3323.9562
3323.9192
3323.8646
3323.7862
3323.675
3323.5163
3323.2914
3322.9782
3322.5649
3322.1274
3322.2066
3325.0563
3335.858
3356.7358
3362.9144
3307.9748
3182.0915
3052.5961
3017.96
3132.4069
3335.1291
3433.1083
3448.7084
3436.7555
3419.7948
3409.9549
3407.5018
3408.5247
3405.997
3388.7006
3310.8824
3364.0234
3363.7658
3363.6936
3363.7251
3363.7594
3363.7918
3363.826
3363.8662
3363.9134
3363.9698
3364.0372
3364.117
3364.2128
3364.3294
3364.4739
3364.6602
3364.9168
3365.3179
3366.0711
3367.971
3373.3476
3387.6621
3411.5253
3415.157
3359.703
3246.2321
3151.7635
3142.8845
3258.9808
3425.8291
3492.4416
3496.6866
3477.6423
3460.2321
3448.4408
3440.7521
3434.7876
3426.1316
3404.7192
3317.8831
3382.1226
3381.9517
3381.8962
3381.9323
3381.9753
3382.0212
3382.074
3382.1382
3382.2167
3382.3133
3382.4321
3382.5791
3382.7626
3382.9955
3383.2967
3383.6982
3384.2578
3385.0998
3386.5187
3389.342
3395.9585
3412.3308
3439.5382
3445.7421
3393.9411
3297.3415
3231.5153
3240.7789
3351.358
3483.1963
3526.3476
3520.6767
3496.4172
3479.2788
3467.0957
3456.4892
3446.3379
3434.6944
3412.4261
3320.489
3389.5616
3389.4481
3389.4065
3389.442
3389.486
3389.535
3389.5931
3389.6646
3389.753
3389.8625
3389.9986
3390.1688
3390.3839
3390.6599
3391.0212
3391.5082
3392.1932
3393.2202
3394.9185
3398.0732
3405.3161
3422.8935
3452.9765
3463.593
3419.4253
3339.8236
3295.3854
3317.1526
3418.2669
3519.82
3546.361
3531.8202
3503.7509
3487.1395
3475.5323
3463.5521
3450.8944
3437.9488
3416.6108
3321.568
3392.0707
3391.9928
3391.9613
3391.9943
3392.0358
3392.0833
3392.1403
3392.2108
3392.2985
3392.4075
3392.5436
3392.7148
3392.9321
3393.2126
3393.5822
3394.0836
3394.795
3395.8607
3397.5768
3400.7982
3408.2593
3426.5017
3458.8041
3474.7979
3439.806
3375.5387
3346.7173
3376.3725
3466.6335
3543.8983
3558.6385
3536.1786
3505.5871
3489.3762
3478.7169
3466.3336
3452.2619
3438.8276
3419.4651
3322.099
3392.5932
3392.5313
3392.5048
3392.5359
3392.5753
3392.6209
3392.6759
3392.7442
3392.8292
3392.9352
3393.0677
3393.2346
3393.4471
3393.7221
3394.0854
3394.58
3395.2861
3396.335
3398.013
3401.1988
3408.6773
3427.1852
3460.6227
3482.2009
3456.7105
3405.7227
3388.0435
3422.1628
3501.7812
3560.4211
3566.6869
3537.207
3503.7142
3488.7822
3479.4037
3467.071
3452.3817
3438.5303
3421.7038
3322.5129
3391.7186
3391.6864
3391.6711
3391.6947
3391.7249
3391.7604
3391.8038
3391.8578
3391.9254
3392.0098
3392.1159
3392.2502
3392.4223
3392.6463
3392.9448
3393.3562
3393.9459
3394.8169
3396.2667
3399.1443
3406.2608
3424.8055
3460.3615
3487.1422
3471.0469
3431.2
3421.3819
3457.5841
3527.6096
3572.3841
3572.2963
3535.8598
3497.6297
3483.7112
3477.3736
3466.385
3450.7805
3436.8425
3423.5433
3322.9138
3390.3886
3390.372
3390.3635
3390.3803
3390.4019
3390.4276
3390.4592
3390.4986
3390.548
3390.61
3390.6879
3390.787
3390.9145
3391.0815
3391.3054
3391.6181
3392.0582
3392.731
3393.8892
3396.3051
3402.6846
3420.5013
3457.4379
3490.0784
3483.2385
3452.7245
3448.3661
3485.0588
3546.7961
3581.7278
3576.3447
3532.15
3489.2181
3475.5288
3472.1402
3463.6478
3448.0479
3434.3138
3425.0437
3323.3258
3389.2686
3389.26
3389.2557
3389.267
3389.2816
3389.2991
3389.3207
3389.3477
3389.3815
3389.4239
3389.4773
3389.5454
3389.6333
3389.7488
3389.905
3390.1218
3390.4294
3390.9158
3391.7818
3393.6892
3399.1231
3415.5843
3452.7789
3491.386
3493.4904
3470.9552
3470.3172
3506.4784
3561.3558
3589.3782
3579.5649
3527.1017
3479.8946
3465.4257
3464.2381
3459.0176
3444.3977
3431.1753
3426.2166
3323.7594
3388.4981
3388.4937
3388.4917
3388.4991
3388.5086
3388.5201
3388.5342
3388.5519
3388.5739
3388.6013
3388.6359
3388.6799
3388.7367
3388.8115
3388.9133
3389.0517
3389.2566
3389.5881
3390.1989
3391.625
3396.0471
3410.7136
3447.0969
3491.6837
3502.0003
3486.4212
3488.3052
3523.3027
3572.6097
3595.8614
3582.3048
3521.2335
3470.607
3454.5937
3454.3929
3452.5649
3439.9067
3427.5775
3427.0508
3324.225
3388.0386
3388.0364
3388.0357
3388.0401
3388.0457
3388.0524
3388.0607
3388.0709
3388.0838
3388.0999
3388.1203
3388.1463
3388.1801
3388.2252
3388.2859
3388.3704
3388.5007
3388.717
3389.1254
3390.1417
3393.5966
3406.2305
3440.8348
3490.2266
3508.9027
3499.5857
3503.173
3536.6034
3581.4426
3601.4019
3584.0496
3514.8409
3461.8844
3444.0438
3443.599
3444.5573
3434.6404
3423.7055
3427.4605
3324.736
3387.8098
3387.8087
3387.8087
3387.8114
3387.8148
3387.8188
3387.8237
3387.8298
3387.8372
3387.8463
3387.8578
3387.8722
3387.8908
3387.9154
3387.9481
3387.9956
3388.0691
3388.1948
3388.4532
3389.1472
3391.7489
3402.2941
3434.3449
3486.8942
3514.2589
3510.8267
3515.5767
3547.1756
3588.438
3606.1583
3584.6901
3508.1335
3453.936
3434.4526
3432.9177
3435.5483
3428.7
3419.8105
3427.5794
3325.3113
3387.7068
3387.7062
3387.7065
3387.7084
3387.7106
3387.7132
3387.7163
3387.72
3387.7245
3387.73
3387.7367
3387.745
3387.7556
3387.7692
3387.7877
3387.8146
3387.8557
3387.9251
3388.07
3388.5191
3390.4131
3398.9538
3427.8714
3481.8238
3517.6273
3520.4461
3526.0432
3555.6293
3593.9854
3610.2085
3584.5545
3501.2793
3446.7784
3426.1386
3423.2161
3426.3579
3422.3382
3416.0982
3427.2947
3325.9749
3387.6685
3387.6681
3387.6685
3387.6699
3387.6715
3387.6734
3387.6757
3387.6783
3387.6814
3387.6851
3387.6895
3387.6948
3387.7014
3387.7098
3387.7212
3387.7368
3387.7601
3387.7985
3387.8792
3388.1454
3389.481
3396.199
3421.5669
3475.294
3519.0315
3528.6061
3534.9906
3562.4421
3598.3497
3613.5652
3582.2268
3494.3985
3440.3444
3419.1465
3414.9592
3417.7957
3416.0165
3412.6867
3426.4643
3326.7572
3387.6595
3387.6592
3387.6597
3387.6609
3387.6623
3387.6639
3387.6658
3387.668
3387.6706
3387.6736
3387.6772
3387.6814
3387.6866
3387.693
3387.7004
3387.7102
3387.7245
3387.7474
3387.7933
3387.9464
3388.8518
3393.9867
3415.6058
3467.5973
3519.1767
3535.3614
3542.7414
3567.9967
3601.7343
3616.3355
3577.3866
3487.5587
3434.5498
3413.3669
3408.2819
3410.3861
3410.1702
3409.6389
3425.4137
3327.5159
3387.6701
3387.6699
3387.6705
3387.6714
3387.6725
3387.6738
3387.6752
3387.6768
3387.6785
3387.6806
3387.6829
3387.6855
3387.6886
3387.6924
3387.6978
3387.7053
3387.7161
3387.7331
3387.7614
3387.8507
3388.4411
3392.2556
3410.1404
3458.9678
3517.1576
3540.7288
3549.5272
3572.6112
3604.2704
3617.912
3570.0757
3480.7911
3429.3218
3408.6347
3403.0991
3404.3522
3405.1068
3407.0106
3424.3971
3328.1552
3387.6978
3387.6977
3387.6982
3387.6991
3387.7
3387.7011
3387.7022
3387.7035
3387.7049
3387.7064
3387.708
3387.7097
3387.7118
3387.7142
3387.7172
3387.7212
3387.727
3387.736
3387.754
3387.8108
3388.1835
3390.9367
3405.2874
3449.7505
3512.518
3543.9614
3555.4911
3576.5421
3606.1771
3618.4389
3560.7566
3474.111
3424.6044
3404.8156
3399.1748
3399.684
3400.9662
3404.8351
3423.5014
3328.6697
3387.7333
3387.7332
3387.7338
3387.7345
3387.7354
3387.7363
3387.7373
3387.7384
3387.7396
3387.7409
3387.7422
3387.7435
3387.745
3387.7467
3387.7487
3387.751
3387.7541
3387.7581
3387.7651
3387.7993
3388.0309
3389.9596
3401.1173
3440.3462
3505.4695
3545.1885
3560.6857
3579.9784
3607.3402
3617.6402
3550.145
3467.5486
3420.3574
3401.7844
3396.2498
3396.2226
3397.7512
3403.1061
3422.744
3329.0766
3387.772
3387.7719
3387.7725
3387.7732
3387.774
3387.7749
3387.7759
3387.7769
3387.778
3387.7791
3387.7802
3387.7814
3387.7827
3387.784
3387.7854
3387.787
3387.7886
3387.79
3387.791
3387.805
3387.952
3389.2573
3397.6528
3431.0867
3496.2482
3544.9351
3564.796
3583.053
3607.7578
3613.2263
3539.3535
3460.8855
3416.5546
3399.3135
3394.0892
3393.74
3395.3725
3401.7821
3422.1158
3329.3925
3387.8118
3387.8117
3387.8123
3387.813
3387.8138
3387.8147
3387.8156
3387.8166
3387.8176
3387.8186
3387.8197
3387.8208
3387.822
3387.8231
3387.8243
3387.8254
3387.8264
3387.8262
3387.8239
3387.8267
3387.9164
3388.7697
3394.8751
3422.3221
3485.1168
3542.2456
3566.8638
3585.4752
3607.7924
3605.2593
3528.4679
3454.0009
3412.9582
3397.2516
3392.5008
3392.0131
3393.6841
3400.7998
3421.5985
3329.6336
3387.8519
3387.8518
3387.8523
3387.8531
3387.8538
3387.8547
3387.8556
3387.8566
3387.8575
3387.8585
3387.8596
3387.8606
3387.8617
3387.8628
3387.8638
3387.8647
3387.8652
3387.8642
3387.86
3387.8566
3387.9051
3388.4448
3392.7303
3414.3781
3472.523
3536.4744
3567.4433
3586.6029
3607.0008
3594.8033
3516.9999
3446.9696
3409.5338
3395.5139
3391.3379
3390.8435
3392.5298
3400.0887
3421.1725
3329.8167
3387.8917
3387.8916
3387.8922
3387.8929
3387.8937
3387.8945
3387.8954
3387.8964
3387.8973
3387.8983
3387.8993
3387.9004
3387.9015
3387.9025
3387.9034
3387.9042
3387.9044
3387.9026
3387.8974
3387.8906
3387.9102
3388.2392
3391.1391
3407.5172
3459.1407
3527.6554
3566.2893
3586.8617
3604.3252
3582.4783
3504.9155
3439.9048
3406.3049
3394.0501
3390.4915
3390.0701
3391.7677
3399.5822
3420.8201
3329.9547
3387.9312
3387.9312
3387.9318
3387.9325
3387.9332
3387.934
3387.9349
3387.9359
3387.9368
3387.9378
3387.9388
3387.9399
3387.9409
3387.9419
3387.9428
3387.9435
3387.9434
3387.9411
3387.9352
3387.9266
3387.9304
3388.1232
3390.0074
3401.8866
3445.8778
3516.0316
3562.3873
3585.4339
3599.0252
3568.4967
3492.3816
3432.9365
3403.3091
3392.8263
3389.8805
3389.5705
3391.2805
3399.2233
3420.5269
3330.058
3387.9704
3387.9703
3387.9709
3387.9716
3387.9724
3387.9732
3387.9741
3387.975
3387.9759
3387.9769
3387.9779
3387.979
3387.98
3387.981
3387.9818
3387.9824
3387.9821
3387.9793
3387.9731
3387.9635
3387.9586
3388.0676
3389.2384
3397.5424
3433.7097
3502.0402
3554.8654
3581.1994
3590.5024
3552.9109
3479.6576
3426.2059
3400.5831
3391.8158
3389.4446
3389.2555
3390.9787
3398.967
3420.281
3330.1341
3388.0091
3388.009
3388.0096
3388.0103
3388.0111
3388.0119
3388.0127
3388.0136
3388.0146
3388.0156
3388.0167
3388.0177
3388.0187
3388.0197
3388.0205
3388.021
3388.0204
3388.0172
3388.0107
3388.0008
3387.991
3388.0477
3388.7415
3394.3893
3422.9804
3486.5735
3543.841
3573.3658
3578.3698
3535.8224
3467.05
3419.8534
3398.1569
3390.995
3389.1388
3389.0626
3390.7976
3398.7802
3420.0734
3330.1893
3388.0474
3388.0473
3388.0479
3388.0486
3388.0494
3388.0501
3388.051
3388.0519
3388.0529
3388.0539
3388.0549
3388.056
3388.057
3388.0579
3388.0587
3388.0591
3388.0582
3388.0547
3388.0481
3388.0381
3388.0257
3388.0455
3388.4385
3392.1745
3413.9479
3470.6023
3529.7116
3561.7655
3562.6859
3517.6927
3454.7816
3414.0037
3396.0495
3390.3416
3388.9296
3388.9522
3390.6926
3398.6394
3419.8971
3330.2282
3388.0852
3388.0852
3388.0857
3388.0865
3388.0872
3388.088
3388.0888
3388.0898
3388.0907
3388.0917
3388.0928
3388.0938
3388.0948
3388.0958
3388.0965
3388.0968
3388.0956
3388.0918
3388.0852
3388.0752
3388.0616
3388.0614
3388.2785
3390.6676
3406.6623
3455.0483
3513.2265
3546.6144
3544.0458
3499.0836
3443.1387
3408.7591
3394.2669
3389.8334
3388.7914
3388.8985
3390.6365
3398.5291
3419.7468
3330.2545
3388.1226
3388.1225
3388.1231
3388.1238
3388.1246
3388.1253
3388.1262
3388.1271
3388.1281
3388.1291
3388.1302
3388.1312
3388.1322
3388.1332
3388.1339
3388.1341
3388.1326
3388.1285
3388.122
3388.1121
3388.0981
3388.0882
3388.2047
3389.678
3401.0213
3440.6783
3495.3659
3528.6146
3523.4127
3480.6885
3432.4103
3404.192
3392.8013
3389.449
3388.7046
3388.8765
3390.61
3398.4392
3419.6183
3330.2715
3388.1595
3388.1595
3388.16
3388.1607
3388.1615
3388.1623
3388.1631
3388.1641
3388.1651
3388.1661
3388.1671
3388.1682
3388.1692
3388.1701
3388.1708
3388.1708
3388.1691
3388.1649
3388.1584
3388.1487
3388.1348
3388.12
3388.178
3389.0534
3396.8243
3428.0416
3477.1907
3508.841
3501.957
3463.2166
3422.8423
3400.3373
3391.6326
3389.1673
3388.6596
3388.8708
3390.5994
3398.3634
3419.5084
3330.2812
3388.1959
3388.1959
3388.1965
3388.1972
3388.1979
3388.1987
3388.1996
3388.2006
3388.2016
3388.2026
3388.2037
3388.2047
3388.2057
3388.2067
3388.2073
3388.2072
3388.2051
3388.2009
3388.1945
3388.185
3388.1713
3388.1544
3388.1732
3388.6765
3393.8219
3417.4449
3459.6981
3488.5347
3480.9008
3447.2823
3414.6018
3397.1896
3390.7302
3388.9689
3388.6399
3388.8744
3390.5968
3398.2979
3419.4145
3330.2851
3388.2319
3388.2319
3388.2325
3388.2332
3388.2339
3388.2347
3388.2356
3388.2366
3388.2376
3388.2386
3388.2397
3388.2408
3388.2418
3388.2427
3388.2433
3388.243
3388.2407
3388.2364
3388.2302
3388.221
3388.2077
3388.1901
3388.187
3388.4676
3391.7568
3408.9612
3443.707
3468.8973
3461.319
3433.3396
3407.7588
3394.7065
3390.0571
3388.8361
3388.6344
3388.8883
3390.5981
3398.2404
3419.3347
3330.2856
3388.2674
3388.2674
3388.268
3388.2687
3388.2695
3388.2703
3388.2712
3388.2722
3388.2732
3388.2742
3388.2753
3388.2764
3388.2774
3388.2783
3388.2789
3388.2783
3388.2758
3388.2716
3388.2655
3388.2566
3388.2438
3388.2263
3388.2132
3388.3658
3390.3916
3402.4617
3429.7991
3450.9245
3444.0032
3421.6362
3402.2862
3392.8165
3389.5734
3388.7539
3388.6383
3388.9081
3390.604
3398.1898
3419.267
3330.2838
3388.3025
3388.3025
3388.3031
3388.3038
3388.3045
3388.3054
3388.3063
3388.3073
3388.3083
3388.3093
3388.3104
3388.3115
3388.3126
3388.3135
3388.314
3388.3132
3388.3105
3388.3064
3388.3005
3388.2919
3388.2796
3388.2625
3388.245
3388.3239
3389.5251
3397.679
3418.2835
3435.2975
3429.4017
3412.2104
3398.0743
3391.4299
3389.2398
3388.7122
3388.6527
3388.9313
3390.6126
3398.1452
3419.21
3330.2804
3388.337
3388.3371
3388.3377
3388.3384
3388.3392
3388.34
3388.3409
3388.3419
3388.3429
3388.344
3388.3451
3388.3462
3388.3473
3388.3482
3388.3485
3388.3475
3388.3448
3388.3407
3388.335
3388.3268
3388.315
3388.2986
3388.2794
3388.3122
3388.9988
3394.3033
3409.1896
3422.3541
3417.6338
3404.9228
3394.9555
3390.4506
3389.0206
3388.6948
3388.6729
3388.9565
3390.6231
3398.106
3419.1624
3330.2761
3388.3711
3388.3712
3388.3718
3388.3725
3388.3733
3388.3741
3388.375
3388.376
3388.3771
3388.3782
3388.3793
3388.3804
3388.3815
3388.3824
3388.3826
3388.3814
3388.3787
3388.3747
3388.3692
3388.3613
3388.35
3388.3344
3388.315
3388.3196
3388.6989
3392.0204
3402.3341
3412.1222
3408.5547
3399.5126
3392.734
3389.7859
3388.8848
3388.6904
3388.6964
3388.9829
3390.635
3398.0719
3419.1232
3330.2715
3388.4048
3388.4049
3388.4055
3388.4062
3388.407
3388.4078
3388.4087
3388.4097
3388.4108
3388.4119
3388.413
3388.4142
3388.4153
3388.4161
3388.4162
3388.4148
3388.4121
3388.4083
3388.403
3388.3954
3388.3847
3388.3699
3388.3511
3388.3423
3388.5477
3390.5429
3397.3988
3404.3931
3401.8418
3395.6551
3391.2126
3389.3537
3388.812
3388.698
3388.722
3389.0097
3390.6479
3398.0423
3419.0914
3330.2671
3388.4379
3388.438
3388.4387
3388.4394
3388.4402
3388.441
3388.4419
3388.443
3388.444
3388.4451
3388.4463
3388.4474
3388.4485
3388.4493
3388.4493
3388.4478
3388.4451
3388.4414
3388.4363
3388.4291
3388.4189
3388.405
3388.3871
3388.3724
3388.4808
3389.6291
3394.0054
3398.8093
3397.0818
3393.0135
3390.212
3389.0864
3388.7789
3388.7147
3388.7491
3389.0366
3390.6618
3398.0171
3419.0661
3330.2633
3388.4706
3388.4708
3388.4714
3388.4721
3388.4729
3388.4737
3388.4747
3388.4757
3388.4768
3388.4779
3388.4791
3388.4803
3388.4814
3388.4821
3388.4819
3388.4803
3388.4776
3388.4741
3388.4693
3388.4624
3388.4528
3388.4397
3388.4228
3388.406
3388.4593
3389.09
3391.7776
3394.9501
3393.844
3391.2766
3389.5818
3388.9336
3388.7684
3388.7362
3388.7769
3389.0634
3390.6764
3397.9958
3419.0465
3330.2603
3388.5029
3388.503
3388.5036
3388.5044
3388.5052
3388.506
3388.507
3388.508
3388.5091
3388.5103
3388.5114
3388.5126
3388.5137
3388.5143
3388.5139
3388.5123
3388.5098
3388.5064
3388.5018
3388.4953
3388.4862
3388.4739
3388.4581
3388.441
3388.4591
3388.7998
3390.3823
3392.3986
3391.732
3390.1818
3389.2036
3388.8579
3388.7695
3388.7604
3388.805
3389.09
3390.6917
3397.9782
3419.0319
3330.2583
3388.5347
3388.5348
3388.5354
3388.5362
3388.537
3388.5378
3388.5388
3388.5398
3388.5409
3388.5421
3388.5433
3388.5445
3388.5455
3388.5461
3388.5455
3388.5439
3388.5414
3388.5383
3388.5339
3388.5278
3388.5193
3388.5077
3388.493
3388.4765
3388.4771
3388.6606
3389.5495
3390.7861
3390.412
3389.5222
3388.9941
3388.8257
3388.783
3388.7861
3388.833
3389.1164
3390.7077
3397.964
3419.0215
3330.2575
3388.566
3388.5661
3388.5667
3388.5675
3388.5683
3388.5692
3388.5701
3388.5712
3388.5723
3388.5735
3388.5747
3388.5759
3388.5769
3388.5773
3388.5766
3388.575
3388.5727
3388.5697
3388.5656
3388.5599
3388.5518
3388.5411
3388.5274
3388.512
3388.5051
3388.6037
3389.0801
3389.8141
3389.6237
3389.1456
3388.8912
3388.8165
3388.8026
3388.8126
3388.8609
3389.1426
3390.7242
3397.9529
3419.0162
3330.2577
3388.5968
3388.597
3388.5976
3388.5984
3388.5992
3388.6
3388.601
3388.6021
3388.6032
3388.6044
3388.6057
3388.6068
3388.6078
3388.6081
3388.6073
3388.6057
3388.6035
3388.6007
3388.5969
3388.5915
3388.584
3388.5739
3388.5613
3388.5471
3388.5373
3388.5876
3388.8438
3389.2572
3389.1785
3388.9545
3388.8473
3388.8205
3388.8254
3388.8394
3388.8884
3389.1686
3390.7413
3397.9446
3419.0148
3330.2594
3388.6272
3388.6274
3388.628
3388.6288
3388.6296
3388.6305
3388.6315
3388.6326
3388.6337
3388.6349
3388.6361
3388.6373
3388.6382
3388.6383
3388.6375
3388.636
3388.6339
3388.6313
3388.6277
3388.6227
3388.6157
3388.6063
3388.5947
3388.5817
3388.5714
3388.5925
3388.7374
3388.9694
3388.9549
3388.8663
3388.8341
3388.8357
3388.85
3388.8662
3388.9156
3389.1942
3390.7588
3397.9387
3419.0159
3330.2623
3388.6571
3388.6573
3388.6579
3388.6587
3388.6595
3388.6604
3388.6614
3388.6625
3388.6637
3388.6649
3388.6662
3388.6673
3388.6681
3388.6681
3388.6672
3388.6658
3388.6639
3388.6614
3388.6581
3388.6534
3388.6469
3388.6383
3388.6276
3388.6158
3388.6059
3388.6139
3388.6987
3388.834
3388.8522
3388.8319
3388.8348
3388.8562
3388.8755
3388.8928
3388.9424
3389.2196
3390.7767
3397.9357
3419.0199
3330.2666
3388.6866
3388.6868
3388.6874
3388.6882
3388.689
3388.6899
3388.691
3388.6921
3388.6932
3388.6945
3388.6957
3388.6968
3388.6974
3388.6973
3388.6965
3388.6952
3388.6934
3388.6911
3388.688
3388.6837
3388.6777
3388.6697
3388.6599
3388.6493
3388.6404
3388.643
3388.6903
3388.7793
3388.8121
3388.8232
3388.8491
3388.8797
3388.9012
3388.9192
3388.9688
3389.2447
3390.7949
3397.9351
3419.0266
3330.2722
3388.7156
3388.7158
3388.7165
3388.7172
3388.7181
3388.719
3388.72
3388.7211
3388.7223
3388.7236
3388.7248
3388.7258
3388.7263
3388.7261
3388.7254
3388.7241
3388.7225
3388.7203
3388.7175
3388.7135
3388.708
3388.7007
3388.6918
3388.6823
3388.6745
3388.6751
3388.7015
3388.764
3388.8017
3388.83
3388.8699
3388.9044
3388.9268
3388.9452
3388.9947
3389.2695
3390.8135
3397.9361
3419.0356
3330.2791
3388.7442
3388.7444
3388.7451
3388.7458
3388.7467
3388.7476
3388.7486
3388.7498
3388.751
3388.7522
3388.7534
3388.7543
3388.7547
3388.7545
3388.7538
3388.7526
3388.7511
3388.7491
3388.7466
3388.7429
3388.7378
3388.7311
3388.7231
3388.7146
3388.708
3388.7082
3388.7256
3388.7679
3388.8078
3388.8485
3388.8938
3388.9295
3388.9523
3388.9708
3389.0203
3389.294
3390.8323
3397.939
3419.0467
3330.2873
3388.7723
3388.7725
3388.7732
3388.774
3388.7748
3388.7757
3388.7768
3388.7779
3388.7791
3388.7804
3388.7815
3388.7824
3388.7827
3388.7824
3388.7817
3388.7807
3388.7793
3388.7775
3388.7752
3388.7719
3388.7672
3388.7611
3388.7539
3388.7464
3388.7409
3388.7415
3388.755
3388.7873
3388.8273
3388.8724
3388.9191
3388.9547
3388.9774
3388.996
3389.0455
3389.3183
3390.8514
3397.9436
3419.0598
3330.2968
3388.8
3388.8002
3388.8009
3388.8017
3388.8025
3388.8034
3388.8045
3388.8057
3388.8069
3388.8081
3388.8091
3388.8099
3388.8101
3388.8099
3388.8093
3388.8083
3388.8071
3388.8055
3388.8034
3388.8004
3388.7962
3388.7907
3388.7842
3388.7776
3388.7731
3388.7743
3388.7863
3388.8139
3388.8528
3388.8986
3388.9448
3388.9798
3389.0022
3389.0209
3389.0703
3389.3422
3390.8706
3397.9498
3419.0746
3330.3076
3388.8272
3388.8274
3388.8281
3388.8289
3388.8298
3388.8307
3388.8318
3388.8329
3388.8341
3388.8353
3388.8363
3388.8369
3388.8371
3388.8369
3388.8364
3388.8355
3388.8344
3388.833
3388.8311
3388.8284
3388.8247
3388.8197
3388.8139
3388.8083
3388.8047
3388.8066
3388.818
3388.8432
3388.8806
3388.9256
3388.9704
3389.0045
3389.0267
3389.0454
3389.0947
3389.3658
3390.89
3397.9575
3419.091
3330.3197
3388.854
3388.8542
3388.8549
3388.8557
3388.8566
3388.8575
3388.8586
3388.8597
3388.8609
3388.862
3388.8629
3388.8635
3388.8637
3388.8635
3388.863
3388.8623
3388.8613
3388.8601
3388.8584
3388.8561
3388.8527
3388.8483
3388.8432
3388.8384
3388.8357
3388.8382
3388.8495
3388.8733
3388.9092
3388.9525
3388.9958
3389.029
3389.0509
3389.0695
3389.1188
3389.3891
3390.9095
3397.9664
3419.1088
3330.333
3388.8803
3388.8806
3388.8813
3388.8821
3388.8829
3388.8839
3388.8849
3388.8861
3388.8872
3388.8883
3388.8891
3388.8896
3388.8898
3388.8897
3388.8893
3388.8886
3388.8878
3388.8867
3388.8853
3388.8833
3388.8803
3388.8764
3388.872
3388.8679
3388.866
3388.8691
3388.8804
3388.9033
3388.9377
3388.9793
3389.0208
3389.053
3389.0746
3389.0932
3389.1424
3389.4121
3390.9291
3397.9766
3419.1279
3330.3476
3388.9062
3388.9065
3388.9072
3388.908
3388.9088
3388.9098
3388.9109
3388.912
3388.9131
3388.9141
3388.9148
3388.9153
3388.9154
3388.9154
3388.9151
3388.9146
3388.9138
3388.9129
3388.9118
3388.91
3388.9074
3388.904
3388.9002
3388.8969
3388.8957
3388.8993
3388.9107
3388.9329
3388.9658
3389.0056
3389.0455
3389.0768
3389.098
3389.1166
3389.1656
3389.4348
3390.9488
3397.9878
3419.1483
3330.3634
3388.9317
3388.932
3388.9326
3388.9334
3388.9343
3388.9353
3388.9363
3388.9374
3388.9384
3388.9394
3388.9401
3388.9405
3388.9407
3388.9407
3388.9405
3388.94
3388.9395
3388.9387
3388.9378
3388.9363
3388.9341
3388.9312
3388.9279
3388.9253
3388.9248
3388.9289
3388.9404
3388.9619
3388.9934
3389.0315
3389.0697
3389.1001
3389.121
3389.1395
3389.1885
3389.4572
3390.9684
3398.0001
3419.1698
3330.3805
3388.9567
3388.957
3388.9577
3388.9585
3388.9593
3388.9603
3388.9613
3388.9623
3388.9633
3388.9642
3388.9648
3388.9653
3388.9655
3388.9656
3388.9654
3388.9651
3388.9647
3388.9641
3388.9634
3388.9622
3388.9603
3388.9579
3388.9552
3388.9531
3388.9533
3388.9578
3388.9694
3388.9903
3389.0205
3389.0569
3389.0936
3389.1231
3389.1437
3389.1621
3389.211
3389.4792
3390.9881
3398.0133
3419.1922
3330.3988
3388.9813
3388.9816
3388.9822
3388.983
3388.9839
3388.9848
3388.9858
3388.9868
3388.9877
3388.9885
3388.9892
3388.9896
3388.9899
3388.99
3388.99
3388.9898
3388.9894
3388.9891
3388.9885
3388.9876
3388.9861
3388.9841
3388.9819
3388.9805
3388.9812
3388.9861
3388.9977
3389.018
3389.047
3389.0818
3389.1171
3389.1457
3389.166
3389.1843
3389.2331
3389.501
3391.0078
3398.0273
3419.2156
3330.4185
3389.0054
3389.0057
3389.0064
3389.0071
3389.008
3389.0089
3389.0098
3389.0108
3389.0117
3389.0124
3389.013
3389.0135
3389.0139
3389.0141
3389.0141
3389.014
3389.0138
3389.0136
3389.0133
3389.0126
3389.0114
3389.0098
3389.0082
3389.0073
3389.0085
3389.0138
3389.0254
3389.0451
3389.073
3389.1063
3389.1401
3389.1679
3389.1879
3389.2061
3389.2548
3389.5224
3391.0275
3398.0421
3419.2399
3330.4395
3389.0291
3389.0293
3389.03
3389.0308
3389.0316
3389.0325
3389.0334
3389.0343
3389.0351
3389.0359
3389.0365
3389.037
3389.0374
3389.0377
3389.0378
3389.0378
3389.0377
3389.0377
3389.0376
3389.0372
3389.0363
3389.0351
3389.0339
3389.0335
3389.0353
3389.0408
3389.0524
3389.0716
3389.0984
3389.1303
3389.1628
3389.1898
3389.2094
3389.2275
3389.2762
3389.5435
3391.047
3398.0575
3419.2649
3330.4619
3389.0523
3389.0525
3389.0532
3389.054
3389.0548
3389.0556
3389.0565
3389.0573
3389.0582
3389.0589
3389.0595
3389.0601
3389.0606
3389.0609
3389.0611
3389.0612
3389.0613
3389.0614
3389.0615
3389.0613
3389.0608
3389.0599
3389.0592
3389.0593
3389.0614
3389.0673
3389.0789
3389.0975
3389.1233
3389.1538
3389.185
3389.2113
3389.2306
3389.2486
3389.2971
3389.5642
3391.0665
3398.0736
3419.2908
3330.4858
3389.075
3389.0753
3389.0759
3389.0766
3389.0774
3389.0782
3389.0791
3389.0799
3389.0807
3389.0815
3389.0822
3389.0828
3389.0833
3389.0837
3389.084
3389.0842
3389.0844
3389.0846
3389.0849
3389.085
3389.0848
3389.0843
3389.0839
3389.0845
3389.087
3389.0932
3389.1047
3389.1228
3389.1476
3389.1768
3389.2069
3389.2323
3389.2513
3389.2692
3389.3177
3389.5847
3391.086
3398.0903
3419.3173
3330.5112
3389.0973
3389.0975
3389.0981
3389.0989
3389.0996
3389.1004
3389.1012
3389.1021
3389.1029
3389.1036
3389.1044
3389.105
3389.1056
3389.1061
3389.1064
3389.1068
3389.1071
3389.1075
3389.108
3389.1083
3389.1084
3389.1082
3389.1082
3389.1092
3389.1121
3389.1185
3389.1299
3389.1476
3389.1714
3389.1994
3389.2283
3389.2531
3389.2717
3389.2895
3389.338
3389.6048
3391.1053
3398.1074
3419.3444
3330.5383
3389.119
3389.1193
3389.1199
3389.1206
3389.1214
3389.1222
3389.123
3389.1238
3389.1246
3389.1254
3389.1262
3389.1269
3389.1275
3389.128
3389.1285
3389.1289
3389.1293
3389.1299
3389.1306
3389.1311
3389.1315
3389.1317
3389.1321
3389.1334
3389.1366
3389.1432
3389.1545
3389.1717
3389.1947
3389.2216
3389.2493
3389.2734
3389.2918
3389.3095
3389.3578
3389.6246
3391.1245
3398.125
3419.3722
3330.5671
3389.1403
3389.1406
3389.1412
3389.1419
3389.1427
3389.1435
3389.1443
3389.1451
3389.146
3389.1468
3389.1476
3389.1483
3389.149
3389.1496
3389.1501
3389.1507
3389.1512
3389.1519
3389.1528
3389.1536
3389.1542
3389.1547
3389.1554
3389.1571
3389.1606
3389.1674
3389.1786
3389.1954
3389.2175
3389.2433
3389.27
3389.2934
3389.3115
3389.329
3389.3773
3389.644
3391.1435
3398.143
3419.4006
3330.5979
3389.1612
3389.1615
3389.1621
3389.1628
3389.1635
3389.1643
3389.1652
3389.166
3389.1669
3389.1677
3389.1685
3389.1693
3389.1701
3389.1708
3389.1714
3389.172
3389.1727
3389.1735
3389.1746
3389.1756
3389.1764
3389.1772
3389.1783
3389.1803
3389.1841
3389.191
3389.2021
3389.2184
3389.2398
3389.2646
3389.2902
3389.313
3389.3307
3389.3482
3389.3964
3389.6632
3391.1624
3398.1614
3419.4296
3330.6307
3389.1817
3389.1819
3389.1825
3389.1832
3389.184
3389.1848
3389.1856
3389.1865
3389.1874
3389.1883
3389.1891
3389.19
3389.1908
3389.1915
3389.1922
3389.1929
3389.1937
3389.1947
3389.1959
3389.1972
3389.1983
3389.1993
3389.2007
3389.203
3389.2071
3389.2141
3389.2251
3389.241
3389.2616
3389.2854
3389.3101
3389.3322
3389.3497
3389.367
3389.4152
3389.682
3391.1811
3398.1801
3419.4591
3330.6659
3389.2017
3389.2019
3389.2026
3389.2033
3389.204
3389.2048
3389.2057
3389.2066
3389.2075
3389.2084
3389.2093
3389.2102
3389.211
3389.2119
3389.2127
3389.2135
3389.2144
3389.2155
3389.2169
3389.2183
3389.2197
3389.221
3389.2227
3389.2252
3389.2296
3389.2366
3389.2476
3389.263
3389.2829
3389.3058
3389.3296
3389.3511
3389.3682
3389.3854
3389.4336
3389.7004
3391.1997
3398.1991
3419.4891
3330.7035
3389.2213
3389.2215
3389.2222
3389.2229
3389.2237
3389.2245
3389.2254
3389.2263
3389.2272
3389.2281
3389.2291
3389.23
3389.2309
3389.2318
3389.2327
3389.2336
3389.2346
3389.2359
3389.2375
3389.2391
3389.2406
3389.2422
3389.2442
3389.247
3389.2515
3389.2587
3389.2695
3389.2845
3389.3037
3389.3258
3389.3487
3389.3695
3389.3864
3389.4035
3389.4516
3389.7186
3391.2181
3398.2183
3419.5198
3330.744
3389.2405
3389.2407
3389.2414
3389.2421
3389.2429
3389.2437
3389.2446
3389.2456
3389.2465
3389.2475
3389.2485
3389.2495
3389.2504
3389.2514
3389.2523
3389.2533
3389.2545
3389.2559
3389.2576
3389.2594
3389.2612
3389.263
3389.2652
3389.2683
3389.273
3389.2802
3389.2909
3389.3056
3389.3241
3389.3454
3389.3674
3389.3876
3389.4042
3389.4212
3389.4693
3389.7364
3391.2363
3398.2377
3419.5509
3330.7876
3389.2593
3389.2596
3389.2602
3389.261
3389.2618
3389.2626
3389.2635
3389.2645
3389.2655
3389.2665
3389.2675
3389.2685
3389.2695
3389.2706
3389.2716
3389.2727
3389.2739
3389.2755
3389.2773
3389.2793
3389.2813
3389.2833
3389.2858
3389.2891
3389.294
3389.3013
3389.3118
3389.3261
3389.344
3389.3645
3389.3858
3389.4054
3389.4217
3389.4386
3389.4866
3389.7538
3391.2542
3398.2573
3419.5827
3330.8347
3389.2777
3389.278
3389.2787
3389.2794
3389.2802
3389.2811
3389.282
3389.283
3389.284
3389.285
3389.2861
3389.2872
3389.2882
3389.2893
3389.2904
3389.2916
3389.293
3389.2947
3389.2967
3389.2988
3389.301
3389.3033
3389.3059
3389.3095
3389.3145
3389.3218
3389.3322
3389.3462
3389.3635
3389.3833
3389.4038
3389.4228
3389.4388
3389.4555
3389.5036
3389.771
3391.272
3398.2771
3419.615
3330.8858
3389.2957
3389.296
3389.2967
3389.2975
3389.2983
3389.2991
3389.3001
3389.3011
3389.3021
3389.3032
3389.3043
3389.3054
3389.3065
3389.3077
3389.3089
3389.3102
3389.3117
3389.3135
3389.3156
3389.3179
3389.3203
3389.3228
3389.3256
3389.3294
3389.3346
3389.3419
3389.3522
3389.3657
3389.3825
3389.4016
3389.4213
3389.4398
3389.4555
3389.4722
3389.5202
3389.7878
3391.2896
3398.297
3419.6479
3330.9413
3389.3133
3389.3137
3389.3143
3389.3151
3389.316
3389.3168
3389.3178
3389.3188
3389.3199
3389.321
3389.3221
3389.3233
3389.3245
3389.3257
3389.327
3389.3283
3389.3299
3389.3319
3389.3341
3389.3366
3389.3392
3389.3418
3389.3449
3389.3488
3389.3541
3389.3615
3389.3716
3389.3849
3389.4011
3389.4195
3389.4386
3389.4564
3389.4719
3389.4884
3389.5364
3389.8042
3391.3069
3398.317
3419.6814
3331.0018
3389.3306
3389.3309
3389.3316
3389.3324
3389.3332
3389.3341
3389.3351
3389.3362
3389.3372
3389.3384
3389.3396
3389.3408
3389.342
3389.3433
3389.3446
3389.3461
3389.3478
3389.3499
3389.3523
3389.3549
3389.3576
3389.3605
3389.3638
3389.3678
3389.3732
3389.3806
3389.3906
3389.4035
3389.4193
3389.437
3389.4554
3389.4727
3389.4879
3389.5043
3389.5523
3389.8204
3391.324
3398.3371
3419.7157
3331.0681
3389.3475
3389.3478
3389.3485
3389.3493
3389.3501
3389.3511
3389.3521
3389.3531
3389.3542
3389.3554
3389.3566
3389.3579
3389.3592
3389.3605
3389.3619
3389.3635
3389.3653
3389.3675
3389.37
3389.3728
3389.3757
3389.3787
3389.3822
3389.3864
3389.3919
3389.3993
3389.4091
3389.4217
3389.437
3389.4541
3389.4719
3389.4887
3389.5035
3389.5198
3389.5678
3389.8362
3391.3409
3398.3573
3419.7506
3331.1408
3389.3639
3389.3643
3389.365
3389.3658
3389.3667
3389.3676
3389.3686
3389.3697
3389.3708
3389.372
3389.3733
3389.3746
3389.3759
3389.3773
3389.3788
3389.3805
3389.3824
3389.3847
3389.3873
3389.3903
3389.3933
3389.3965
3389.4001
3389.4045
3389.4101
3389.4175
3389.4272
3389.4395
3389.4543
3389.4708
3389.488
3389.5043
3389.5188
3389.535
3389.583
3389.8516
3391.3575
3398.3776
3419.7864
3331.221
3389.38
3389.3804
3389.3811
3389.3819
3389.3828
3389.3838
3389.3848
3389.3859
3389.387
3389.3883
3389.3896
3389.3909
3389.3923
3389.3938
3389.3954
3389.3971
3389.3991
3389.4015
3389.4043
3389.4074
3389.4106
3389.4139
3389.4177
3389.4222
3389.4279
3389.4352
3389.4448
3389.4568
3389.4712
3389.4872
3389.5037
3389.5195
3389.5337
3389.5498
3389.5978
3389.8668
3391.3739
3398.398
3419.8231
3331.3096
3389.3958
3389.3961
3389.3969
3389.3977
3389.3986
3389.3995
3389.4006
3389.4017
3389.4029
3389.4041
3389.4055
3389.4069
3389.4083
3389.4099
3389.4115
3389.4133
3389.4154
3389.4179
3389.4208
3389.424
3389.4274
3389.4309
3389.4348
3389.4394
3389.4452
3389.4526
3389.462
3389.4737
3389.4876
3389.5031
3389.5191
3389.5344
3389.5483
3389.5643
3389.6123
3389.8816
3391.39
3398.4184
3419.8608
3331.4079
3389.4111
3389.4115
3389.4122
3389.4131
3389.414
3389.4149
3389.416
3389.4172
3389.4184
3389.4196
3389.421
3389.4224
3389.4239
3389.4255
3389.4273
3389.4292
3389.4313
3389.434
3389.437
3389.4403
3389.4438
3389.4475
3389.4515
3389.4563
3389.4621
3389.4694
3389.4787
3389.4902
3389.5037
3389.5187
3389.5341
3389.5489
3389.5626
3389.5784
3389.6264
3389.896
3391.4059
3398.4389
3419.8996
3331.5174
3389.4261
3389.4265
3389.4272
3389.4281
3389.429
3389.43
3389.431
3389.4322
3389.4334
3389.4347
3389.4361
3389.4376
3389.4392
3389.4409
3389.4426
3389.4446
3389.4469
3389.4496
3389.4528
3389.4562
3389.4599
3389.4637
3389.4678
3389.4727
3389.4785
3389.4859
3389.495
3389.5062
3389.5193
3389.5338
3389.5488
3389.5632
3389.5764
3389.5921
3389.6401
3389.9101
3391.4215
3398.4594
3419.9396
3331.6396
3389.4407
3389.4411
3389.4418
3389.4427
3389.4436
3389.4446
3389.4457
3389.4469
3389.4482
3389.4495
3389.4509
3389.4525
3389.4541
3389.4558
3389.4577
3389.4597
3389.4621
3389.4649
3389.4682
3389.4717
3389.4755
3389.4794
3389.4837
3389.4886
3389.4946
3389.5019
3389.5109
3389.5218
3389.5346
3389.5486
3389.5631
3389.577
3389.59
3389.6055
3389.6535
3389.9239
3391.4369
3398.4801
3419.9809
3331.7765
3389.4549
3389.4553
3389.4561
3389.457
3389.4579
3389.4589
3389.46
3389.4612
3389.4625
3389.4639
3389.4653
3389.4669
3389.4686
3389.4704
3389.4723
3389.4744
3389.4769
3389.4798
3389.4832
3389.4869
3389.4907
3389.4948
3389.4992
3389.5042
3389.5102
3389.5174
3389.5263
3389.537
3389.5494
3389.563
3389.577
3389.5905
3389.6032
3389.6186
3389.6666
3389.9374
3391.452
3398.5008
3420.0239
3331.9302
3389.4688
3389.4692
3389.47
3389.4708
3389.4718
3389.4728
3389.4739
3389.4752
3389.4765
3389.4779
3389.4794
3389.481
3389.4827
3389.4845
3389.4865
3389.4887
3389.4913
3389.4943
3389.4978
3389.5016
3389.5056
3389.5098
3389.5143
3389.5194
3389.5254
3389.5326
3389.5414
3389.5518
3389.5639
3389.5771
3389.5906
3389.6037
3389.616
3389.6313
3389.6793
3389.9505
3391.4669
3398.5216
3420.0686
3332.1033
3389.4823
3389.4827
3389.4835
3389.4844
3389.4853
3389.4864
3389.4875
3389.4888
3389.4901
3389.4915
3389.493
3389.4947
3389.4965
3389.4984
3389.5004
3389.5027
3389.5053
3389.5084
3389.512
3389.5159
3389.52
3389.5243
3389.5289
3389.5341
3389.5402
3389.5473
3389.556
3389.5662
3389.5779
3389.5907
3389.6039
3389.6165
3389.6286
3389.6436
3389.6916
3389.9633
3391.4816
3398.5425
3420.1152
3332.2987
3389.4954
3389.4959
3389.4966
3389.4975
3389.4985
3389.4995
3389.5007
3389.502
3389.5033
3389.5048
3389.5063
3389.508
3389.5099
3389.5118
3389.5139
3389.5163
3389.519
3389.5222
3389.5259
3389.5299
3389.5341
3389.5385
3389.5432
3389.5485
3389.5545
3389.5617
3389.5702
3389.5802
3389.5916
3389.604
3389.6167
3389.6291
3389.6408
3389.6557
3389.7036
3389.9757
3391.496
3398.5635
3420.1641
3332.5198
3389.5082
3389.5086
3389.5094
3389.5103
3389.5113
3389.5124
3389.5135
3389.5148
3389.5162
3389.5177
3389.5193
3389.521
3389.5229
3389.5249
3389.5271
3389.5295
3389.5323
3389.5356
3389.5394
3389.5435
3389.5478
3389.5523
3389.5571
3389.5624
3389.5685
3389.5756
3389.584
3389.5938
3389.6049
3389.6169
3389.6293
3389.6412
3389.6527
3389.6674
3389.7153
3389.9878
3391.5101
3398.5848
3420.2156
3332.7704
3389.5206
3389.5211
3389.5219
3389.5228
3389.5238
3389.5248
3389.526
3389.5273
3389.5287
3389.5302
3389.5319
3389.5336
3389.5356
3389.5376
3389.5399
3389.5424
3389.5452
3389.5486
3389.5525
3389.5567
3389.5611
3389.5657
3389.5706
3389.576
3389.5821
3389.5892
3389.5974
3389.607
3389.6178
3389.6295
3389.6415
3389.6531
3389.6642
3389.6787
3389.7266
3389.9996
3391.5241
3398.6062
3420.2699
3333.0548
3389.5327
3389.5331
3389.5339
3389.5349
3389.5358
3389.5369
3389.5381
3389.5395
3389.5409
3389.5424
3389.5441
3389.5459
3389.5479
3389.55
3389.5523
3389.5549
3389.5578
3389.5613
3389.5652
3389.5696
3389.5741
3389.5787
3389.5837
3389.5891
3389.5953
3389.6023
3389.6105
3389.6199
3389.6304
3389.6417
3389.6533
3389.6646
3389.6755
3389.6898
3389.7377
3390.0111
3391.5378
3398.6279
3420.3275
3333.3782
3389.5444
3389.5448
3389.5457
3389.5466
3389.5476
3389.5487
3389.5499
3389.5512
3389.5527
3389.5542
3389.5559
3389.5578
3389.5598
3389.562
3389.5643
3389.567
3389.57
3389.5736
3389.5776
3389.582
3389.5866
3389.5914
3389.5964
3389.6019
3389.608
3389.615
3389.6231
3389.6323
3389.6426
3389.6536
3389.6649
3389.6758
3389.6864
3389.7005
3389.7484
3390.0223
3391.5514
3398.6499
3420.3889
3333.7461
3389.5558
3389.5562
3389.557
3389.558
3389.559
3389.5601
3389.5613
3389.5627
3389.5641
3389.5657
3389.5675
3389.5694
3389.5714
3389.5736
3389.5761
3389.5788
3389.5819
3389.5855
3389.5896
3389.5941
3389.5988
3389.6037
3389.6088
3389.6143
3389.6205
3389.6274
3389.6353
3389.6444
3389.6544
3389.6651
3389.676
3389.6867
3389.697
3389.711
3389.7588
3390.0332
3391.5647
3398.6723
3420.4545
3334.165
3389.5668
3389.5673
3389.5681
3389.569
3389.57
3389.5712
3389.5724
3389.5738
3389.5753
3389.5769
3389.5786
3389.5806
3389.5827
3389.5849
3389.5874
3389.5902
3389.5934
3389.5971
3389.6013
3389.6059
3389.6106
3389.6156
3389.6208
3389.6263
3389.6325
3389.6394
3389.6472
3389.6561
3389.6658
3389.6763
3389.6869
3389.6972
3389.7073
3389.7211
3389.7689
3390.0438
3391.578
3398.6952
3420.5251
3334.642
3389.5776
3389.578
3389.5789
3389.5798
3389.5808
3389.582
3389.5832
3389.5846
3389.5861
3389.5877
3389.5895
3389.5915
3389.5936
3389.596
3389.5985
3389.6013
3389.6046
3389.6083
3389.6126
3389.6173
3389.6221
3389.6271
3389.6324
3389.638
3389.6441
3389.651
3389.6588
3389.6674
3389.677
3389.6871
3389.6975
3389.7075
3389.7173
3389.731
3389.7787
3390.0543
3391.5912
3398.7188
3420.6015
3335.1853
3389.5882
3389.5886
3389.5895
3389.5904
3389.5914
3389.5926
3389.5938
3389.5952
3389.5968
3389.5984
3389.6002
3389.6022
3389.6044
3389.6067
3389.6093
3389.6122
3389.6155
3389.6193
3389.6237
3389.6284
3389.6333
3389.6384
3389.6437
3389.6493
3389.6555
3389.6623
3389.67
3389.6785
3389.6878
3389.6977
3389.7078
3389.7176
3389.7272
3389.7407
3389.7885
3390.0646
3391.6045
3398.7433
3420.685
3335.8035
3389.5988
3389.5993
3389.6001
3389.6011
3389.6021
3389.6033
3389.6045
3389.6059
3389.6075
3389.6091
3389.611
3389.613
3389.6151
3389.6175
3389.6201
3389.623
3389.6264
3389.6302
3389.6346
3389.6394
3389.6444
3389.6495
3389.6548
3389.6605
3389.6667
3389.6734
3389.681
3389.6894
3389.6985
3389.7082
3389.718
3389.7276
3389.7371
3389.7505
3389.7983
3390.075
3391.6181
3398.7692
3420.7774
3336.5061
3389.6102
3389.6106
3389.6115
3389.6124
3389.6134
3389.6146
3389.6158
3389.6172
3389.6187
3389.6204
3389.6222
3389.6242
3389.6264
3389.6287
3389.6313
3389.6342
3389.6376
3389.6414
3389.6458
3389.6506
3389.6556
3389.6607
3389.6661
3389.6717
3389.6779
3389.6846
3389.6921
3389.7003
3389.7093
3389.7188
3389.7285
3389.738
3389.7474
3389.7608
3389.8086
3390.0861
3391.6327
3398.7974
3420.8815
3337.303
3389.6233
3389.6238
3389.6246
3389.6255
3389.6265
3389.6276
3389.6289
3389.6302
3389.6317
3389.6333
3389.6351
3389.637
3389.6391
3389.6414
3389.6439
3389.6467
3389.65
3389.6537
3389.658
3389.6627
3389.6676
3389.6727
3389.678
3389.6836
3389.6897
3389.6964
3389.7038
3389.712
3389.7209
3389.7304
3389.7401
3389.7496
3389.7591
3389.7725
3389.8207
3390.0991
3391.6495
3398.8294
3421.0015
3338.2041
3389.6408
3389.6412
3389.642
3389.6429
3389.6439
3389.6449
3389.6461
3389.6473
3389.6487
3389.6502
3389.6518
3389.6535
3389.6555
3389.6575
3389.6598
3389.6624
3389.6654
3389.6689
3389.6729
3389.6774
3389.682
3389.6868
3389.6919
3389.6974
3389.7034
3389.71
3389.7174
3389.7256
3389.7347
3389.7443
3389.7543
3389.7642
3389.774
3389.788
3389.8367
3390.1162
3391.6711
3398.8683
3421.1446
3339.2188
3389.6674
3389.6679
3389.6686
3389.6694
3389.6703
3389.6712
3389.6722
3389.6732
3389.6744
3389.6756
3389.6769
3389.6783
3389.6798
3389.6814
3389.6832
3389.6852
3389.6876
3389.6905
3389.6939
3389.6977
3389.7018
3389.7061
3389.7107
3389.7158
3389.7216
3389.7281
3389.7356
3389.744
3389.7535
3389.7638
3389.7746
3389.7854
3389.7962
3389.8111
3389.8609
3390.1422
3391.7022
3398.9199
3421.3218
3340.3544
3389.7123
3389.7127
3389.7134
3389.7141
3389.7147
3389.7154
3389.716
3389.7167
3389.7174
3389.7181
3389.7188
3389.7195
3389.7202
3389.7209
3389.7217
3389.7226
3389.7238
3389.7255
3389.7277
3389.7302
3389.7331
3389.7363
3389.74
3389.7443
3389.7496
3389.7559
3389.7636
3389.7726
3389.783
3389.7947
3389.8072
3389.82
3389.833
3389.8498
3389.9017
3390.1856
3391.7521
3398.9942
3421.55
3341.6143
3389.7914
3389.7917
3389.7922
3389.7926
3389.7929
3389.7931
3389.7932
3389.7932
3389.7931
3389.7928
3389.7924
3389.7918
3389.791
3389.7901
3389.7891
3389.788
3389.787
3389.7864
3389.7862
3389.7864
3389.787
3389.7881
3389.7899
3389.7928
3389.7971
3389.8031
3389.8111
3389.8212
3389.8336
3389.848
3389.8638
3389.8803
3389.8971
3389.9176
3389.9731
3390.2611
3391.836
3399.1082
3421.8541
3342.9932
3389.9301
3389.9303
3389.9306
3389.9306
3389.9302
3389.9297
3389.9288
3389.9277
3389.9261
3389.9242
3389.9219
3389.9191
3389.9158
3389.9121
3389.9079
3389.9033
3389.8986
3389.894
3389.8896
3389.8857
3389.8821
3389.8794
3389.878
3389.8782
3389.8808
3389.8861
3389.8946
3389.9066
3389.9223
3389.9413
3389.9629
3389.9859
3390.0092
3390.0359
3390.0976
3390.392
3391.9782
3399.2879
3422.2677
3344.4705
3390.1646
3390.1646
3390.1646
3390.1638
3390.1625
3390.1608
3390.1584
3390.1554
3390.1517
3390.1472
3390.1419
3390.1356
3390.1283
3390.12
3390.1107
3390.1006
3390.0898
3390.0787
3390.0675
3390.0566
3390.0463
3390.0373
3390.0301
3390.0258
3390.0252
3390.0291
3390.0382
3390.0531
3390.0739
3390.1003
3390.131
3390.1642
3390.1979
3390.2344
3390.3057
3390.6101
3392.2117
3399.568
3422.8294
3345.9971
3390.5358
3390.5357
3390.5352
3390.5334
3390.5308
3390.5272
3390.5227
3390.517
3390.5101
3390.5018
3390.4921
3390.4807
3390.4675
3390.4526
3390.4358
3390.4173
3390.3974
3390.3765
3390.355
3390.3336
3390.3128
3390.2937
3390.2776
3390.2658
3390.2597
3390.2608
3390.2702
3390.2887
3390.3166
3390.3534
3390.397
3390.4447
3390.4934
3390.5443
3390.6295
3390.9486
3392.5709
3399.9836
3423.5682
3347.4744
3391.0659
3391.0659
3391.0648
3391.0617
3391.0572
3391.0513
3391.0439
3391.0348
3391.0237
3391.0104
3390.9948
3390.9766
3390.9557
3390.9318
3390.905
3390.8752
3390.8429
3390.8085
3390.7728
3390.7365
3390.7009
3390.6675
3390.6382
3390.6151
3390.6005
3390.5964
3390.6046
3390.6264
3390.6624
3390.7115
3390.7711
3390.837
3390.9047
3390.9742
3391.0776
3391.4164
3393.0654
3400.5421
3424.4663
3348.6612
3391.6911
3391.6916
3391.6899
3391.6853
3391.6788
3391.6703
3391.6596
3391.6465
3391.6306
3391.6117
3391.5895
3391.5635
3391.5336
3391.4993
3391.4607
3391.4176
3391.3704
3391.3196
3391.266
3391.2108
3391.1555
3391.1022
3391.0535
3391.0124
3390.982
3390.9655
3390.9658
3390.9845
3391.0229
3391.0803
3391.1533
3391.2365
3391.3239
3391.4149
3391.5406
3391.9068
3393.5913
3401.1364
3425.3138
3349.1094
3392.0291
3392.0309
3392.0292
3392.0235
3392.0156
3392.0053
3391.9923
3391.9764
3391.9572
3391.9343
3391.9074
3391.8758
3391.8393
3391.7974
3391.7499
3391.6964
3391.6374
3391.5732
3391.5046
3391.4328
3391.3595
3391.2872
3391.219
3391.1583
3391.1092
3391.0754
3391.0609
3391.0679
3391.0985
3391.1526
3391.2271
3391.3163
3391.4132
3391.5175
3391.6593
3392.0491
3393.7647
3401.3567
3425.5713
3348.3221
3391.4185
3391.4231
3391.4223
3391.4166
3391.4087
3391.3982
3391.3852
3391.3691
3391.3497
3391.3266
3391.2991
3391.2669
3391.2293
3391.1858
3391.1358
3391.0791
3391.0153
3390.9446
3390.8674
3390.7844
3390.6969
3390.607
3390.5173
3390.4314
3390.3532
3390.287
3390.2376
3390.2089
3390.2042
3390.2258
3390.2734
3390.3428
3390.4282
3390.5308
3390.6788
3391.0907
3392.8366
3400.4486
3424.2961
3344.9725
3388.1243
3388.1343
3388.1362
3388.133
3388.1282
3388.1218
3388.1138
3388.104
3388.0919
3388.0772
3388.0595
3388.0383
3388.0127
3387.9825
3387.9464
3387.9038
3387.8538
3387.7955
3387.7283
3387.651
3387.5637
3387.4663
3387.3596
3387.2453
3387.1258
3387.005
3386.888
3386.781
3386.6909
3386.6254
3386.5908
3386.5889
3386.6182
3386.6854
3386.8131
3387.2328
3388.9945
3396.5678
3419.3576
3336.879
3378.7843
3378.8028
3378.8103
3378.8136
3378.8173
3378.8215
3378.827
3378.8335
3378.8407
3378.8486
3378.8573
3378.8662
3378.8744
3378.8819
3378.8867
3378.8877
3378.8826
3378.8691
3378.8444
3378.8034
3378.7434
3378.6595
3378.5475
3378.4046
3378.2291
3378.0225
3377.7895
3377.5396
3377.2871
3377.0496
3376.8472
3376.694
3376.598
3376.5767
3376.6405
3377.0425
3378.7925
3386.2397
3406.9947
3320.3017
3357.3274
3357.3584
3357.3751
3357.3902
3357.4096
3357.4333
3357.4632
3357.4997
3357.5426
3357.592
3357.6493
3357.714
3357.7851
3357.8633
3357.9454
3358.0302
3358.1128
3358.1885
3358.2514
3358.2897
3358.2954
3358.2555
3358.1567
3357.9878
3357.739
3357.4068
3356.995
3356.5178
3356.0018
3355.4815
3355.0003
3354.5932
3354.2826
3354.1058
3354.0482
3354.3971
3356.0962
3363.306
3380.8226
3289.5826
3313.4843
3313.5309
3313.5605
3313.5934
3313.6361
3313.6887
3313.7546
3313.8356
3313.9313
3314.0423
3314.1717
3314.3197
3314.4846
3314.6687
3314.8674
3315.079
3315.2954
3315.5089
3315.7087
3315.8737
3315.9883
3316.0268
3315.9628
3315.7726
3315.4332
3314.9341
3314.277
3313.4828
3312.5969
3311.6784
3310.8042
3310.0389
3309.4236
3309.0269
3308.7857
3309.0463
3310.6481
3317.497
3330.5419
3235.6604
3230.8984
3230.9616
3231.0065
3231.0615
3231.133
3231.2204
3231.3298
3231.4652
3231.6254
3231.8111
3232.0284
3232.2781
3232.5576
3232.8714
3233.2131
3233.5811
3233.9632
3234.348
3234.72
3235.0455
3235.3006
3235.4443
3235.4323
3235.2265
3234.7874
3234.0949
3233.1488
3231.9783
3230.6529
3229.2619
3227.9237
3226.7381
3225.764
3225.1155
3224.6474
3224.7949
3226.2585
3232.6299
3240.2397
3144.4251
3084.4919
3084.5688
3084.6286
3084.7056
3084.8059
3084.9267
3085.078
3085.2666
3085.49
3085.7481
3086.0511
3086.4004
3086.7921
3087.2331
3087.7153
3088.2379
3088.7839
3089.339
3089.8836
3090.3712
3090.7697
3091.0232
3091.0694
3090.8537
3090.323
3089.445
3088.2191
3086.6831
3084.9323
3083.0864
3081.3062
3079.7252
3078.4123
3077.5413
3076.8468
3076.8815
3078.1782
3083.9449
3085.8391
2993.9352
2835.9867
2836.0689
2836.1381
2836.2298
2836.3491
2836.4901
2836.6669
2836.8895
2837.1531
2837.4562
2837.8138
2838.2266
2838.6902
2839.2134
2839.7866
2840.4111
2841.0658
2841.7352
2842.3979
2842.9983
2843.4999
2843.8359
2843.9321
2843.7211
2843.1403
2842.1497
2840.7476
2838.9785
2836.9574
2834.8249
2832.7724
2830.9549
2829.4363
2828.4566
2827.605
2827.5611
2828.6722
2833.6735
2830.6679
2749.4086
2423.4668
2423.5405
2423.6075
2423.6971
2423.8136
2423.9484
2424.1177
2424.3335
2424.5888
2424.8811
2425.2283
2425.6296
2426.0811
2426.5927
2427.1541
2427.7697
2428.4173
2429.0829
2429.7483
2430.3567
2430.8741
2431.2339
2431.3614
2431.1876
2430.6487
2429.7042
2428.3509
2426.6329
2424.6682
2422.5953
2420.609
2418.8608
2417.3937
2416.4945
2415.6354
2415.5752
2416.4699
2420.4824
2414.6834
2351.5816
1718.3299
1718.3789
1718.4268
1718.4898
1718.5718
1718.6651
1718.7835
1718.9354
1719.115
1719.3211
1719.5684
1719.8546
1720.1791
1720.5499
1720.9582
1721.4117
1721.8923
1722.3916
1722.8987
1723.3705
1723.7835
1724.0868
1724.2234
1724.1393
1723.7821
1723.1195
1722.1458
1720.8928
1719.4521
1717.9272
1716.4723
1715.1996
1714.1305
1713.5193
1712.8701
1712.8558
1713.4523
1716.1555
1710.7576
1672.0343
)
;

boundaryField
{
    piston
    {
        type            fixedValue;
        value           uniform 485.2;
    }
    cylinderHead
    {
        type            fixedValue;
        value           uniform 525.2;
    }
    cylinderWall
    {
        type            fixedValue;
        value           uniform 430.1;
    }
    wedgeFront
    {
        type            wedge;
    }
    wedgeBack
    {
        type            wedge;
    }
    axis
    {
        type            empty;
    }
}


// ************************************************************************* //
