/*--------------------------------*- C++ -*----------------------------------*\
  =========                 |
  \\      /  F ield         | OpenFOAM: The Open Source CFD Toolbox
   \\    /   O peration     | Website:  https://openfoam.org
    \\  /    A nd           | Version:  13
     \\/     M anipulation  |
\*---------------------------------------------------------------------------*/
FoamFile
{
    format      ascii;
    class       volScalarField;
    location    "0";
    object      p;
}
// * * * * * * * * * * * * * * * * * * * * * * * * * * * * * * * * * * * * * //

dimensions      [1 -1 -2 0 0 0 0];

internalField   nonuniform List<scalar>
4800
(
2465437.2
2465437.2
2465437.2
2465437.2
2465437.2
2465437.2
2465437.2
2465437.2
2465437.2
2465437.2
2465437.2
2465437.2
2465437.2
2465437.2
2465437.2
2465437.2
2465437.3
2465437.3
2465437.3
2465437.3
2465437.3
2465437.3
2465437.4
2465437.6
2465437.7
2465437.7
2465437.5
2465437.1
2465436.5
2465435.6
2465435
2465434.7
2465435.1
2465435.9
2465436.3
2465436.3
2465436.2
2465436.6
2465438.2
2465441.1
2465438.3
2465438.3
2465438.3
2465438.3
2465438.3
2465438.3
2465438.3
2465438.3
2465438.3
2465438.3
2465438.3
2465438.3
2465438.3
2465438.3
2465438.3
2465438.3
2465438.3
2465438.3
2465438.3
2465438.4
2465438.4
2465438.4
2465438.5
2465438.6
2465438.7
2465438.8
2465438.6
2465438.2
2465437.6
2465436.8
2465436
2465435.8
2465436.3
2465437
2465437.3
2465437.4
2465437.3
2465437.7
2465439
2465441.4
2465438
2465438
2465438
2465438
2465438
2465438
2465438
2465438
2465438
2465438
2465438
2465438
2465438
2465438
2465438
2465438
2465438
2465438
2465438
2465438.1
2465438.1
2465438.1
2465438.2
2465438.3
2465438.4
2465438.5
2465438.3
2465437.9
2465437.3
2465436.7
2465436
2465435.7
2465436
2465436.7
2465437
2465437.1
2465437
2465437.4
2465439.1
2465441.5
2465438.8
2465438.8
2465438.8
2465438.8
2465438.8
2465438.8
2465438.8
2465438.8
2465438.8
2465438.8
2465438.8
2465438.8
2465438.8
2465438.8
2465438.8
2465438.9
2465438.9
2465438.9
2465438.9
2465438.9
2465438.9
2465439
2465439.1
2465439.1
2465439.3
2465439.4
2465439.2
2465438.6
2465437.9
2465437.1
2465436.4
2465436
2465436.5
2465437.5
2465437.8
2465437.9
2465437.7
2465438
2465439.4
2465441.7
2465438.9
2465438.9
2465438.9
2465438.9
2465438.9
2465438.9
2465438.9
2465438.9
2465438.9
2465438.9
2465438.9
2465438.9
2465438.9
2465438.9
2465438.9
2465438.9
2465438.9
2465439
2465439
2465439
2465439.1
2465439.2
2465439.3
2465439.4
2465439.5
2465439.6
2465439.4
2465439
2465438.2
2465437.4
2465436.7
2465436.3
2465436.8
2465437.6
2465438
2465438
2465437.9
2465438.2
2465439.5
2465441.8
2465439.2
2465439.2
2465439.2
2465439.2
2465439.2
2465439.2
2465439.2
2465439.2
2465439.2
2465439.2
2465439.2
2465439.2
2465439.2
2465439.2
2465439.2
2465439.2
2465439.3
2465439.3
2465439.3
2465439.4
2465439.4
2465439.5
2465439.6
2465439.7
2465439.8
2465439.9
2465439.7
2465439.3
2465438.5
2465437.7
2465436.9
2465436.6
2465437.1
2465437.9
2465438.3
2465438.3
2465438.2
2465438.5
2465439.7
2465441.9
2465439.5
2465439.5
2465439.5
2465439.5
2465439.5
2465439.5
2465439.5
2465439.5
2465439.5
2465439.5
2465439.5
2465439.5
2465439.5
2465439.5
2465439.6
2465439.6
2465439.6
2465439.6
2465439.6
2465439.7
2465439.7
2465439.8
2465439.9
2465440
2465440.2
2465440.2
2465440.1
2465439.6
2465438.9
2465438
2465437.1
2465436.8
2465437.4
2465438.2
2465438.6
2465438.6
2465438.5
2465438.8
2465439.9
2465442
2465439.8
2465439.8
2465439.8
2465439.8
2465439.8
2465439.8
2465439.8
2465439.8
2465439.8
2465439.8
2465439.8
2465439.8
2465439.8
2465439.9
2465439.9
2465439.9
2465439.9
2465439.9
2465440
2465440
2465440.1
2465440.1
2465440.2
2465440.3
2465440.5
2465440.5
2465440.4
2465439.9
2465439.2
2465438.3
2465437.4
2465437.1
2465437.7
2465438.5
2465438.9
2465438.9
2465438.8
2465439
2465440
2465442.1
2465440.1
2465440.1
2465440.1
2465440.1
2465440.1
2465440.1
2465440.1
2465440.1
2465440.1
2465440.2
2465440.2
2465440.2
2465440.2
2465440.2
2465440.2
2465440.2
2465440.2
2465440.2
2465440.3
2465440.3
2465440.4
2465440.4
2465440.5
2465440.6
2465440.8
2465440.8
2465440.7
2465440.2
2465439.5
2465438.5
2465437.6
2465437.3
2465438
2465438.8
2465439.2
2465439.2
2465439.1
2465439.3
2465440.2
2465442.2
2465440.5
2465440.5
2465440.5
2465440.5
2465440.5
2465440.5
2465440.5
2465440.5
2465440.5
2465440.5
2465440.5
2465440.5
2465440.5
2465440.5
2465440.5
2465440.5
2465440.5
2465440.6
2465440.6
2465440.6
2465440.7
2465440.7
2465440.8
2465440.9
2465441.1
2465441.1
2465441
2465440.6
2465439.8
2465438.8
2465437.8
2465437.6
2465438.3
2465439.1
2465439.6
2465439.5
2465439.4
2465439.5
2465440.3
2465442.3
2465440.8
2465440.8
2465440.8
2465440.8
2465440.8
2465440.8
2465440.8
2465440.8
2465440.8
2465440.8
2465440.8
2465440.8
2465440.8
2465440.8
2465440.8
2465440.8
2465440.8
2465440.9
2465440.9
2465440.9
2465441
2465441.1
2465441.1
2465441.2
2465441.4
2465441.4
2465441.3
2465440.8
2465440
2465439
2465438.1
2465437.8
2465438.6
2465439.5
2465439.9
2465439.8
2465439.6
2465439.7
2465440.5
2465442.4
2465441.1
2465441.1
2465441.1
2465441.1
2465441.1
2465441.1
2465441.1
2465441.1
2465441.1
2465441.1
2465441.1
2465441.1
2465441.1
2465441.1
2465441.1
2465441.1
2465441.2
2465441.2
2465441.2
2465441.3
2465441.3
2465441.4
2465441.4
2465441.5
2465441.7
2465441.7
2465441.6
2465441.1
2465440.3
2465439.3
2465438.3
2465438.1
2465438.9
2465439.8
2465440.2
2465440.1
2465439.9
2465440
2465440.6
2465442.5
2465441.4
2465441.4
2465441.4
2465441.4
2465441.4
2465441.4
2465441.4
2465441.4
2465441.4
2465441.4
2465441.4
2465441.4
2465441.4
2465441.4
2465441.4
2465441.5
2465441.5
2465441.5
2465441.5
2465441.6
2465441.6
2465441.7
2465441.8
2465441.8
2465441.9
2465442
2465441.8
2465441.4
2465440.6
2465439.5
2465438.5
2465438.4
2465439.1
2465440
2465440.4
2465440.4
2465440.2
2465440.2
2465440.8
2465442.6
2465441.7
2465441.7
2465441.7
2465441.7
2465441.7
2465441.7
2465441.7
2465441.7
2465441.7
2465441.7
2465441.7
2465441.7
2465441.7
2465441.7
2465441.7
2465441.8
2465441.8
2465441.8
2465441.8
2465441.9
2465441.9
2465442
2465442
2465442.1
2465442.2
2465442.3
2465442.1
2465441.7
2465440.8
2465439.7
2465438.8
2465438.7
2465439.4
2465440.3
2465440.7
2465440.7
2465440.5
2465440.5
2465441
2465442.7
2465442
2465442
2465442
2465442
2465442
2465442
2465442
2465442
2465442
2465442
2465442
2465442
2465442
2465442
2465442.1
2465442.1
2465442.1
2465442.1
2465442.1
2465442.2
2465442.2
2465442.3
2465442.3
2465442.4
2465442.5
2465442.5
2465442.4
2465441.9
2465441.1
2465440
2465439
2465439
2465439.7
2465440.6
2465441
2465441
2465440.8
2465440.8
2465441.2
2465442.8
2465442.3
2465442.3
2465442.3
2465442.3
2465442.3
2465442.3
2465442.3
2465442.3
2465442.3
2465442.3
2465442.3
2465442.3
2465442.3
2465442.3
2465442.4
2465442.4
2465442.4
2465442.4
2465442.4
2465442.5
2465442.5
2465442.6
2465442.6
2465442.7
2465442.8
2465442.8
2465442.6
2465442.2
2465441.3
2465440.2
2465439.3
2465439.2
2465440
2465440.9
2465441.3
2465441.3
2465441.1
2465441
2465441.4
2465442.9
2465442.6
2465442.6
2465442.6
2465442.6
2465442.6
2465442.6
2465442.6
2465442.6
2465442.6
2465442.6
2465442.6
2465442.6
2465442.6
2465442.6
2465442.6
2465442.7
2465442.7
2465442.7
2465442.7
2465442.8
2465442.8
2465442.9
2465442.9
2465443
2465443.1
2465443.1
2465442.9
2465442.4
2465441.6
2465440.5
2465439.6
2465439.5
2465440.3
2465441.2
2465441.5
2465441.6
2465441.4
2465441.3
2465441.6
2465443
2465442.9
2465442.9
2465442.9
2465442.9
2465442.9
2465442.9
2465442.9
2465442.9
2465442.9
2465442.9
2465442.9
2465442.9
2465442.9
2465442.9
2465442.9
2465443
2465443
2465443
2465443
2465443.1
2465443.1
2465443.2
2465443.2
2465443.3
2465443.3
2465443.3
2465443.1
2465442.7
2465441.8
2465440.8
2465439.9
2465439.9
2465440.6
2465441.5
2465441.8
2465441.9
2465441.7
2465441.6
2465441.8
2465443.2
2465443.2
2465443.2
2465443.2
2465443.2
2465443.2
2465443.2
2465443.2
2465443.2
2465443.2
2465443.2
2465443.2
2465443.2
2465443.2
2465443.2
2465443.2
2465443.2
2465443.3
2465443.3
2465443.3
2465443.3
2465443.4
2465443.4
2465443.5
2465443.6
2465443.6
2465443.6
2465443.4
2465442.9
2465442.1
2465441
2465440.2
2465440.2
2465440.9
2465441.7
2465442.1
2465442.1
2465442
2465441.9
2465442.1
2465443.3
2465443.5
2465443.5
2465443.5
2465443.5
2465443.5
2465443.5
2465443.5
2465443.5
2465443.5
2465443.5
2465443.5
2465443.5
2465443.5
2465443.5
2465443.5
2465443.5
2465443.6
2465443.6
2465443.6
2465443.6
2465443.7
2465443.7
2465443.8
2465443.8
2465443.9
2465443.9
2465443.7
2465443.2
2465442.3
2465441.3
2465440.5
2465440.5
2465441.2
2465442
2465442.4
2465442.4
2465442.3
2465442.2
2465442.3
2465443.5
2465443.8
2465443.8
2465443.8
2465443.8
2465443.8
2465443.8
2465443.8
2465443.8
2465443.8
2465443.8
2465443.8
2465443.8
2465443.8
2465443.8
2465443.8
2465443.8
2465443.8
2465443.9
2465443.9
2465443.9
2465444
2465444
2465444.1
2465444.1
2465444.1
2465444.1
2465443.9
2465443.4
2465442.6
2465441.6
2465440.8
2465440.8
2465441.5
2465442.3
2465442.6
2465442.7
2465442.6
2465442.5
2465442.6
2465443.6
2465444.1
2465444.1
2465444.1
2465444.1
2465444.1
2465444.1
2465444.1
2465444.1
2465444.1
2465444.1
2465444.1
2465444.1
2465444.1
2465444.1
2465444.1
2465444.1
2465444.1
2465444.1
2465444.2
2465444.2
2465444.2
2465444.3
2465444.3
2465444.4
2465444.4
2465444.4
2465444.1
2465443.7
2465442.9
2465441.9
2465441.1
2465441.1
2465441.8
2465442.6
2465442.9
2465443
2465442.9
2465442.8
2465442.8
2465443.8
2465444.3
2465444.3
2465444.3
2465444.3
2465444.3
2465444.3
2465444.3
2465444.3
2465444.3
2465444.3
2465444.3
2465444.4
2465444.4
2465444.4
2465444.4
2465444.4
2465444.4
2465444.4
2465444.4
2465444.5
2465444.5
2465444.6
2465444.6
2465444.6
2465444.7
2465444.6
2465444.4
2465443.9
2465443.1
2465442.2
2465441.5
2465441.5
2465442.1
2465442.9
2465443.2
2465443.3
2465443.1
2465443.1
2465443.1
2465444
2465444.6
2465444.6
2465444.6
2465444.6
2465444.6
2465444.6
2465444.6
2465444.6
2465444.6
2465444.6
2465444.6
2465444.6
2465444.6
2465444.6
2465444.7
2465444.7
2465444.7
2465444.7
2465444.7
2465444.8
2465444.8
2465444.8
2465444.9
2465444.9
2465444.9
2465444.9
2465444.6
2465444.2
2465443.4
2465442.5
2465441.8
2465441.8
2465442.5
2465443.1
2465443.5
2465443.5
2465443.4
2465443.4
2465443.4
2465444.2
2465444.9
2465444.9
2465444.9
2465444.9
2465444.9
2465444.9
2465444.9
2465444.9
2465444.9
2465444.9
2465444.9
2465444.9
2465444.9
2465444.9
2465444.9
2465444.9
2465445
2465445
2465445
2465445
2465445.1
2465445.1
2465445.1
2465445.2
2465445.2
2465445.1
2465444.9
2465444.4
2465443.7
2465442.8
2465442.1
2465442.1
2465442.8
2465443.4
2465443.7
2465443.8
2465443.7
2465443.7
2465443.7
2465444.4
2465445.2
2465445.2
2465445.2
2465445.2
2465445.2
2465445.2
2465445.2
2465445.2
2465445.2
2465445.2
2465445.2
2465445.2
2465445.2
2465445.2
2465445.2
2465445.2
2465445.2
2465445.2
2465445.3
2465445.3
2465445.3
2465445.4
2465445.4
2465445.4
2465445.4
2465445.4
2465445.1
2465444.7
2465444
2465443.1
2465442.5
2465442.5
2465443.1
2465443.7
2465444
2465444.1
2465444
2465444
2465444
2465444.6
2465445.4
2465445.4
2465445.4
2465445.4
2465445.4
2465445.4
2465445.4
2465445.4
2465445.4
2465445.4
2465445.4
2465445.4
2465445.5
2465445.5
2465445.5
2465445.5
2465445.5
2465445.5
2465445.5
2465445.6
2465445.6
2465445.6
2465445.7
2465445.7
2465445.7
2465445.6
2465445.4
2465444.9
2465444.2
2465443.4
2465442.8
2465442.8
2465443.4
2465444
2465444.3
2465444.3
2465444.3
2465444.3
2465444.2
2465444.8
2465445.7
2465445.7
2465445.7
2465445.7
2465445.7
2465445.7
2465445.7
2465445.7
2465445.7
2465445.7
2465445.7
2465445.7
2465445.7
2465445.7
2465445.7
2465445.7
2465445.8
2465445.8
2465445.8
2465445.8
2465445.8
2465445.9
2465445.9
2465445.9
2465445.9
2465445.8
2465445.6
2465445.2
2465444.5
2465443.7
2465443.2
2465443.2
2465443.7
2465444.2
2465444.5
2465444.6
2465444.6
2465444.6
2465444.5
2465445.1
2465446
2465446
2465446
2465446
2465446
2465446
2465446
2465446
2465446
2465446
2465446
2465446
2465446
2465446
2465446
2465446
2465446
2465446
2465446.1
2465446.1
2465446.1
2465446.1
2465446.2
2465446.2
2465446.2
2465446.1
2465445.9
2465445.4
2465444.8
2465444
2465443.5
2465443.5
2465444
2465444.5
2465444.8
2465444.9
2465444.8
2465444.8
2465444.8
2465445.3
2465446.2
2465446.2
2465446.2
2465446.2
2465446.2
2465446.2
2465446.2
2465446.2
2465446.2
2465446.2
2465446.2
2465446.2
2465446.2
2465446.3
2465446.3
2465446.3
2465446.3
2465446.3
2465446.3
2465446.3
2465446.4
2465446.4
2465446.4
2465446.4
2465446.4
2465446.3
2465446.1
2465445.7
2465445.1
2465444.4
2465443.9
2465443.9
2465444.3
2465444.8
2465445
2465445.1
2465445.1
2465445.1
2465445.1
2465445.5
2465446.5
2465446.5
2465446.5
2465446.5
2465446.5
2465446.5
2465446.5
2465446.5
2465446.5
2465446.5
2465446.5
2465446.5
2465446.5
2465446.5
2465446.5
2465446.5
2465446.5
2465446.6
2465446.6
2465446.6
2465446.6
2465446.6
2465446.7
2465446.7
2465446.7
2465446.6
2465446.3
2465445.9
2465445.4
2465444.7
2465444.2
2465444.2
2465444.6
2465445.1
2465445.3
2465445.4
2465445.4
2465445.4
2465445.4
2465445.8
2465446.7
2465446.7
2465446.7
2465446.7
2465446.7
2465446.7
2465446.7
2465446.7
2465446.7
2465446.7
2465446.7
2465446.8
2465446.8
2465446.8
2465446.8
2465446.8
2465446.8
2465446.8
2465446.8
2465446.8
2465446.9
2465446.9
2465446.9
2465446.9
2465446.9
2465446.8
2465446.6
2465446.2
2465445.6
2465445
2465444.6
2465444.6
2465444.9
2465445.3
2465445.6
2465445.7
2465445.6
2465445.7
2465445.6
2465446
2465447
2465447
2465447
2465447
2465447
2465447
2465447
2465447
2465447
2465447
2465447
2465447
2465447
2465447
2465447
2465447
2465447
2465447.1
2465447.1
2465447.1
2465447.1
2465447.1
2465447.2
2465447.2
2465447.1
2465447
2465446.8
2465446.4
2465445.9
2465445.3
2465444.9
2465444.9
2465445.2
2465445.6
2465445.8
2465445.9
2465445.9
2465445.9
2465445.9
2465446.3
2465447.2
2465447.2
2465447.2
2465447.2
2465447.2
2465447.2
2465447.2
2465447.2
2465447.2
2465447.2
2465447.3
2465447.3
2465447.3
2465447.3
2465447.3
2465447.3
2465447.3
2465447.3
2465447.3
2465447.3
2465447.4
2465447.4
2465447.4
2465447.4
2465447.4
2465447.3
2465447
2465446.7
2465446.2
2465445.6
2465445.2
2465445.2
2465445.5
2465445.9
2465446.1
2465446.2
2465446.2
2465446.2
2465446.2
2465446.5
2465447.5
2465447.5
2465447.5
2465447.5
2465447.5
2465447.5
2465447.5
2465447.5
2465447.5
2465447.5
2465447.5
2465447.5
2465447.5
2465447.5
2465447.5
2465447.5
2465447.5
2465447.6
2465447.6
2465447.6
2465447.6
2465447.6
2465447.6
2465447.6
2465447.6
2465447.5
2465447.3
2465446.9
2465446.4
2465445.9
2465445.5
2465445.5
2465445.8
2465446.1
2465446.3
2465446.4
2465446.4
2465446.5
2465446.4
2465446.8
2465447.7
2465447.7
2465447.7
2465447.7
2465447.7
2465447.7
2465447.7
2465447.7
2465447.7
2465447.7
2465447.7
2465447.7
2465447.8
2465447.8
2465447.8
2465447.8
2465447.8
2465447.8
2465447.8
2465447.8
2465447.8
2465447.9
2465447.9
2465447.9
2465447.8
2465447.7
2465447.5
2465447.2
2465446.7
2465446.2
2465445.8
2465445.8
2465446.1
2465446.4
2465446.6
2465446.7
2465446.7
2465446.7
2465446.7
2465447
2465448
2465448
2465448
2465448
2465448
2465448
2465448
2465448
2465448
2465448
2465448
2465448
2465448
2465448
2465448
2465448
2465448
2465448
2465448
2465448.1
2465448.1
2465448.1
2465448.1
2465448.1
2465448
2465447.9
2465447.7
2465447.4
2465447
2465446.5
2465446.1
2465446.1
2465446.4
2465446.6
2465446.8
2465446.9
2465446.9
2465447
2465446.9
2465447.2
2465448.2
2465448.2
2465448.2
2465448.2
2465448.2
2465448.2
2465448.2
2465448.2
2465448.2
2465448.2
2465448.2
2465448.2
2465448.2
2465448.2
2465448.2
2465448.2
2465448.3
2465448.3
2465448.3
2465448.3
2465448.3
2465448.3
2465448.3
2465448.3
2465448.3
2465448.2
2465448
2465447.6
2465447.2
2465446.8
2465446.4
2465446.4
2465446.6
2465446.9
2465447.1
2465447.2
2465447.2
2465447.2
2465447.2
2465447.5
2465448.4
2465448.4
2465448.4
2465448.4
2465448.4
2465448.4
2465448.4
2465448.4
2465448.5
2465448.5
2465448.5
2465448.5
2465448.5
2465448.5
2465448.5
2465448.5
2465448.5
2465448.5
2465448.5
2465448.5
2465448.5
2465448.5
2465448.5
2465448.5
2465448.5
2465448.4
2465448.2
2465447.9
2465447.5
2465447
2465446.7
2465446.7
2465446.9
2465447.1
2465447.3
2465447.4
2465447.4
2465447.5
2465447.5
2465447.7
2465448.7
2465448.7
2465448.7
2465448.7
2465448.7
2465448.7
2465448.7
2465448.7
2465448.7
2465448.7
2465448.7
2465448.7
2465448.7
2465448.7
2465448.7
2465448.7
2465448.7
2465448.7
2465448.7
2465448.8
2465448.8
2465448.8
2465448.8
2465448.8
2465448.7
2465448.6
2465448.4
2465448.1
2465447.7
2465447.3
2465447
2465447
2465447.2
2465447.4
2465447.5
2465447.6
2465447.7
2465447.7
2465447.7
2465448
2465448.9
2465448.9
2465448.9
2465448.9
2465448.9
2465448.9
2465448.9
2465448.9
2465448.9
2465448.9
2465448.9
2465448.9
2465448.9
2465448.9
2465448.9
2465448.9
2465448.9
2465449
2465449
2465449
2465449
2465449
2465449
2465449
2465448.9
2465448.8
2465448.6
2465448.3
2465448
2465447.6
2465447.3
2465447.3
2465447.4
2465447.6
2465447.8
2465447.9
2465447.9
2465448
2465448
2465448.2
2465449.1
2465449.1
2465449.1
2465449.1
2465449.1
2465449.1
2465449.1
2465449.1
2465449.1
2465449.1
2465449.1
2465449.1
2465449.2
2465449.2
2465449.2
2465449.2
2465449.2
2465449.2
2465449.2
2465449.2
2465449.2
2465449.2
2465449.2
2465449.2
2465449.1
2465449
2465448.8
2465448.6
2465448.2
2465447.8
2465447.6
2465447.5
2465447.7
2465447.9
2465448
2465448.1
2465448.1
2465448.2
2465448.2
2465448.4
2465449.4
2465449.4
2465449.4
2465449.4
2465449.4
2465449.4
2465449.4
2465449.4
2465449.4
2465449.4
2465449.4
2465449.4
2465449.4
2465449.4
2465449.4
2465449.4
2465449.4
2465449.4
2465449.4
2465449.4
2465449.4
2465449.4
2465449.4
2465449.4
2465449.3
2465449.2
2465449
2465448.8
2465448.4
2465448.1
2465447.8
2465447.8
2465447.9
2465448.1
2465448.2
2465448.3
2465448.4
2465448.4
2465448.4
2465448.7
2465449.6
2465449.6
2465449.6
2465449.6
2465449.6
2465449.6
2465449.6
2465449.6
2465449.6
2465449.6
2465449.6
2465449.6
2465449.6
2465449.6
2465449.6
2465449.6
2465449.6
2465449.6
2465449.6
2465449.6
2465449.6
2465449.6
2465449.6
2465449.6
2465449.5
2465449.4
2465449.3
2465449
2465448.7
2465448.3
2465448.1
2465448.1
2465448.2
2465448.3
2465448.5
2465448.6
2465448.6
2465448.7
2465448.7
2465448.9
2465449.8
2465449.8
2465449.8
2465449.8
2465449.8
2465449.8
2465449.8
2465449.8
2465449.8
2465449.8
2465449.8
2465449.8
2465449.8
2465449.8
2465449.8
2465449.8
2465449.8
2465449.8
2465449.8
2465449.9
2465449.9
2465449.9
2465449.8
2465449.8
2465449.8
2465449.6
2465449.5
2465449.2
2465448.9
2465448.6
2465448.4
2465448.3
2465448.4
2465448.6
2465448.7
2465448.8
2465448.8
2465448.9
2465448.9
2465449.1
2465450
2465450
2465450
2465450
2465450
2465450
2465450
2465450
2465450
2465450
2465450
2465450
2465450
2465450
2465450
2465450
2465450
2465450.1
2465450.1
2465450.1
2465450.1
2465450.1
2465450.1
2465450
2465450
2465449.8
2465449.7
2465449.4
2465449.1
2465448.8
2465448.6
2465448.6
2465448.7
2465448.8
2465448.9
2465449
2465449.1
2465449.1
2465449.1
2465449.4
2465450.2
2465450.2
2465450.2
2465450.2
2465450.2
2465450.2
2465450.2
2465450.2
2465450.2
2465450.2
2465450.2
2465450.2
2465450.2
2465450.2
2465450.2
2465450.3
2465450.3
2465450.3
2465450.3
2465450.3
2465450.3
2465450.3
2465450.3
2465450.2
2465450.2
2465450
2465449.9
2465449.6
2465449.4
2465449.1
2465448.9
2465448.8
2465448.9
2465449
2465449.1
2465449.2
2465449.3
2465449.4
2465449.4
2465449.6
2465450.4
2465450.4
2465450.4
2465450.4
2465450.4
2465450.4
2465450.4
2465450.4
2465450.4
2465450.4
2465450.4
2465450.4
2465450.4
2465450.5
2465450.5
2465450.5
2465450.5
2465450.5
2465450.5
2465450.5
2465450.5
2465450.5
2465450.5
2465450.4
2465450.4
2465450.2
2465450.1
2465449.9
2465449.6
2465449.3
2465449.1
2465449.1
2465449.1
2465449.3
2465449.4
2465449.5
2465449.5
2465449.6
2465449.6
2465449.8
2465450.6
2465450.6
2465450.6
2465450.6
2465450.6
2465450.6
2465450.6
2465450.6
2465450.6
2465450.6
2465450.6
2465450.7
2465450.7
2465450.7
2465450.7
2465450.7
2465450.7
2465450.7
2465450.7
2465450.7
2465450.7
2465450.7
2465450.7
2465450.6
2465450.6
2465450.4
2465450.3
2465450.1
2465449.8
2465449.5
2465449.3
2465449.3
2465449.4
2465449.5
2465449.6
2465449.7
2465449.7
2465449.8
2465449.8
2465450
2465450.8
2465450.8
2465450.8
2465450.8
2465450.8
2465450.8
2465450.8
2465450.8
2465450.9
2465450.9
2465450.9
2465450.9
2465450.9
2465450.9
2465450.9
2465450.9
2465450.9
2465450.9
2465450.9
2465450.9
2465450.9
2465450.9
2465450.9
2465450.8
2465450.7
2465450.6
2465450.5
2465450.3
2465450
2465449.8
2465449.6
2465449.5
2465449.6
2465449.7
2465449.8
2465449.9
2465449.9
2465450
2465450
2465450.2
2465451
2465451
2465451
2465451
2465451
2465451
2465451
2465451
2465451.1
2465451.1
2465451.1
2465451.1
2465451.1
2465451.1
2465451.1
2465451.1
2465451.1
2465451.1
2465451.1
2465451.1
2465451.1
2465451.1
2465451
2465451
2465450.9
2465450.8
2465450.7
2465450.5
2465450.2
2465450
2465449.8
2465449.8
2465449.8
2465449.9
2465450
2465450.1
2465450.1
2465450.2
2465450.3
2465450.5
2465451.2
2465451.2
2465451.2
2465451.2
2465451.2
2465451.2
2465451.2
2465451.2
2465451.2
2465451.3
2465451.3
2465451.3
2465451.3
2465451.3
2465451.3
2465451.3
2465451.3
2465451.3
2465451.3
2465451.3
2465451.3
2465451.3
2465451.2
2465451.2
2465451.1
2465451
2465450.9
2465450.7
2465450.4
2465450.2
2465450
2465450
2465450
2465450.1
2465450.2
2465450.3
2465450.4
2465450.4
2465450.5
2465450.7
2465451.4
2465451.4
2465451.4
2465451.4
2465451.4
2465451.4
2465451.4
2465451.4
2465451.4
2465451.4
2465451.4
2465451.4
2465451.5
2465451.5
2465451.5
2465451.5
2465451.5
2465451.5
2465451.5
2465451.5
2465451.5
2465451.4
2465451.4
2465451.4
2465451.3
2465451.2
2465451.1
2465450.9
2465450.6
2465450.4
2465450.3
2465450.2
2465450.2
2465450.3
2465450.4
2465450.5
2465450.6
2465450.7
2465450.7
2465450.9
2465451.6
2465451.6
2465451.6
2465451.6
2465451.6
2465451.6
2465451.6
2465451.6
2465451.6
2465451.6
2465451.6
2465451.6
2465451.6
2465451.6
2465451.6
2465451.6
2465451.7
2465451.7
2465451.7
2465451.7
2465451.6
2465451.6
2465451.6
2465451.6
2465451.5
2465451.4
2465451.2
2465451.1
2465450.8
2465450.6
2465450.5
2465450.4
2465450.5
2465450.5
2465450.6
2465450.7
2465450.8
2465450.9
2465450.9
2465451.1
2465451.8
2465451.8
2465451.8
2465451.8
2465451.8
2465451.8
2465451.8
2465451.8
2465451.8
2465451.8
2465451.8
2465451.8
2465451.8
2465451.8
2465451.8
2465451.8
2465451.8
2465451.8
2465451.8
2465451.8
2465451.8
2465451.8
2465451.8
2465451.7
2465451.7
2465451.6
2465451.4
2465451.2
2465451
2465450.8
2465450.7
2465450.6
2465450.7
2465450.7
2465450.8
2465450.9
2465451
2465451.1
2465451.1
2465451.3
2465452
2465452
2465452
2465452
2465452
2465452
2465452
2465452
2465452
2465452
2465452
2465452
2465452
2465452
2465452
2465452
2465452
2465452
2465452
2465452
2465452
2465452
2465452
2465451.9
2465451.9
2465451.8
2465451.6
2465451.4
2465451.2
2465451
2465450.9
2465450.8
2465450.9
2465450.9
2465451
2465451.1
2465451.2
2465451.3
2465451.3
2465451.5
2465452.2
2465452.2
2465452.2
2465452.2
2465452.2
2465452.2
2465452.2
2465452.2
2465452.2
2465452.2
2465452.2
2465452.2
2465452.2
2465452.2
2465452.2
2465452.2
2465452.2
2465452.2
2465452.2
2465452.2
2465452.2
2465452.2
2465452.1
2465452.1
2465452
2465451.9
2465451.8
2465451.6
2465451.4
2465451.2
2465451.1
2465451
2465451.1
2465451.1
2465451.2
2465451.3
2465451.4
2465451.5
2465451.5
2465451.7
2465452.4
2465452.4
2465452.4
2465452.4
2465452.4
2465452.4
2465452.4
2465452.4
2465452.4
2465452.4
2465452.4
2465452.4
2465452.4
2465452.4
2465452.4
2465452.4
2465452.4
2465452.4
2465452.4
2465452.4
2465452.4
2465452.4
2465452.3
2465452.3
2465452.2
2465452.1
2465452
2465451.8
2465451.6
2465451.4
2465451.3
2465451.2
2465451.3
2465451.3
2465451.4
2465451.5
2465451.5
2465451.6
2465451.7
2465451.9
2465452.6
2465452.6
2465452.6
2465452.6
2465452.6
2465452.6
2465452.6
2465452.6
2465452.6
2465452.6
2465452.6
2465452.6
2465452.6
2465452.6
2465452.6
2465452.6
2465452.6
2465452.6
2465452.6
2465452.6
2465452.5
2465452.5
2465452.5
2465452.4
2465452.4
2465452.3
2465452.1
2465452
2465451.8
2465451.6
2465451.5
2465451.4
2465451.5
2465451.5
2465451.6
2465451.7
2465451.7
2465451.8
2465451.9
2465452.1
2465452.7
2465452.7
2465452.7
2465452.7
2465452.7
2465452.7
2465452.7
2465452.7
2465452.7
2465452.7
2465452.7
2465452.7
2465452.7
2465452.7
2465452.7
2465452.7
2465452.7
2465452.7
2465452.7
2465452.7
2465452.7
2465452.7
2465452.7
2465452.6
2465452.5
2465452.4
2465452.3
2465452.2
2465452
2465451.8
2465451.7
2465451.6
2465451.7
2465451.7
2465451.8
2465451.9
2465451.9
2465452
2465452.1
2465452.3
2465452.9
2465452.9
2465452.9
2465452.9
2465452.9
2465452.9
2465452.9
2465452.9
2465452.9
2465452.9
2465452.9
2465452.9
2465452.9
2465452.9
2465452.9
2465452.9
2465452.9
2465452.9
2465452.9
2465452.9
2465452.9
2465452.9
2465452.8
2465452.8
2465452.7
2465452.6
2465452.5
2465452.3
2465452.2
2465452
2465451.9
2465451.8
2465451.8
2465451.9
2465452
2465452
2465452.1
2465452.2
2465452.2
2465452.4
2465453.1
2465453.1
2465453.1
2465453.1
2465453.1
2465453.1
2465453.1
2465453.1
2465453.1
2465453.1
2465453.1
2465453.1
2465453.1
2465453.1
2465453.1
2465453.1
2465453.1
2465453.1
2465453.1
2465453.1
2465453
2465453
2465453
2465452.9
2465452.9
2465452.8
2465452.7
2465452.5
2465452.3
2465452.2
2465452.1
2465452
2465452
2465452.1
2465452.2
2465452.2
2465452.3
2465452.4
2465452.4
2465452.6
2465453.2
2465453.2
2465453.2
2465453.2
2465453.2
2465453.2
2465453.2
2465453.2
2465453.2
2465453.2
2465453.2
2465453.2
2465453.2
2465453.2
2465453.2
2465453.2
2465453.2
2465453.2
2465453.2
2465453.2
2465453.2
2465453.2
2465453.2
2465453.1
2465453
2465452.9
2465452.8
2465452.7
2465452.5
2465452.4
2465452.3
2465452.2
2465452.2
2465452.3
2465452.3
2465452.4
2465452.5
2465452.6
2465452.6
2465452.8
2465453.4
2465453.4
2465453.4
2465453.4
2465453.4
2465453.4
2465453.4
2465453.4
2465453.4
2465453.4
2465453.4
2465453.4
2465453.4
2465453.4
2465453.4
2465453.4
2465453.4
2465453.4
2465453.4
2465453.4
2465453.4
2465453.3
2465453.3
2465453.3
2465453.2
2465453.1
2465453
2465452.8
2465452.7
2465452.5
2465452.4
2465452.4
2465452.4
2465452.4
2465452.5
2465452.6
2465452.6
2465452.7
2465452.8
2465453
2465453.6
2465453.6
2465453.6
2465453.6
2465453.6
2465453.6
2465453.6
2465453.6
2465453.6
2465453.6
2465453.6
2465453.6
2465453.6
2465453.6
2465453.6
2465453.6
2465453.6
2465453.6
2465453.5
2465453.5
2465453.5
2465453.5
2465453.5
2465453.4
2465453.3
2465453.3
2465453.1
2465453
2465452.9
2465452.7
2465452.6
2465452.6
2465452.6
2465452.6
2465452.7
2465452.7
2465452.8
2465452.9
2465453
2465453.1
2465453.7
2465453.7
2465453.7
2465453.7
2465453.7
2465453.7
2465453.7
2465453.7
2465453.7
2465453.7
2465453.7
2465453.7
2465453.7
2465453.7
2465453.7
2465453.7
2465453.7
2465453.7
2465453.7
2465453.7
2465453.7
2465453.7
2465453.6
2465453.6
2465453.5
2465453.4
2465453.3
2465453.2
2465453
2465452.9
2465452.8
2465452.7
2465452.7
2465452.8
2465452.8
2465452.9
2465453
2465453.1
2465453.1
2465453.3
2465453.9
2465453.9
2465453.9
2465453.9
2465453.9
2465453.9
2465453.9
2465453.9
2465453.9
2465453.9
2465453.9
2465453.9
2465453.9
2465453.9
2465453.9
2465453.9
2465453.9
2465453.9
2465453.9
2465453.8
2465453.8
2465453.8
2465453.8
2465453.7
2465453.7
2465453.6
2465453.5
2465453.3
2465453.2
2465453
2465453
2465452.9
2465452.9
2465452.9
2465453
2465453.1
2465453.1
2465453.2
2465453.3
2465453.5
2465454
2465454
2465454
2465454
2465454
2465454
2465454
2465454
2465454
2465454
2465454
2465454
2465454
2465454
2465454
2465454
2465454
2465454
2465454
2465454
2465454
2465454
2465453.9
2465453.9
2465453.8
2465453.7
2465453.6
2465453.5
2465453.3
2465453.2
2465453.1
2465453.1
2465453.1
2465453.1
2465453.2
2465453.2
2465453.3
2465453.4
2465453.4
2465453.6
2465454.2
2465454.2
2465454.2
2465454.2
2465454.2
2465454.2
2465454.2
2465454.2
2465454.2
2465454.2
2465454.2
2465454.2
2465454.2
2465454.2
2465454.2
2465454.2
2465454.2
2465454.2
2465454.2
2465454.1
2465454.1
2465454.1
2465454.1
2465454
2465453.9
2465453.9
2465453.7
2465453.6
2465453.5
2465453.4
2465453.3
2465453.2
2465453.2
2465453.3
2465453.3
2465453.4
2465453.5
2465453.6
2465453.6
2465453.8
2465454.3
2465454.3
2465454.3
2465454.3
2465454.3
2465454.3
2465454.3
2465454.3
2465454.3
2465454.3
2465454.3
2465454.3
2465454.3
2465454.3
2465454.3
2465454.3
2465454.3
2465454.3
2465454.3
2465454.3
2465454.3
2465454.2
2465454.2
2465454.2
2465454.1
2465454
2465453.9
2465453.8
2465453.6
2465453.5
2465453.4
2465453.4
2465453.4
2465453.4
2465453.5
2465453.6
2465453.6
2465453.7
2465453.8
2465454
2465454.5
2465454.5
2465454.5
2465454.5
2465454.5
2465454.5
2465454.5
2465454.5
2465454.5
2465454.5
2465454.5
2465454.5
2465454.5
2465454.5
2465454.5
2465454.5
2465454.5
2465454.4
2465454.4
2465454.4
2465454.4
2465454.4
2465454.3
2465454.3
2465454.2
2465454.1
2465454
2465453.9
2465453.8
2465453.7
2465453.6
2465453.6
2465453.6
2465453.6
2465453.6
2465453.7
2465453.8
2465453.9
2465453.9
2465454.1
2465454.6
2465454.6
2465454.6
2465454.6
2465454.6
2465454.6
2465454.6
2465454.6
2465454.6
2465454.6
2465454.6
2465454.6
2465454.6
2465454.6
2465454.6
2465454.6
2465454.6
2465454.6
2465454.6
2465454.6
2465454.5
2465454.5
2465454.5
2465454.4
2465454.4
2465454.3
2465454.2
2465454.1
2465453.9
2465453.8
2465453.7
2465453.7
2465453.7
2465453.7
2465453.8
2465453.9
2465453.9
2465454
2465454.1
2465454.3
2465454.7
2465454.7
2465454.7
2465454.7
2465454.7
2465454.7
2465454.7
2465454.7
2465454.7
2465454.7
2465454.7
2465454.7
2465454.7
2465454.7
2465454.7
2465454.7
2465454.7
2465454.7
2465454.7
2465454.7
2465454.7
2465454.7
2465454.6
2465454.6
2465454.5
2465454.4
2465454.3
2465454.2
2465454.1
2465454
2465453.9
2465453.9
2465453.9
2465453.9
2465453.9
2465454
2465454.1
2465454.2
2465454.2
2465454.4
2465454.9
2465454.9
2465454.9
2465454.9
2465454.9
2465454.9
2465454.9
2465454.9
2465454.9
2465454.9
2465454.9
2465454.9
2465454.9
2465454.9
2465454.9
2465454.9
2465454.9
2465454.9
2465454.8
2465454.8
2465454.8
2465454.8
2465454.7
2465454.7
2465454.6
2465454.5
2465454.4
2465454.3
2465454.2
2465454.1
2465454
2465454
2465454
2465454
2465454.1
2465454.1
2465454.2
2465454.3
2465454.4
2465454.6
2465455
2465455
2465455
2465455
2465455
2465455
2465455
2465455
2465455
2465455
2465455
2465455
2465455
2465455
2465455
2465455
2465455
2465455
2465455
2465455
2465454.9
2465454.9
2465454.9
2465454.8
2465454.8
2465454.7
2465454.6
2465454.5
2465454.4
2465454.3
2465454.2
2465454.1
2465454.1
2465454.2
2465454.2
2465454.3
2465454.3
2465454.5
2465454.5
2465454.7
2465455.1
2465455.1
2465455.1
2465455.1
2465455.1
2465455.1
2465455.1
2465455.1
2465455.1
2465455.1
2465455.1
2465455.1
2465455.1
2465455.1
2465455.1
2465455.1
2465455.1
2465455.1
2465455.1
2465455.1
2465455.1
2465455
2465455
2465454.9
2465454.9
2465454.8
2465454.7
2465454.6
2465454.5
2465454.4
2465454.3
2465454.3
2465454.3
2465454.3
2465454.4
2465454.4
2465454.5
2465454.6
2465454.6
2465454.8
2465455.3
2465455.3
2465455.3
2465455.3
2465455.3
2465455.3
2465455.3
2465455.3
2465455.3
2465455.3
2465455.3
2465455.3
2465455.3
2465455.3
2465455.3
2465455.3
2465455.2
2465455.2
2465455.2
2465455.2
2465455.2
2465455.2
2465455.1
2465455.1
2465455
2465454.9
2465454.8
2465454.7
2465454.6
2465454.5
2465454.5
2465454.4
2465454.4
2465454.4
2465454.5
2465454.6
2465454.6
2465454.7
2465454.8
2465455
2465455.4
2465455.4
2465455.4
2465455.4
2465455.4
2465455.4
2465455.4
2465455.4
2465455.4
2465455.4
2465455.4
2465455.4
2465455.4
2465455.4
2465455.4
2465455.4
2465455.4
2465455.4
2465455.3
2465455.3
2465455.3
2465455.3
2465455.2
2465455.2
2465455.1
2465455
2465455
2465454.9
2465454.8
2465454.7
2465454.6
2465454.6
2465454.6
2465454.6
2465454.6
2465454.7
2465454.8
2465454.9
2465454.9
2465455.1
2465455.5
2465455.5
2465455.5
2465455.5
2465455.5
2465455.5
2465455.5
2465455.5
2465455.5
2465455.5
2465455.5
2465455.5
2465455.5
2465455.5
2465455.5
2465455.5
2465455.5
2465455.5
2465455.5
2465455.5
2465455.4
2465455.4
2465455.4
2465455.3
2465455.2
2465455.2
2465455.1
2465455
2465454.9
2465454.8
2465454.7
2465454.7
2465454.7
2465454.7
2465454.8
2465454.8
2465454.9
2465455
2465455
2465455.2
2465455.6
2465455.6
2465455.6
2465455.6
2465455.6
2465455.6
2465455.6
2465455.6
2465455.6
2465455.6
2465455.6
2465455.6
2465455.6
2465455.6
2465455.6
2465455.6
2465455.6
2465455.6
2465455.6
2465455.6
2465455.5
2465455.5
2465455.5
2465455.4
2465455.4
2465455.3
2465455.2
2465455.1
2465455
2465454.9
2465454.9
2465454.8
2465454.8
2465454.8
2465454.9
2465454.9
2465455
2465455.1
2465455.2
2465455.4
2465455.7
2465455.7
2465455.7
2465455.7
2465455.7
2465455.7
2465455.7
2465455.7
2465455.7
2465455.7
2465455.7
2465455.7
2465455.7
2465455.7
2465455.7
2465455.7
2465455.7
2465455.7
2465455.7
2465455.7
2465455.7
2465455.6
2465455.6
2465455.5
2465455.5
2465455.4
2465455.3
2465455.2
2465455.1
2465455
2465455
2465454.9
2465454.9
2465455
2465455
2465455.1
2465455.1
2465455.2
2465455.3
2465455.5
2465455.9
2465455.9
2465455.9
2465455.9
2465455.9
2465455.9
2465455.9
2465455.9
2465455.9
2465455.9
2465455.9
2465455.9
2465455.9
2465455.8
2465455.8
2465455.8
2465455.8
2465455.8
2465455.8
2465455.8
2465455.8
2465455.7
2465455.7
2465455.6
2465455.6
2465455.5
2465455.4
2465455.3
2465455.2
2465455.2
2465455.1
2465455.1
2465455.1
2465455.1
2465455.1
2465455.2
2465455.2
2465455.4
2465455.4
2465455.6
2465456
2465456
2465456
2465456
2465456
2465456
2465456
2465456
2465456
2465456
2465456
2465456
2465456
2465456
2465456
2465455.9
2465455.9
2465455.9
2465455.9
2465455.9
2465455.9
2465455.8
2465455.8
2465455.8
2465455.7
2465455.6
2465455.5
2465455.4
2465455.4
2465455.3
2465455.2
2465455.2
2465455.2
2465455.2
2465455.2
2465455.3
2465455.4
2465455.5
2465455.5
2465455.7
2465456.1
2465456.1
2465456.1
2465456.1
2465456.1
2465456.1
2465456.1
2465456.1
2465456.1
2465456.1
2465456.1
2465456.1
2465456.1
2465456.1
2465456.1
2465456.1
2465456
2465456
2465456
2465456
2465456
2465455.9
2465455.9
2465455.9
2465455.8
2465455.7
2465455.6
2465455.6
2465455.5
2465455.4
2465455.3
2465455.3
2465455.3
2465455.3
2465455.4
2465455.4
2465455.5
2465455.6
2465455.6
2465455.8
2465456.2
2465456.2
2465456.2
2465456.2
2465456.2
2465456.2
2465456.2
2465456.2
2465456.2
2465456.2
2465456.2
2465456.2
2465456.2
2465456.2
2465456.2
2465456.2
2465456.1
2465456.1
2465456.1
2465456.1
2465456.1
2465456
2465456
2465456
2465455.9
2465455.8
2465455.7
2465455.7
2465455.6
2465455.5
2465455.4
2465455.4
2465455.4
2465455.4
2465455.5
2465455.5
2465455.6
2465455.7
2465455.7
2465455.9
2465456.3
2465456.3
2465456.3
2465456.3
2465456.3
2465456.3
2465456.3
2465456.3
2465456.3
2465456.3
2465456.3
2465456.3
2465456.3
2465456.3
2465456.3
2465456.3
2465456.2
2465456.2
2465456.2
2465456.2
2465456.2
2465456.1
2465456.1
2465456.1
2465456
2465455.9
2465455.8
2465455.8
2465455.7
2465455.6
2465455.5
2465455.5
2465455.5
2465455.5
2465455.6
2465455.6
2465455.7
2465455.8
2465455.9
2465456
2465456.4
2465456.4
2465456.4
2465456.4
2465456.4
2465456.4
2465456.4
2465456.4
2465456.4
2465456.4
2465456.4
2465456.4
2465456.4
2465456.4
2465456.4
2465456.4
2465456.3
2465456.3
2465456.3
2465456.3
2465456.3
2465456.2
2465456.2
2465456.2
2465456.1
2465456
2465455.9
2465455.9
2465455.8
2465455.7
2465455.7
2465455.6
2465455.6
2465455.6
2465455.7
2465455.7
2465455.8
2465455.9
2465456
2465456.2
2465456.5
2465456.5
2465456.5
2465456.5
2465456.5
2465456.5
2465456.5
2465456.5
2465456.5
2465456.5
2465456.5
2465456.5
2465456.5
2465456.5
2465456.5
2465456.4
2465456.4
2465456.4
2465456.4
2465456.4
2465456.4
2465456.3
2465456.3
2465456.2
2465456.2
2465456.1
2465456
2465456
2465455.9
2465455.8
2465455.8
2465455.7
2465455.7
2465455.7
2465455.8
2465455.8
2465455.9
2465456
2465456.1
2465456.3
2465456.6
2465456.6
2465456.6
2465456.6
2465456.6
2465456.6
2465456.6
2465456.6
2465456.6
2465456.6
2465456.6
2465456.6
2465456.6
2465456.6
2465456.5
2465456.5
2465456.5
2465456.5
2465456.5
2465456.5
2465456.5
2465456.4
2465456.4
2465456.3
2465456.3
2465456.2
2465456.1
2465456
2465456
2465455.9
2465455.9
2465455.8
2465455.8
2465455.8
2465455.9
2465455.9
2465456
2465456.1
2465456.2
2465456.4
2465456.7
2465456.7
2465456.7
2465456.7
2465456.7
2465456.7
2465456.7
2465456.7
2465456.7
2465456.7
2465456.7
2465456.6
2465456.6
2465456.6
2465456.6
2465456.6
2465456.6
2465456.6
2465456.6
2465456.6
2465456.5
2465456.5
2465456.5
2465456.4
2465456.4
2465456.3
2465456.2
2465456.1
2465456.1
2465456
2465455.9
2465455.9
2465455.9
2465455.9
2465456
2465456
2465456.1
2465456.2
2465456.3
2465456.4
2465456.7
2465456.7
2465456.7
2465456.7
2465456.7
2465456.7
2465456.7
2465456.7
2465456.7
2465456.7
2465456.7
2465456.7
2465456.7
2465456.7
2465456.7
2465456.7
2465456.7
2465456.7
2465456.7
2465456.7
2465456.6
2465456.6
2465456.6
2465456.5
2465456.4
2465456.4
2465456.3
2465456.2
2465456.2
2465456.1
2465456
2465456
2465456
2465456
2465456.1
2465456.1
2465456.2
2465456.3
2465456.3
2465456.5
2465456.8
2465456.8
2465456.8
2465456.8
2465456.8
2465456.8
2465456.8
2465456.8
2465456.8
2465456.8
2465456.8
2465456.8
2465456.8
2465456.8
2465456.8
2465456.8
2465456.8
2465456.8
2465456.8
2465456.7
2465456.7
2465456.7
2465456.6
2465456.6
2465456.5
2465456.5
2465456.4
2465456.3
2465456.2
2465456.2
2465456.1
2465456.1
2465456.1
2465456.1
2465456.2
2465456.2
2465456.3
2465456.4
2465456.4
2465456.6
2465456.9
2465456.9
2465456.9
2465456.9
2465456.9
2465456.9
2465456.9
2465456.9
2465456.9
2465456.9
2465456.9
2465456.9
2465456.9
2465456.9
2465456.9
2465456.9
2465456.9
2465456.9
2465456.8
2465456.8
2465456.8
2465456.8
2465456.7
2465456.7
2465456.6
2465456.5
2465456.5
2465456.4
2465456.3
2465456.3
2465456.2
2465456.2
2465456.2
2465456.2
2465456.2
2465456.3
2465456.4
2465456.5
2465456.5
2465456.7
2465457
2465457
2465457
2465457
2465457
2465457
2465457
2465457
2465457
2465457
2465457
2465457
2465457
2465457
2465457
2465457
2465456.9
2465456.9
2465456.9
2465456.9
2465456.9
2465456.8
2465456.8
2465456.7
2465456.7
2465456.6
2465456.5
2465456.5
2465456.4
2465456.3
2465456.3
2465456.3
2465456.3
2465456.3
2465456.3
2465456.4
2465456.4
2465456.5
2465456.6
2465456.8
2465457.1
2465457.1
2465457.1
2465457.1
2465457.1
2465457.1
2465457.1
2465457.1
2465457.1
2465457.1
2465457.1
2465457.1
2465457
2465457
2465457
2465457
2465457
2465457
2465457
2465457
2465456.9
2465456.9
2465456.9
2465456.8
2465456.8
2465456.7
2465456.6
2465456.6
2465456.5
2465456.4
2465456.4
2465456.4
2465456.3
2465456.4
2465456.4
2465456.5
2465456.5
2465456.6
2465456.7
2465456.9
2465457.1
2465457.1
2465457.1
2465457.1
2465457.1
2465457.1
2465457.1
2465457.1
2465457.1
2465457.1
2465457.1
2465457.1
2465457.1
2465457.1
2465457.1
2465457.1
2465457.1
2465457.1
2465457.1
2465457
2465457
2465457
2465456.9
2465456.9
2465456.8
2465456.8
2465456.7
2465456.6
2465456.6
2465456.5
2465456.5
2465456.4
2465456.4
2465456.4
2465456.5
2465456.5
2465456.6
2465456.7
2465456.8
2465457
2465457.2
2465457.2
2465457.2
2465457.2
2465457.2
2465457.2
2465457.2
2465457.2
2465457.2
2465457.2
2465457.2
2465457.2
2465457.2
2465457.2
2465457.2
2465457.2
2465457.2
2465457.1
2465457.1
2465457.1
2465457.1
2465457
2465457
2465457
2465456.9
2465456.8
2465456.8
2465456.7
2465456.6
2465456.6
2465456.5
2465456.5
2465456.5
2465456.5
2465456.6
2465456.6
2465456.7
2465456.8
2465456.8
2465457
2465457.3
2465457.3
2465457.3
2465457.3
2465457.3
2465457.3
2465457.3
2465457.3
2465457.3
2465457.3
2465457.3
2465457.3
2465457.3
2465457.3
2465457.2
2465457.2
2465457.2
2465457.2
2465457.2
2465457.2
2465457.1
2465457.1
2465457.1
2465457
2465457
2465456.9
2465456.8
2465456.8
2465456.7
2465456.6
2465456.6
2465456.6
2465456.6
2465456.6
2465456.6
2465456.7
2465456.7
2465456.8
2465456.9
2465457.1
2465457.3
2465457.3
2465457.3
2465457.3
2465457.3
2465457.3
2465457.3
2465457.3
2465457.3
2465457.3
2465457.3
2465457.3
2465457.3
2465457.3
2465457.3
2465457.3
2465457.3
2465457.3
2465457.3
2465457.2
2465457.2
2465457.2
2465457.1
2465457.1
2465457
2465457
2465456.9
2465456.8
2465456.8
2465456.7
2465456.7
2465456.6
2465456.6
2465456.7
2465456.7
2465456.7
2465456.8
2465456.9
2465457
2465457.2
2465457.4
2465457.4
2465457.4
2465457.4
2465457.4
2465457.4
2465457.4
2465457.4
2465457.4
2465457.4
2465457.4
2465457.4
2465457.4
2465457.4
2465457.4
2465457.4
2465457.3
2465457.3
2465457.3
2465457.3
2465457.3
2465457.2
2465457.2
2465457.1
2465457.1
2465457
2465457
2465456.9
2465456.8
2465456.8
2465456.7
2465456.7
2465456.7
2465456.7
2465456.8
2465456.8
2465456.9
2465457
2465457
2465457.2
2465457.5
2465457.5
2465457.5
2465457.5
2465457.5
2465457.5
2465457.5
2465457.4
2465457.4
2465457.4
2465457.4
2465457.4
2465457.4
2465457.4
2465457.4
2465457.4
2465457.4
2465457.4
2465457.4
2465457.4
2465457.3
2465457.3
2465457.2
2465457.2
2465457.1
2465457.1
2465457
2465457
2465456.9
2465456.8
2465456.8
2465456.8
2465456.8
2465456.8
2465456.8
2465456.9
2465456.9
2465457
2465457.1
2465457.3
2465457.5
2465457.5
2465457.5
2465457.5
2465457.5
2465457.5
2465457.5
2465457.5
2465457.5
2465457.5
2465457.5
2465457.5
2465457.5
2465457.5
2465457.5
2465457.5
2465457.5
2465457.4
2465457.4
2465457.4
2465457.4
2465457.3
2465457.3
2465457.3
2465457.2
2465457.1
2465457.1
2465457
2465456.9
2465456.9
2465456.9
2465456.8
2465456.8
2465456.8
2465456.9
2465456.9
2465457
2465457.1
2465457.2
2465457.3
2465457.6
2465457.6
2465457.6
2465457.6
2465457.6
2465457.6
2465457.6
2465457.6
2465457.6
2465457.6
2465457.6
2465457.5
2465457.5
2465457.5
2465457.5
2465457.5
2465457.5
2465457.5
2465457.5
2465457.5
2465457.4
2465457.4
2465457.4
2465457.3
2465457.3
2465457.2
2465457.1
2465457.1
2465457
2465456.9
2465456.9
2465456.9
2465456.9
2465456.9
2465456.9
2465457
2465457.1
2465457.2
2465457.2
2465457.4
2465457.6
2465457.6
2465457.6
2465457.6
2465457.6
2465457.6
2465457.6
2465457.6
2465457.6
2465457.6
2465457.6
2465457.6
2465457.6
2465457.6
2465457.6
2465457.6
2465457.6
2465457.5
2465457.5
2465457.5
2465457.5
2465457.4
2465457.4
2465457.4
2465457.3
2465457.2
2465457.2
2465457.1
2465457.1
2465457
2465457
2465456.9
2465456.9
2465457
2465457
2465457
2465457.1
2465457.2
2465457.3
2465457.5
2465457.7
2465457.7
2465457.7
2465457.7
2465457.7
2465457.7
2465457.7
2465457.7
2465457.7
2465457.6
2465457.6
2465457.6
2465457.6
2465457.6
2465457.6
2465457.6
2465457.6
2465457.6
2465457.6
2465457.6
2465457.5
2465457.5
2465457.4
2465457.4
2465457.3
2465457.3
2465457.2
2465457.2
2465457.1
2465457
2465457
2465457
2465457
2465457
2465457
2465457.1
2465457.2
2465457.3
2465457.3
2465457.5
2465457.7
2465457.7
2465457.7
2465457.7
2465457.7
2465457.7
2465457.7
2465457.7
2465457.7
2465457.7
2465457.7
2465457.7
2465457.7
2465457.7
2465457.7
2465457.7
2465457.6
2465457.6
2465457.6
2465457.6
2465457.6
2465457.5
2465457.5
2465457.4
2465457.4
2465457.3
2465457.3
2465457.2
2465457.1
2465457.1
2465457.1
2465457
2465457
2465457.1
2465457.1
2465457.1
2465457.2
2465457.3
2465457.4
2465457.5
2465457.7
2465457.7
2465457.7
2465457.7
2465457.7
2465457.7
2465457.7
2465457.7
2465457.7
2465457.7
2465457.7
2465457.7
2465457.7
2465457.7
2465457.7
2465457.7
2465457.7
2465457.7
2465457.7
2465457.6
2465457.6
2465457.6
2465457.5
2465457.5
2465457.4
2465457.4
2465457.3
2465457.2
2465457.2
2465457.1
2465457.1
2465457.1
2465457.1
2465457.1
2465457.1
2465457.2
2465457.2
2465457.3
2465457.4
2465457.6
2465457.8
2465457.8
2465457.8
2465457.8
2465457.8
2465457.8
2465457.8
2465457.8
2465457.8
2465457.8
2465457.8
2465457.8
2465457.8
2465457.8
2465457.7
2465457.7
2465457.7
2465457.7
2465457.7
2465457.7
2465457.6
2465457.6
2465457.6
2465457.5
2465457.5
2465457.4
2465457.3
2465457.3
2465457.2
2465457.2
2465457.1
2465457.1
2465457.1
2465457.1
2465457.2
2465457.2
2465457.3
2465457.4
2465457.4
2465457.6
2465457.8
2465457.8
2465457.8
2465457.8
2465457.8
2465457.8
2465457.8
2465457.8
2465457.8
2465457.8
2465457.8
2465457.8
2465457.8
2465457.8
2465457.8
2465457.8
2465457.8
2465457.7
2465457.7
2465457.7
2465457.7
2465457.6
2465457.6
2465457.6
2465457.5
2465457.4
2465457.4
2465457.3
2465457.3
2465457.2
2465457.2
2465457.2
2465457.2
2465457.2
2465457.2
2465457.3
2465457.3
2465457.4
2465457.5
2465457.7
2465457.8
2465457.8
2465457.8
2465457.8
2465457.8
2465457.8
2465457.8
2465457.8
2465457.8
2465457.8
2465457.8
2465457.8
2465457.8
2465457.8
2465457.8
2465457.8
2465457.8
2465457.8
2465457.8
2465457.7
2465457.7
2465457.7
2465457.6
2465457.6
2465457.5
2465457.5
2465457.4
2465457.4
2465457.3
2465457.2
2465457.2
2465457.2
2465457.2
2465457.2
2465457.2
2465457.3
2465457.4
2465457.5
2465457.5
2465457.7
2465457.9
2465457.9
2465457.9
2465457.9
2465457.9
2465457.9
2465457.9
2465457.9
2465457.9
2465457.9
2465457.9
2465457.9
2465457.9
2465457.9
2465457.8
2465457.8
2465457.8
2465457.8
2465457.8
2465457.8
2465457.7
2465457.7
2465457.7
2465457.6
2465457.6
2465457.5
2465457.4
2465457.4
2465457.3
2465457.3
2465457.2
2465457.2
2465457.2
2465457.2
2465457.3
2465457.3
2465457.4
2465457.5
2465457.5
2465457.7
2465457.9
2465457.9
2465457.9
2465457.9
2465457.9
2465457.9
2465457.9
2465457.9
2465457.9
2465457.9
2465457.9
2465457.9
2465457.9
2465457.9
2465457.9
2465457.9
2465457.9
2465457.8
2465457.8
2465457.8
2465457.8
2465457.7
2465457.7
2465457.6
2465457.6
2465457.5
2465457.5
2465457.4
2465457.4
2465457.3
2465457.3
2465457.3
2465457.2
2465457.3
2465457.3
2465457.4
2465457.4
2465457.5
2465457.6
2465457.8
2465457.9
2465457.9
2465457.9
2465457.9
2465457.9
2465457.9
2465457.9
2465457.9
2465457.9
2465457.9
2465457.9
2465457.9
2465457.9
2465457.9
2465457.9
2465457.9
2465457.9
2465457.9
2465457.8
2465457.8
2465457.8
2465457.8
2465457.7
2465457.7
2465457.6
2465457.6
2465457.5
2465457.4
2465457.4
2465457.3
2465457.3
2465457.3
2465457.3
2465457.3
2465457.3
2465457.4
2465457.4
2465457.5
2465457.6
2465457.8
2465457.9
2465457.9
2465457.9
2465457.9
2465457.9
2465457.9
2465457.9
2465457.9
2465457.9
2465457.9
2465457.9
2465457.9
2465457.9
2465457.9
2465457.9
2465457.9
2465457.9
2465457.9
2465457.9
2465457.8
2465457.8
2465457.8
2465457.7
2465457.7
2465457.6
2465457.6
2465457.5
2465457.5
2465457.4
2465457.4
2465457.3
2465457.3
2465457.3
2465457.3
2465457.3
2465457.4
2465457.5
2465457.6
2465457.6
2465457.8
2465458
2465458
2465458
2465458
2465458
2465458
2465458
2465458
2465458
2465458
2465458
2465458
2465457.9
2465457.9
2465457.9
2465457.9
2465457.9
2465457.9
2465457.9
2465457.9
2465457.8
2465457.8
2465457.8
2465457.7
2465457.7
2465457.6
2465457.5
2465457.5
2465457.4
2465457.4
2465457.3
2465457.3
2465457.3
2465457.3
2465457.4
2465457.4
2465457.5
2465457.6
2465457.6
2465457.8
2465458
2465458
2465458
2465458
2465458
2465458
2465458
2465458
2465458
2465458
2465458
2465458
2465458
2465458
2465457.9
2465457.9
2465457.9
2465457.9
2465457.9
2465457.9
2465457.8
2465457.8
2465457.8
2465457.7
2465457.7
2465457.6
2465457.6
2465457.5
2465457.4
2465457.4
2465457.4
2465457.3
2465457.3
2465457.3
2465457.4
2465457.4
2465457.5
2465457.6
2465457.7
2465457.8
2465458
2465458
2465458
2465458
2465458
2465458
2465458
2465458
2465458
2465458
2465458
2465458
2465458
2465458
2465458
2465458
2465457.9
2465457.9
2465457.9
2465457.9
2465457.9
2465457.8
2465457.8
2465457.7
2465457.7
2465457.6
2465457.6
2465457.5
2465457.4
2465457.4
2465457.4
2465457.3
2465457.3
2465457.4
2465457.4
2465457.4
2465457.5
2465457.6
2465457.7
2465457.8
2465458
2465458
2465458
2465458
2465458
2465458
2465458
2465458
2465458
2465458
2465458
2465458
2465458
2465458
2465458
2465458
2465457.9
2465457.9
2465457.9
2465457.9
2465457.9
2465457.8
2465457.8
2465457.7
2465457.7
2465457.6
2465457.6
2465457.5
2465457.5
2465457.4
2465457.4
2465457.4
2465457.4
2465457.4
2465457.4
2465457.5
2465457.5
2465457.6
2465457.7
2465457.8
2465458
2465458
2465458
2465458
2465458
2465458
2465458
2465458
2465458
2465458
2465458
2465458
2465458
2465458
2465458
2465458
2465458
2465457.9
2465457.9
2465457.9
2465457.9
2465457.8
2465457.8
2465457.7
2465457.7
2465457.6
2465457.6
2465457.5
2465457.5
2465457.4
2465457.4
2465457.4
2465457.4
2465457.4
2465457.4
2465457.5
2465457.5
2465457.6
2465457.7
2465457.8
2465458
2465458
2465458
2465458
2465458
2465458
2465458
2465458
2465458
2465458
2465458
2465458
2465458
2465458
2465458
2465458
2465458
2465457.9
2465457.9
2465457.9
2465457.9
2465457.8
2465457.8
2465457.8
2465457.7
2465457.6
2465457.6
2465457.5
2465457.5
2465457.4
2465457.4
2465457.4
2465457.4
2465457.4
2465457.4
2465457.5
2465457.5
2465457.6
2465457.7
2465457.8
)
;

boundaryField
{
    piston
    {
        type            zeroGradient;
    }
    cylinderHead
    {
        type            zeroGradient;
    }
    cylinderWall
    {
        type            zeroGradient;
    }
    wedgeFront
    {
        type            wedge;
    }
    wedgeBack
    {
        type            wedge;
    }
    axis
    {
        type            empty;
    }
}


// ************************************************************************* //
