/*--------------------------------*- C++ -*----------------------------------*\
  =========                 |
  \\      /  F ield         | OpenFOAM: The Open Source CFD Toolbox
   \\    /   O peration     | Website:  https://openfoam.org
    \\  /    A nd           | Version:  13
     \\/     M anipulation  |
\*---------------------------------------------------------------------------*/
FoamFile
{
    format      ascii;
    class       volScalarField;
    location    "0";
    object      rho;
}
// * * * * * * * * * * * * * * * * * * * * * * * * * * * * * * * * * * * * * //

dimensions      [1 -3 0 0 0 0 0];

internalField   nonuniform List<scalar>
4800
(
15.168907
15.167978
15.167771
15.167745
15.167641
15.167469
15.167305
15.167085
15.166837
15.166596
15.166351
15.166105
15.165886
15.165724
15.16565
15.165722
15.166053
15.166774
15.168128
15.170687
15.175542
15.184172
15.197931
15.212357
15.197701
15.114228
15.026548
15.066086
15.393322
15.729377
15.744296
15.521446
15.281434
15.11695
15.003502
14.952311
14.758965
14.411528
13.8691
13.247453
12.790457
12.790693
12.790961
12.790685
12.790335
12.789948
12.789539
12.789039
12.788458
12.787815
12.787093
12.786283
12.785397
12.784441
12.78342
12.782358
12.781307
12.780338
12.779599
12.779293
12.779764
12.781986
12.787647
12.788806
12.754201
12.656405
12.598353
12.782807
13.302617
13.764944
13.685214
13.232034
12.824365
12.608405
12.539531
12.508885
12.398366
12.153801
11.905478
11.688596
11.912422
11.913934
11.914673
11.914189
11.913669
11.913157
11.912601
11.911934
11.911149
11.910241
11.909187
11.907968
11.906567
11.904959
11.903109
11.900983
11.898539
11.895724
11.89249
11.888811
11.884727
11.880822
11.87534
11.856631
11.804587
11.717249
11.713802
11.990048
12.53118
12.8232
12.631132
12.166942
11.832973
11.696117
11.666265
11.654983
11.610638
11.529676
11.469388
11.447524
11.590598
11.593235
11.594368
11.593709
11.593061
11.592458
11.591794
11.591003
11.59006
11.588943
11.587624
11.586067
11.584231
11.582059
11.579476
11.576384
11.572646
11.568069
11.562385
11.555194
11.545975
11.534112
11.515362
11.481838
11.410495
11.319722
11.354586
11.676765
12.120691
12.266462
12.030991
11.641578
11.422194
11.356443
11.357224
11.369349
11.369989
11.365688
11.377479
11.419759
11.501338
11.504726
11.506096
11.505329
11.50461
11.503958
11.503233
11.502371
11.501334
11.50009
11.498604
11.496828
11.494703
11.492147
11.489052
11.485267
11.480578
11.474673
11.46708
11.457026
11.443257
11.424561
11.397578
11.351066
11.26006
11.156137
11.202785
11.514673
11.846967
11.905857
11.673975
11.379253
11.253184
11.231451
11.255563
11.283052
11.305222
11.329746
11.36389
11.419276
11.507328
11.511003
11.512436
11.511641
11.510913
11.510257
11.509525
11.508652
11.507597
11.506321
11.504787
11.50294
11.500709
11.498
11.494685
11.490582
11.485429
11.478838
11.470202
11.458398
11.441955
11.420344
11.387418
11.328318
11.216024
11.09136
11.126132
11.401493
11.648378
11.66151
11.454604
11.245327
11.178093
11.181512
11.224274
11.262878
11.293824
11.327705
11.366907
11.421845
11.559465
11.563155
11.56453
11.563765
11.563086
11.562471
11.561782
11.560957
11.559953
11.55873
11.557246
11.555442
11.55324
11.550535
11.547182
11.542971
11.537596
11.53059
11.521174
11.507844
11.48963
11.464453
11.423825
11.351345
11.219124
11.067901
11.076986
11.310135
11.499453
11.490832
11.315313
11.167311
11.129142
11.147836
11.211003
11.262799
11.298174
11.335375
11.374666
11.424281
11.639214
11.642181
11.643248
11.642644
11.642112
11.641626
11.641078
11.64042
11.639616
11.638631
11.637429
11.635959
11.634151
11.631912
11.629109
11.625551
11.62095
11.614858
11.606409
11.594502
11.578482
11.55154
11.503116
11.413243
11.251763
11.06488
11.040979
11.232457
11.384988
11.367308
11.220212
11.107662
11.07814
11.105052
11.196797
11.268873
11.309858
11.347769
11.383718
11.426495
11.705918
11.707879
11.708563
11.708163
11.707811
11.707483
11.707113
11.706667
11.706121
11.70545
11.704629
11.70362
11.702373
11.700817
11.698856
11.696345
11.693061
11.688635
11.682422
11.673981
11.66103
11.636676
11.590212
11.495987
11.312717
11.077424
11.013684
11.165246
11.294063
11.273905
11.147957
11.049024
11.014893
11.049293
11.175601
11.274525
11.323789
11.361669
11.39353
11.428596
11.748757
11.749847
11.750217
11.749989
11.749787
11.749597
11.74938
11.74912
11.7488
11.748408
11.747926
11.747333
11.746596
11.745673
11.744502
11.74299
11.740994
11.738249
11.73446
11.729239
11.719788
11.701071
11.662884
11.576476
11.386733
11.108705
10.994189
11.106412
11.219277
11.199536
11.086921
10.987566
10.944838
10.991941
11.1507
11.276569
11.338122
11.37709
11.403918
11.430609
11.771692
11.772214
11.772385
11.772269
11.772166
11.772067
11.771955
11.77182
11.771655
11.771452
11.771205
11.770899
11.770519
11.770041
11.769432
11.76864
11.767581
11.766129
11.764171
11.761125
11.75504
11.742525
11.714854
11.643796
11.462957
11.154863
10.982892
11.054638
11.155527
11.137284
11.03193
10.927298
10.880466
10.952144
11.134312
11.276341
11.353138
11.39425
11.414696
11.432549
11.782375
11.782595
11.782662
11.782606
11.782556
11.782508
11.782454
11.78239
11.782312
11.782218
11.782103
11.781961
11.781785
11.781564
11.78128
11.78091
11.78041
11.779739
11.778825
11.777164
11.773684
11.766229
11.748148
11.694745
11.534734
11.213008
10.980601
11.009388
11.099367
11.083109
10.981493
10.872854
10.830522
10.941119
11.136004
11.276965
11.369972
11.413536
11.425714
11.434425
11.786807
11.786889
11.786908
11.786881
11.786856
11.786832
11.786807
11.786777
11.786742
11.7867
11.78665
11.786589
11.786514
11.78642
11.786299
11.786142
11.785931
11.785652
11.785244
11.784411
11.782617
11.77858
11.767728
11.730486
11.598025
11.280915
10.988101
10.970958
11.048523
11.034633
10.935393
10.826416
10.796384
10.959645
11.163313
11.284859
11.38983
11.435859
11.436854
11.436241
11.788464
11.788489
11.78849
11.788474
11.78846
11.788447
11.788433
11.788418
11.788401
11.788382
11.788361
11.788335
11.788304
11.788266
11.788218
11.788156
11.788075
11.78797
11.787792
11.787408
11.786563
11.784545
11.778473
11.754067
11.650718
11.354841
11.00923
10.939663
11.001576
10.990322
10.893469
10.788589
10.779509
11.00855
11.222432
11.310714
11.413604
11.461711
11.448013
11.437995
11.789021
11.789025
11.789019
11.789007
11.788997
11.788988
11.78898
11.788971
11.788961
11.788951
11.78894
11.788929
11.788915
11.7889
11.788881
11.788857
11.788828
11.788789
11.788716
11.788554
11.788186
11.787245
11.78404
11.768858
11.692385
11.430174
11.045517
10.916381
10.957851
10.949105
10.855729
10.758219
10.779333
11.080831
11.301201
11.363786
11.443865
11.49049
11.459187
11.439666
11.789183
11.78918
11.789172
11.789162
11.789153
11.789146
11.789139
11.789132
11.789125
11.789118
11.789111
11.789104
11.789097
11.78909
11.789082
11.789072
11.789062
11.789047
11.789019
11.788957
11.788809
11.788396
11.786787
11.77775
11.723815
11.502581
11.097852
10.902818
10.917514
10.910286
10.821967
10.733001
10.798473
11.162527
11.382843
11.434133
11.481896
11.521737
11.470279
11.441267
11.789216
11.789211
11.789202
11.789193
11.789184
11.789178
11.789171
11.789165
11.789159
11.789153
11.789147
11.789142
11.789137
11.789132
11.789128
11.789123
11.789118
11.789113
11.789103
11.789081
11.789027
11.788857
11.788085
11.782908
11.746516
11.568627
11.166223
10.900776
10.881633
10.873513
10.791499
10.712646
10.844063
11.245237
11.458918
11.508177
11.527159
11.554722
11.48118
11.442807
11.789213
11.789208
11.789199
11.789189
11.789181
11.789174
11.789168
11.789162
11.789156
11.78915
11.789145
11.78914
11.789136
11.789132
11.789128
11.789124
11.789121
11.789118
11.789115
11.789108
11.789091
11.789027
11.788672
11.785807
11.762253
11.626256
11.247509
10.912681
10.852227
10.839045
10.764458
10.699572
10.9197
11.324237
11.526243
11.576639
11.576599
11.588347
11.491778
11.444295
11.789198
11.789193
11.789183
11.789174
11.789166
11.789159
11.789153
11.789147
11.789141
11.789135
11.78913
11.789126
11.789122
11.789118
11.789114
11.789111
11.789109
11.789108
11.789107
11.789105
11.7891
11.789079
11.788924
11.78739
11.772739
11.673919
11.336904
10.946238
10.832251
10.808224
10.742005
10.699111
11.015646
11.397452
11.584154
11.634528
11.625407
11.621136
11.501968
11.445737
11.789181
11.789176
11.789166
11.789157
11.789149
11.789142
11.789136
11.78913
11.789124
11.789118
11.789113
11.789108
11.789104
11.7891
11.789096
11.789093
11.789091
11.78909
11.78909
11.789091
11.789093
11.789087
11.789023
11.78823
11.779461
11.711165
11.42803
11.003312
10.825499
10.783568
10.726494
10.72314
11.11444
11.466168
11.632859
11.680172
11.668718
11.651251
11.511642
11.447141
11.789166
11.789161
11.789151
11.789142
11.789134
11.789127
11.789121
11.789114
11.789108
11.789102
11.789097
11.789092
11.789088
11.789084
11.78908
11.789077
11.789074
11.789073
11.789073
11.789074
11.789077
11.789079
11.789056
11.78866
11.78361
11.738669
11.514265
11.082742
10.833658
10.76955
10.720758
10.783893
11.210872
11.530384
11.673525
11.714709
11.703737
11.676301
11.520725
11.44851
11.789153
11.789148
11.789138
11.789129
11.789121
11.789114
11.789108
11.789101
11.789095
11.789089
11.789084
11.789079
11.789074
11.78907
11.789066
11.789062
11.78906
11.789058
11.789058
11.789058
11.789061
11.789065
11.78906
11.788871
11.786074
11.757891
11.59052
11.181023
10.86449
10.769476
10.729257
10.874485
11.307159
11.58844
11.706503
11.739851
11.72987
11.694107
11.529182
11.44985
11.789142
11.789136
11.789127
11.789118
11.78911
11.789103
11.789096
11.78909
11.789083
11.789077
11.789072
11.789067
11.789062
11.789058
11.789053
11.78905
11.789047
11.789045
11.789044
11.789044
11.789046
11.789049
11.789052
11.788968
11.78748
11.770624
11.653293
11.290339
10.924569
10.786135
10.76275
10.983995
11.39987
11.638893
11.73217
11.757373
11.748065
11.705582
11.536548
11.451164
11.789132
11.789126
11.789117
11.789107
11.789099
11.789093
11.789086
11.789079
11.789073
11.789067
11.789061
11.789056
11.789051
11.789047
11.789043
11.789039
11.789036
11.789034
11.789032
11.789032
11.789032
11.789035
11.78904
11.789006
11.788249
11.77863
11.701259
11.398201
11.011305
10.832816
10.832764
11.106777
11.485013
11.680826
11.751284
11.769059
11.76
11.713148
11.542461
11.452455
11.789122
11.789117
11.789107
11.789098
11.78909
11.789083
11.789076
11.78907
11.789063
11.789057
11.789052
11.789047
11.789042
11.789037
11.789033
11.789029
11.789026
11.789024
11.789022
11.789021
11.78902
11.789022
11.789026
11.789017
11.78865
11.783409
11.734697
11.497061
11.118659
10.912711
10.935513
11.23392
11.560742
11.714094
11.764883
11.77653
11.767444
11.718212
11.547086
11.453716
11.789113
11.789108
11.789098
11.789089
11.789081
11.789074
11.789067
11.789061
11.789054
11.789048
11.789042
11.789037
11.789032
11.789028
11.789023
11.78902
11.789017
11.789014
11.789012
11.78901
11.78901
11.78901
11.789014
11.789014
11.788846
11.786121
11.756807
11.581212
11.236927
11.019544
11.062182
11.356687
11.624828
11.739219
11.774125
11.78112
11.771888
11.72161
11.551037
11.454845
11.789104
11.789099
11.789089
11.78908
11.789072
11.789065
11.789058
11.789051
11.789045
11.789039
11.789033
11.789028
11.789023
11.789018
11.789014
11.78901
11.789008
11.789005
11.789003
11.789001
11.789
11.789
11.789002
11.789005
11.788935
11.787585
11.770713
11.648094
11.355692
11.144028
11.200194
11.467616
11.67614
11.75727
11.780127
11.783835
11.774443
11.723917
11.554453
11.455851
11.789095
11.78909
11.78908
11.789071
11.789063
11.789056
11.789049
11.789042
11.789036
11.78903
11.789024
11.789019
11.789014
11.789009
11.789005
11.789001
11.788999
11.788996
11.788994
11.788992
11.788991
11.78899
11.788992
11.788995
11.788969
11.788335
11.779042
11.698007
11.465549
11.274408
11.336117
11.561457
11.714927
11.769607
11.783853
11.785388
11.775868
11.725535
11.557427
11.456746
11.789086
11.789081
11.789071
11.789062
11.789054
11.789047
11.78904
11.789033
11.789027
11.789021
11.789015
11.78901
11.789005
11.789
11.788996
11.788993
11.78899
11.788987
11.788985
11.788983
11.788982
11.788981
11.788982
11.788985
11.788978
11.788697
11.783796
11.733059
11.559755
11.399093
11.45866
11.635773
11.74259
11.777627
11.786063
11.786255
11.776646
11.726737
11.560029
11.45754
11.789077
11.789072
11.789062
11.789053
11.789045
11.789038
11.789031
11.789024
11.789018
11.789011
11.789006
11.789001
11.788996
11.788991
11.788987
11.788984
11.788981
11.788978
11.788976
11.788974
11.788973
11.788972
11.788972
11.788975
11.788975
11.788858
11.786386
11.756256
11.634918
11.508922
11.560622
11.690915
11.761233
11.782588
11.787315
11.786737
11.777065
11.7277
11.562318
11.458243
11.789068
11.789063
11.789053
11.789044
11.789036
11.789029
11.789022
11.789015
11.789008
11.789002
11.788997
11.788992
11.788987
11.788982
11.788978
11.788975
11.788972
11.788969
11.788967
11.788965
11.788964
11.788963
11.788963
11.788965
11.788968
11.788923
11.78773
11.770742
11.690847
11.598505
11.639369
11.729306
11.773124
11.78551
11.787996
11.786991
11.777305
11.728528
11.564338
11.458867
11.789059
11.789053
11.789044
11.789035
11.789027
11.78902
11.789013
11.789006
11.788999
11.788993
11.788988
11.788982
11.788977
11.788973
11.788969
11.788966
11.788963
11.78896
11.788958
11.788956
11.788955
11.788954
11.788954
11.788955
11.788958
11.788943
11.788394
11.77929
11.729742
11.666407
11.696068
11.754434
11.78031
11.78715
11.788349
11.787116
11.777457
11.729278
11.566127
11.459418
11.78905
11.789044
11.789035
11.789025
11.789017
11.78901
11.789003
11.788996
11.78899
11.788984
11.788978
11.788973
11.788968
11.788964
11.78896
11.788957
11.788954
11.788951
11.788949
11.788947
11.788946
11.788945
11.788945
11.788946
11.788949
11.788946
11.788705
11.784062
11.755074
11.714364
11.734261
11.769925
11.78443
11.788025
11.788525
11.787172
11.777568
11.729976
11.567714
11.459906
11.789041
11.789035
11.789025
11.789016
11.789008
11.789001
11.788994
11.788987
11.78898
11.788974
11.788969
11.788964
11.788959
11.788954
11.788951
11.788947
11.788945
11.788942
11.78894
11.788938
11.788937
11.788936
11.788936
11.788937
11.788939
11.788941
11.78884
11.786586
11.770561
11.745998
11.758393
11.778948
11.786673
11.788468
11.788607
11.787194
11.777658
11.730632
11.569124
11.460337
11.789031
11.789025
11.789016
11.789006
11.788998
11.788991
11.788984
11.788978
11.788971
11.788965
11.788959
11.788954
11.788949
11.788945
11.788941
11.788938
11.788935
11.788933
11.788931
11.788929
11.788928
11.788927
11.788927
11.788928
11.78893
11.788932
11.788893
11.78785
11.779467
11.765531
11.772729
11.78392
11.787831
11.788681
11.788643
11.787199
11.777739
11.73125
11.570379
11.460717
11.789022
11.789016
11.789006
11.788997
11.788989
11.788982
11.788975
11.788968
11.788961
11.788955
11.78895
11.788945
11.78894
11.788936
11.788932
11.788929
11.788926
11.788924
11.788922
11.78892
11.788919
11.788918
11.788918
11.788919
11.78892
11.788923
11.788909
11.788449
11.784293
11.776844
11.780753
11.786517
11.788399
11.788775
11.788655
11.787197
11.777813
11.731828
11.571497
11.461053
11.789012
11.789006
11.788997
11.788987
11.788979
11.788972
11.788965
11.788958
11.788952
11.788945
11.78894
11.788935
11.78893
11.788926
11.788922
11.788919
11.788917
11.788914
11.788912
11.788911
11.78891
11.788909
11.788909
11.78891
11.788911
11.788913
11.78891
11.788716
11.786761
11.783002
11.784992
11.787802
11.788663
11.788813
11.788655
11.787192
11.777882
11.732366
11.572494
11.461348
11.789002
11.788996
11.788987
11.788977
11.788969
11.788962
11.788955
11.788948
11.788942
11.788936
11.78893
11.788925
11.78892
11.788916
11.788913
11.78891
11.788907
11.788905
11.788903
11.788901
11.7889
11.7889
11.7889
11.788901
11.788902
11.788903
11.788904
11.788826
11.787952
11.786157
11.787108
11.788405
11.788777
11.788825
11.788649
11.787186
11.777947
11.732865
11.573384
11.461608
11.788992
11.788986
11.788977
11.788967
11.788959
11.788952
11.788945
11.788938
11.788932
11.788926
11.78892
11.788915
11.788911
11.788907
11.788903
11.7889
11.788897
11.788895
11.788893
11.788892
11.788891
11.788891
11.788891
11.788891
11.788892
11.788894
11.788895
11.788866
11.788494
11.787681
11.788107
11.788671
11.788821
11.788826
11.788641
11.787181
11.778008
11.733326
11.574179
11.461836
11.788982
11.788976
11.788967
11.788957
11.788949
11.788942
11.788935
11.788928
11.788922
11.788916
11.78891
11.788905
11.788901
11.788897
11.788893
11.78889
11.788888
11.788885
11.788884
11.788882
11.788882
11.788881
11.788881
11.788882
11.788883
11.788885
11.788886
11.788876
11.788725
11.788374
11.788551
11.788781
11.788834
11.788821
11.788631
11.787175
11.778064
11.733749
11.57489
11.462035
11.788972
11.788966
11.788957
11.788947
11.788939
11.788932
11.788925
11.788918
11.788911
11.788905
11.7889
11.788895
11.788891
11.788887
11.788883
11.78888
11.788878
11.788876
11.788874
11.788873
11.788872
11.788872
11.788872
11.788873
11.788874
11.788875
11.788877
11.788874
11.788815
11.788669
11.788736
11.788821
11.788835
11.788813
11.788622
11.787169
11.778116
11.734139
11.575526
11.46221
11.788962
11.788956
11.788946
11.788937
11.788929
11.788922
11.788915
11.788908
11.788901
11.788895
11.78889
11.788885
11.788881
11.788877
11.788873
11.78887
11.788868
11.788866
11.788864
11.788863
11.788862
11.788862
11.788862
11.788863
11.788864
11.788866
11.788867
11.788867
11.788845
11.788785
11.788806
11.788832
11.78883
11.788805
11.788612
11.787163
11.778164
11.734495
11.576096
11.462361
11.788952
11.788946
11.788936
11.788927
11.788919
11.788911
11.788904
11.788897
11.788891
11.788885
11.788879
11.788875
11.78887
11.788867
11.788863
11.78886
11.788858
11.788856
11.788854
11.788853
11.788852
11.788852
11.788853
11.788853
11.788855
11.788856
11.788858
11.788859
11.78885
11.788825
11.788827
11.788831
11.788823
11.788796
11.788602
11.787156
11.778208
11.734822
11.576607
11.462493
11.788941
11.788935
11.788926
11.788916
11.788908
11.788901
11.788894
11.788887
11.78888
11.788874
11.788869
11.788864
11.78886
11.788856
11.788853
11.78885
11.788848
11.788846
11.788844
11.788843
11.788843
11.788842
11.788843
11.788844
11.788845
11.788847
11.788849
11.78885
11.788847
11.788834
11.78883
11.788825
11.788815
11.788787
11.788593
11.78715
11.778247
11.735121
11.577066
11.462606
11.788931
11.788925
11.788915
11.788906
11.788898
11.788891
11.788883
11.788876
11.78887
11.788864
11.788859
11.788854
11.78885
11.788846
11.788843
11.78884
11.788837
11.788836
11.788834
11.788833
11.788833
11.788833
11.788833
11.788834
11.788835
11.788837
11.788839
11.788841
11.788839
11.788832
11.788826
11.788817
11.788806
11.788778
11.788583
11.787143
11.778283
11.735394
11.577477
11.462702
11.78892
11.788914
11.788905
11.788895
11.788887
11.78888
11.788873
11.788866
11.788859
11.788854
11.788848
11.788844
11.788839
11.788836
11.788832
11.78883
11.788827
11.788825
11.788824
11.788823
11.788823
11.788823
11.788823
11.788824
11.788826
11.788828
11.78883
11.788831
11.78883
11.788825
11.788818
11.788809
11.788797
11.788769
11.788574
11.787136
11.778316
11.735643
11.577846
11.462784
11.78891
11.788904
11.788894
11.788885
11.788877
11.788869
11.788862
11.788855
11.788849
11.788843
11.788838
11.788833
11.788829
11.788825
11.788822
11.788819
11.788817
11.788815
11.788814
11.788813
11.788812
11.788813
11.788813
11.788814
11.788816
11.788818
11.78882
11.788822
11.788821
11.788817
11.788809
11.7888
11.788788
11.78876
11.788564
11.787129
11.778345
11.735871
11.578178
11.462853
11.788899
11.788893
11.788884
11.788874
11.788866
11.788859
11.788852
11.788845
11.788838
11.788833
11.788827
11.788823
11.788819
11.788815
11.788812
11.788809
11.788807
11.788805
11.788803
11.788803
11.788802
11.788802
11.788803
11.788804
11.788806
11.788808
11.788811
11.788812
11.788811
11.788807
11.7888
11.788791
11.788779
11.788751
11.788554
11.787121
11.778372
11.736079
11.578476
11.462909
11.788889
11.788883
11.788873
11.788864
11.788856
11.788848
11.788841
11.788834
11.788828
11.788822
11.788817
11.788812
11.788808
11.788804
11.788801
11.788799
11.788796
11.788794
11.788793
11.788792
11.788792
11.788792
11.788793
11.788794
11.788796
11.788799
11.788801
11.788803
11.788802
11.788798
11.78879
11.788781
11.78877
11.788742
11.788545
11.787113
11.778395
11.736268
11.578743
11.462954
11.788878
11.788872
11.788863
11.788853
11.788845
11.788838
11.788831
11.788824
11.788817
11.788812
11.788806
11.788802
11.788798
11.788794
11.788791
11.788788
11.788786
11.788784
11.788783
11.788782
11.788782
11.788782
11.788783
11.788784
11.788786
11.788789
11.788791
11.788793
11.788792
11.788788
11.788781
11.788772
11.788761
11.788732
11.788535
11.787105
11.778416
11.73644
11.578983
11.46299
11.788868
11.788862
11.788852
11.788842
11.788834
11.788827
11.78882
11.788813
11.788807
11.788801
11.788796
11.788791
11.788787
11.788784
11.78878
11.788778
11.788776
11.788774
11.788773
11.788772
11.788772
11.788772
11.788773
11.788774
11.788777
11.788779
11.788781
11.788783
11.788782
11.788778
11.788771
11.788762
11.788751
11.788723
11.788525
11.787097
11.778434
11.736597
11.579199
11.463015
11.788857
11.788851
11.788842
11.788832
11.788824
11.788817
11.78881
11.788803
11.788796
11.788791
11.788785
11.788781
11.788777
11.788773
11.78877
11.788767
11.788765
11.788764
11.788762
11.788762
11.788762
11.788762
11.788763
11.788765
11.788767
11.788769
11.788771
11.788773
11.788772
11.788768
11.788761
11.788753
11.788742
11.788713
11.788515
11.787089
11.77845
11.736739
11.579392
11.463033
11.788847
11.788841
11.788831
11.788821
11.788813
11.788806
11.788799
11.788792
11.788786
11.78878
11.788775
11.788771
11.788767
11.788763
11.78876
11.788757
11.788755
11.788753
11.788752
11.788752
11.788752
11.788752
11.788753
11.788755
11.788757
11.788759
11.788761
11.788763
11.788762
11.788758
11.788751
11.788743
11.788732
11.788704
11.788506
11.787081
11.778464
11.736869
11.579565
11.463041
11.788837
11.78883
11.788821
11.788811
11.788803
11.788796
11.788789
11.788782
11.788776
11.78877
11.788765
11.78876
11.788756
11.788753
11.78875
11.788747
11.788745
11.788743
11.788742
11.788741
11.788741
11.788742
11.788743
11.788744
11.788747
11.788749
11.788751
11.788752
11.788751
11.788748
11.788741
11.788733
11.788723
11.788694
11.788496
11.787072
11.778476
11.736986
11.57972
11.463044
11.788826
11.78882
11.78881
11.788801
11.788793
11.788785
11.788778
11.788772
11.788765
11.78876
11.788754
11.78875
11.788746
11.788742
11.788739
11.788737
11.788735
11.788733
11.788732
11.788731
11.788731
11.788732
11.788733
11.788734
11.788736
11.788739
11.788741
11.788742
11.788741
11.788737
11.788731
11.788723
11.788713
11.788685
11.788486
11.787063
11.778486
11.737092
11.579858
11.463039
11.788816
11.78881
11.7888
11.78879
11.788782
11.788775
11.788768
11.788761
11.788755
11.788749
11.788744
11.78874
11.788736
11.788732
11.788729
11.788727
11.788725
11.788723
11.788722
11.788721
11.788721
11.788722
11.788723
11.788724
11.788726
11.788729
11.788731
11.788732
11.788731
11.788727
11.788721
11.788713
11.788704
11.788675
11.788476
11.787054
11.778494
11.737188
11.579981
11.463028
11.788806
11.7888
11.78879
11.78878
11.788772
11.788765
11.788758
11.788751
11.788745
11.788739
11.788734
11.78873
11.788726
11.788722
11.788719
11.788717
11.788714
11.788713
11.788712
11.788711
11.788711
11.788712
11.788713
11.788714
11.788716
11.788718
11.78872
11.788721
11.78872
11.788717
11.788711
11.788703
11.788694
11.788666
11.788466
11.787046
11.7785
11.737275
11.58009
11.46301
11.788796
11.788789
11.78878
11.78877
11.788762
11.788755
11.788748
11.788741
11.788735
11.788729
11.788724
11.78872
11.788716
11.788712
11.788709
11.788707
11.788704
11.788703
11.788702
11.788701
11.788701
11.788702
11.788703
11.788704
11.788706
11.788708
11.78871
11.788711
11.78871
11.788706
11.788701
11.788694
11.788684
11.788656
11.788457
11.787037
11.778506
11.737353
11.580187
11.462987
11.788786
11.788779
11.788769
11.78876
11.788752
11.788745
11.788738
11.788731
11.788725
11.788719
11.788714
11.78871
11.788706
11.788702
11.788699
11.788697
11.788695
11.788693
11.788692
11.788692
11.788692
11.788692
11.788693
11.788694
11.788696
11.788698
11.7887
11.7887
11.788699
11.788696
11.78869
11.788684
11.788675
11.788647
11.788447
11.787027
11.778509
11.737422
11.580271
11.462958
11.788776
11.788769
11.788759
11.78875
11.788742
11.788735
11.788728
11.788721
11.788715
11.788709
11.788704
11.7887
11.788696
11.788692
11.788689
11.788687
11.788685
11.788683
11.788682
11.788682
11.788682
11.788682
11.788683
11.788684
11.788686
11.788688
11.788689
11.78869
11.788689
11.788686
11.78868
11.788674
11.788665
11.788637
11.788437
11.787018
11.778512
11.737484
11.580345
11.462923
11.788766
11.78876
11.78875
11.78874
11.788732
11.788725
11.788718
11.788711
11.788705
11.788699
11.788694
11.78869
11.788686
11.788682
11.788679
11.788677
11.788675
11.788673
11.788672
11.788672
11.788672
11.788672
11.788673
11.788675
11.788676
11.788678
11.788679
11.78868
11.788679
11.788675
11.78867
11.788664
11.788656
11.788628
11.788428
11.787009
11.778513
11.737539
11.580408
11.462884
11.788756
11.78875
11.78874
11.78873
11.788722
11.788715
11.788708
11.788701
11.788695
11.788689
11.788684
11.78868
11.788676
11.788673
11.78867
11.788667
11.788665
11.788664
11.788663
11.788662
11.788662
11.788663
11.788663
11.788665
11.788666
11.788668
11.788669
11.788669
11.788668
11.788665
11.78866
11.788654
11.788646
11.788618
11.788418
11.787
11.778513
11.737588
11.580462
11.462839
11.788746
11.78874
11.78873
11.78872
11.788712
11.788705
11.788698
11.788692
11.788685
11.78868
11.788675
11.78867
11.788667
11.788663
11.78866
11.788658
11.788656
11.788654
11.788653
11.788653
11.788653
11.788653
11.788654
11.788655
11.788656
11.788658
11.788659
11.788659
11.788658
11.788655
11.78865
11.788645
11.788637
11.788609
11.788409
11.786991
11.778512
11.73763
11.580508
11.462789
11.788737
11.788731
11.788721
11.788711
11.788703
11.788696
11.788689
11.788682
11.788676
11.78867
11.788665
11.788661
11.788657
11.788654
11.788651
11.788648
11.788646
11.788645
11.788644
11.788643
11.788643
11.788643
11.788644
11.788645
11.788647
11.788648
11.788649
11.788649
11.788648
11.788645
11.78864
11.788635
11.788627
11.7886
11.788399
11.786981
11.77851
11.737667
11.580545
11.462734
11.788727
11.788721
11.788711
11.788701
11.788693
11.788686
11.788679
11.788673
11.788666
11.788661
11.788656
11.788652
11.788648
11.788644
11.788641
11.788639
11.788637
11.788635
11.788634
11.788634
11.788634
11.788634
11.788635
11.788636
11.788637
11.788638
11.788639
11.788639
11.788638
11.788635
11.78863
11.788625
11.788618
11.788591
11.78839
11.786972
11.778507
11.737699
11.580575
11.462674
11.788718
11.788712
11.788702
11.788692
11.788684
11.788677
11.78867
11.788663
11.788657
11.788652
11.788647
11.788642
11.788638
11.788635
11.788632
11.788629
11.788627
11.788626
11.788625
11.788624
11.788624
11.788625
11.788625
11.788626
11.788627
11.788628
11.788629
11.788629
11.788628
11.788625
11.788621
11.788616
11.788609
11.788582
11.788381
11.786963
11.778503
11.737726
11.580598
11.462609
11.788709
11.788703
11.788693
11.788683
11.788675
11.788668
11.788661
11.788654
11.788648
11.788642
11.788637
11.788633
11.788629
11.788626
11.788623
11.78862
11.788618
11.788617
11.788616
11.788615
11.788615
11.788615
11.788616
11.788617
11.788618
11.788619
11.788619
11.788619
11.788618
11.788615
11.788611
11.788607
11.7886
11.788573
11.788372
11.786954
11.778499
11.737749
11.580614
11.462538
11.7887
11.788694
11.788683
11.788674
11.788666
11.788659
11.788652
11.788645
11.788639
11.788633
11.788628
11.788624
11.78862
11.788617
11.788614
11.788611
11.788609
11.788608
11.788607
11.788606
11.788606
11.788606
11.788607
11.788607
11.788608
11.788609
11.78861
11.788609
11.788608
11.788605
11.788602
11.788597
11.788591
11.788564
11.788363
11.786944
11.778494
11.737768
11.580623
11.462463
11.788691
11.788685
11.788675
11.788665
11.788657
11.78865
11.788643
11.788636
11.78863
11.788624
11.788619
11.788615
11.788611
11.788608
11.788605
11.788602
11.7886
11.788599
11.788598
11.788597
11.788597
11.788597
11.788597
11.788598
11.788599
11.7886
11.7886
11.7886
11.788598
11.788596
11.788592
11.788588
11.788582
11.788555
11.788354
11.786935
11.778488
11.737782
11.580626
11.462382
11.788682
11.788676
11.788666
11.788656
11.788648
11.788641
11.788634
11.788627
11.788621
11.788615
11.788611
11.788606
11.788603
11.788599
11.788596
11.788594
11.788592
11.78859
11.788589
11.788588
11.788588
11.788588
11.788588
11.788589
11.78859
11.78859
11.788591
11.78859
11.788589
11.788586
11.788583
11.788579
11.788573
11.788546
11.788345
11.786926
11.778482
11.737793
11.580623
11.462295
11.788674
11.788667
11.788657
11.788647
11.788639
11.788632
11.788625
11.788618
11.788612
11.788607
11.788602
11.788598
11.788594
11.78859
11.788587
11.788585
11.788583
11.788581
11.78858
11.78858
11.788579
11.788579
11.78858
11.78858
11.788581
11.788581
11.788581
11.788581
11.78858
11.788577
11.788574
11.78857
11.788564
11.788538
11.788336
11.786917
11.778475
11.737801
11.580615
11.462202
11.788665
11.788659
11.788648
11.788639
11.788631
11.788624
11.788617
11.78861
11.788604
11.788598
11.788593
11.788589
11.788585
11.788582
11.788579
11.788576
11.788574
11.788573
11.788572
11.788571
11.788571
11.788571
11.788571
11.788571
11.788572
11.788572
11.788572
11.788572
11.78857
11.788568
11.788565
11.788562
11.788556
11.788529
11.788328
11.786908
11.778467
11.737806
11.580601
11.462103
11.788657
11.78865
11.78864
11.78863
11.788622
11.788615
11.788608
11.788602
11.788595
11.78859
11.788585
11.788581
11.788577
11.788574
11.78857
11.788568
11.788566
11.788564
11.788563
11.788562
11.788562
11.788562
11.788562
11.788562
11.788563
11.788563
11.788563
11.788563
11.788561
11.788559
11.788556
11.788553
11.788547
11.788521
11.788319
11.786899
11.778459
11.737807
11.580581
11.461998
11.788648
11.788642
11.788632
11.788622
11.788614
11.788607
11.7886
11.788593
11.788587
11.788582
11.788577
11.788573
11.788569
11.788565
11.788562
11.78856
11.788558
11.788556
11.788555
11.788554
11.788554
11.788554
11.788554
11.788554
11.788554
11.788554
11.788554
11.788554
11.788552
11.78855
11.788547
11.788544
11.788539
11.788513
11.788311
11.78689
11.778451
11.737806
11.580556
11.461885
11.78864
11.788634
11.788624
11.788614
11.788606
11.788599
11.788592
11.788585
11.788579
11.788573
11.788569
11.788564
11.788561
11.788557
11.788554
11.788552
11.78855
11.788548
11.788547
11.788546
11.788545
11.788545
11.788545
11.788545
11.788546
11.788546
11.788546
11.788545
11.788544
11.788542
11.788539
11.788536
11.788531
11.788505
11.788303
11.786881
11.778442
11.737801
11.580526
11.461764
11.788632
11.788626
11.788616
11.788606
11.788598
11.788591
11.788584
11.788577
11.788571
11.788566
11.788561
11.788556
11.788553
11.788549
11.788546
11.788544
11.788542
11.78854
11.788539
11.788538
11.788537
11.788537
11.788537
11.788537
11.788537
11.788537
11.788537
11.788536
11.788535
11.788533
11.78853
11.788528
11.788523
11.788497
11.788294
11.786872
11.778432
11.737795
11.58049
11.461635
11.788625
11.788618
11.788608
11.788598
11.78859
11.788583
11.788576
11.788569
11.788563
11.788558
11.788553
11.788549
11.788545
11.788541
11.788538
11.788536
11.788534
11.788532
11.788531
11.78853
11.788529
11.788529
11.788529
11.788529
11.788529
11.788529
11.788529
11.788528
11.788527
11.788525
11.788522
11.78852
11.788515
11.788489
11.788286
11.786864
11.778422
11.737785
11.580449
11.461497
11.788617
11.78861
11.7886
11.78859
11.788582
11.788575
11.788568
11.788562
11.788555
11.78855
11.788545
11.788541
11.788537
11.788534
11.788531
11.788528
11.788526
11.788524
11.788523
11.788522
11.788521
11.788521
11.788521
11.788521
11.788521
11.788521
11.78852
11.788519
11.788518
11.788516
11.788514
11.788512
11.788507
11.788481
11.788279
11.786855
11.778412
11.737773
11.580403
11.461348
11.788609
11.788603
11.788593
11.788583
11.788575
11.788568
11.788561
11.788554
11.788548
11.788543
11.788538
11.788534
11.78853
11.788526
11.788523
11.788521
11.788519
11.788517
11.788515
11.788514
11.788514
11.788513
11.788513
11.788513
11.788513
11.788512
11.788512
11.788511
11.78851
11.788508
11.788506
11.788504
11.788499
11.788473
11.788271
11.786847
11.778402
11.737759
11.580351
11.461187
11.788602
11.788596
11.788585
11.788575
11.788567
11.78856
11.788553
11.788547
11.788541
11.788535
11.78853
11.788526
11.788522
11.788519
11.788516
11.788513
11.788511
11.788509
11.788508
11.788507
11.788506
11.788506
11.788505
11.788505
11.788505
11.788505
11.788504
11.788503
11.788502
11.7885
11.788498
11.788496
11.788492
11.788466
11.788263
11.786838
11.778391
11.737743
11.580294
11.461014
11.788595
11.788588
11.788578
11.788568
11.78856
11.788553
11.788546
11.78854
11.788533
11.788528
11.788523
11.788519
11.788515
11.788512
11.788509
11.788506
11.788504
11.788502
11.788501
11.7885
11.788499
11.788498
11.788498
11.788498
11.788497
11.788497
11.788496
11.788495
11.788494
11.788492
11.78849
11.788489
11.788484
11.788459
11.788256
11.78683
11.778379
11.737723
11.580231
11.460826
11.788588
11.788581
11.788571
11.788561
11.788553
11.788546
11.788539
11.788532
11.788526
11.788521
11.788516
11.788512
11.788508
11.788505
11.788502
11.788499
11.788497
11.788495
11.788494
11.788492
11.788492
11.788491
11.788491
11.78849
11.78849
11.788489
11.788489
11.788488
11.788486
11.788485
11.788483
11.788481
11.788477
11.788452
11.788249
11.786821
11.778368
11.737702
11.580162
11.460621
11.788581
11.788574
11.788564
11.788554
11.788546
11.788539
11.788532
11.788526
11.788519
11.788514
11.788509
11.788505
11.788501
11.788498
11.788495
11.788492
11.78849
11.788488
11.788487
11.788485
11.788484
11.788484
11.788483
11.788483
11.788482
11.788482
11.788481
11.78848
11.788479
11.788477
11.788476
11.788474
11.78847
11.788445
11.788241
11.786813
11.778355
11.737678
11.580087
11.460396
11.788574
11.788568
11.788557
11.788547
11.788539
11.788532
11.788525
11.788519
11.788513
11.788507
11.788503
11.788498
11.788495
11.788491
11.788488
11.788485
11.788483
11.788481
11.78848
11.788479
11.788478
11.788477
11.788476
11.788476
11.788475
11.788474
11.788474
11.788473
11.788472
11.78847
11.788468
11.788467
11.788463
11.788438
11.788234
11.786805
11.778343
11.737652
11.580005
11.460148
11.788567
11.788561
11.788551
11.78854
11.788532
11.788526
11.788519
11.788512
11.788506
11.788501
11.788496
11.788492
11.788488
11.788485
11.788481
11.788479
11.788477
11.788475
11.788473
11.788472
11.788471
11.78847
11.788469
11.788469
11.788468
11.788467
11.788467
11.788466
11.788464
11.788463
11.788461
11.78846
11.788456
11.788431
11.788227
11.786797
11.77833
11.737623
11.579916
11.459873
11.788561
11.788555
11.788544
11.788534
11.788526
11.788519
11.788513
11.788506
11.7885
11.788494
11.78849
11.788485
11.788482
11.788478
11.788475
11.788472
11.78847
11.788468
11.788466
11.788465
11.788464
11.788463
11.788463
11.788462
11.788461
11.78846
11.78846
11.788459
11.788457
11.788456
11.788455
11.788453
11.78845
11.788424
11.788221
11.786789
11.778317
11.737592
11.57982
11.459567
11.788555
11.788548
11.788538
11.788528
11.78852
11.788513
11.788506
11.7885
11.788493
11.788488
11.788483
11.788479
11.788475
11.788472
11.788469
11.788466
11.788464
11.788462
11.78846
11.788459
11.788458
11.788457
11.788456
11.788455
11.788454
11.788454
11.788453
11.788452
11.78845
11.788449
11.788448
11.788447
11.788443
11.788418
11.788214
11.786781
11.778303
11.737558
11.579717
11.459222
11.788549
11.788542
11.788532
11.788522
11.788514
11.788507
11.7885
11.788494
11.788487
11.788482
11.788477
11.788473
11.788469
11.788466
11.788463
11.78846
11.788458
11.788456
11.788454
11.788453
11.788451
11.78845
11.78845
11.788449
11.788448
11.788447
11.788446
11.788445
11.788444
11.788443
11.788441
11.78844
11.788437
11.788412
11.788208
11.786773
11.778289
11.737521
11.579605
11.458833
11.788543
11.788536
11.788526
11.788516
11.788508
11.788501
11.788494
11.788488
11.788482
11.788476
11.788472
11.788467
11.788464
11.78846
11.788457
11.788454
11.788452
11.78845
11.788448
11.788447
11.788445
11.788444
11.788443
11.788442
11.788441
11.788441
11.78844
11.788438
11.788437
11.788436
11.788435
11.788434
11.788431
11.788406
11.788201
11.786765
11.778274
11.737482
11.579484
11.458388
11.788537
11.788531
11.78852
11.78851
11.788502
11.788495
11.788489
11.788482
11.788476
11.78847
11.788466
11.788462
11.788458
11.788454
11.788451
11.788448
11.788446
11.788444
11.788442
11.788441
11.788439
11.788438
11.788437
11.788436
11.788435
11.788434
11.788433
11.788432
11.788431
11.78843
11.788429
11.788428
11.788425
11.7884
11.788195
11.786757
11.778259
11.737439
11.579354
11.457878
11.788532
11.788525
11.788515
11.788505
11.788497
11.78849
11.788483
11.788477
11.78847
11.788465
11.78846
11.788456
11.788452
11.788449
11.788446
11.788443
11.78844
11.788438
11.788436
11.788435
11.788434
11.788432
11.788431
11.78843
11.788429
11.788428
11.788427
11.788426
11.788425
11.788424
11.788423
11.788422
11.788419
11.788394
11.788189
11.78675
11.778243
11.737392
11.579214
11.457287
11.788526
11.78852
11.788509
11.788499
11.788491
11.788485
11.788478
11.788471
11.788465
11.78846
11.788455
11.788451
11.788447
11.788444
11.78844
11.788438
11.788435
11.788433
11.788431
11.788429
11.788428
11.788427
11.788426
11.788425
11.788423
11.788422
11.788421
11.78842
11.788419
11.788418
11.788417
11.788416
11.788413
11.788388
11.788183
11.786742
11.778226
11.737342
11.579064
11.456599
11.788521
11.788515
11.788504
11.788494
11.788486
11.788479
11.788473
11.788466
11.78846
11.788455
11.78845
11.788446
11.788442
11.788439
11.788435
11.788432
11.78843
11.788428
11.788426
11.788424
11.788423
11.788421
11.78842
11.788419
11.788418
11.788417
11.788415
11.788414
11.788413
11.788412
11.788411
11.788411
11.788408
11.788383
11.788178
11.786734
11.778209
11.737288
11.578901
11.45579
11.788516
11.78851
11.788499
11.788489
11.788481
11.788475
11.788468
11.788461
11.788455
11.78845
11.788445
11.788441
11.788437
11.788434
11.78843
11.788428
11.788425
11.788423
11.788421
11.788419
11.788418
11.788416
11.788415
11.788414
11.788412
11.788411
11.78841
11.788409
11.788408
11.788407
11.788406
11.788406
11.788402
11.788378
11.788172
11.786727
11.778191
11.737229
11.578727
11.454834
11.788512
11.788505
11.788495
11.788485
11.788477
11.78847
11.788463
11.788457
11.788451
11.788445
11.788441
11.788437
11.788433
11.788429
11.788426
11.788423
11.78842
11.788418
11.788416
11.788414
11.788413
11.788411
11.78841
11.788409
11.788407
11.788406
11.788405
11.788404
11.788402
11.788401
11.788401
11.7884
11.788397
11.788373
11.788167
11.786719
11.778172
11.737166
11.578538
11.453697
11.788508
11.788501
11.78849
11.78848
11.788472
11.788466
11.788459
11.788452
11.788446
11.788441
11.788436
11.788432
11.788428
11.788425
11.788422
11.788419
11.788416
11.788414
11.788412
11.78841
11.788408
11.788407
11.788405
11.788404
11.788402
11.788401
11.7884
11.788399
11.788397
11.788396
11.788396
11.788396
11.788393
11.788368
11.788162
11.786712
11.778152
11.737097
11.578336
11.452336
11.788504
11.788497
11.788486
11.788476
11.788468
11.788462
11.788455
11.788449
11.788442
11.788437
11.788432
11.788428
11.788424
11.788421
11.788418
11.788415
11.788412
11.78841
11.788407
11.788405
11.788404
11.788402
11.788401
11.788399
11.788398
11.788396
11.788395
11.788394
11.788393
11.788392
11.788391
11.788391
11.788388
11.788363
11.788157
11.786705
11.778131
11.737022
11.578117
11.450698
11.7885
11.788493
11.788483
11.788473
11.788465
11.788458
11.788451
11.788445
11.788439
11.788433
11.788429
11.788425
11.788421
11.788417
11.788414
11.788411
11.788408
11.788406
11.788403
11.788401
11.7884
11.788398
11.788397
11.788395
11.788393
11.788392
11.788391
11.788389
11.788388
11.788387
11.788387
11.788387
11.788384
11.788359
11.788152
11.786697
11.778109
11.736941
11.577882
11.44872
11.788497
11.78849
11.788479
11.788469
11.788461
11.788455
11.788448
11.788442
11.788435
11.78843
11.788426
11.788421
11.788418
11.788414
11.78841
11.788407
11.788405
11.788402
11.7884
11.788398
11.788396
11.788394
11.788393
11.788391
11.788389
11.788388
11.788386
11.788385
11.788384
11.788383
11.788383
11.788383
11.78838
11.788355
11.788148
11.78669
11.778086
11.736852
11.577629
11.446321
11.788494
11.788487
11.788476
11.788466
11.788458
11.788452
11.788445
11.788439
11.788432
11.788427
11.788423
11.788418
11.788415
11.788411
11.788407
11.788404
11.788402
11.788399
11.788397
11.788395
11.788393
11.788391
11.788389
11.788387
11.788386
11.788384
11.788383
11.788381
11.78838
11.788379
11.788379
11.788379
11.788376
11.788352
11.788144
11.786683
11.778061
11.736754
11.577357
11.443403
11.788491
11.788484
11.788473
11.788463
11.788456
11.788449
11.788442
11.788436
11.78843
11.788424
11.78842
11.788416
11.788412
11.788408
11.788405
11.788402
11.788399
11.788396
11.788394
11.788392
11.78839
11.788388
11.788386
11.788384
11.788383
11.788381
11.788379
11.788378
11.788377
11.788376
11.788376
11.788376
11.788373
11.788348
11.78814
11.786676
11.778034
11.736647
11.577062
11.439844
11.788487
11.788481
11.78847
11.78846
11.788452
11.788446
11.788439
11.788433
11.788426
11.788421
11.788417
11.788413
11.788409
11.788405
11.788402
11.788398
11.788396
11.788393
11.788391
11.788388
11.788387
11.788385
11.788383
11.788381
11.788379
11.788378
11.788376
11.788375
11.788373
11.788373
11.788372
11.788372
11.78837
11.788345
11.788136
11.786668
11.778005
11.736528
11.576742
11.435498
11.788482
11.788475
11.788465
11.788455
11.788447
11.78844
11.788434
11.788427
11.788421
11.788416
11.788411
11.788407
11.788403
11.7884
11.788397
11.788393
11.788391
11.788388
11.788386
11.788384
11.788382
11.78838
11.788378
11.788377
11.788375
11.788373
11.788372
11.78837
11.788369
11.788368
11.788368
11.788368
11.788366
11.788341
11.788131
11.786659
11.777973
11.736394
11.576389
11.43019
11.788469
11.788462
11.788452
11.788442
11.788434
11.788428
11.788421
11.788415
11.788409
11.788404
11.788399
11.788395
11.788392
11.788388
11.788385
11.788382
11.78838
11.788378
11.788376
11.788374
11.788373
11.788371
11.78837
11.788368
11.788367
11.788365
11.788364
11.788363
11.788362
11.788361
11.78836
11.78836
11.788357
11.788332
11.788121
11.786645
11.777932
11.736241
11.575982
11.423709
11.788435
11.788428
11.788418
11.788408
11.7884
11.788394
11.788388
11.788382
11.788376
11.788371
11.788367
11.788364
11.78836
11.788358
11.788355
11.788353
11.788351
11.78835
11.788349
11.788348
11.788348
11.788348
11.788347
11.788347
11.788346
11.788346
11.788345
11.788344
11.788343
11.788341
11.78834
11.788339
11.788336
11.788309
11.788097
11.786615
11.777874
11.736054
11.57548
11.415812
11.788343
11.788336
11.788326
11.788316
11.788309
11.788303
11.788297
11.788291
11.788286
11.788282
11.788279
11.788277
11.788275
11.788273
11.788273
11.788273
11.788273
11.788274
11.788276
11.788278
11.78828
11.788283
11.788286
11.788288
11.78829
11.788291
11.788292
11.788292
11.78829
11.788288
11.788286
11.788283
11.788277
11.788248
11.788032
11.786541
11.777766
11.735801
11.574786
11.406227
11.788099
11.788092
11.788081
11.788072
11.788066
11.788061
11.788056
11.788051
11.788048
11.788046
11.788045
11.788046
11.788047
11.788049
11.788052
11.788057
11.788062
11.788069
11.788078
11.788087
11.788097
11.788107
11.788117
11.788126
11.788135
11.788141
11.788145
11.788147
11.788145
11.788141
11.788135
11.788127
11.788115
11.788079
11.787856
11.786352
11.777533
11.735395
11.573697
11.394665
11.787476
11.787468
11.787458
11.78745
11.787445
11.787442
11.78744
11.787438
11.787439
11.787441
11.787446
11.787452
11.78746
11.787471
11.787484
11.787499
11.787517
11.787538
11.787561
11.787587
11.787614
11.787642
11.78767
11.787696
11.787719
11.787738
11.787751
11.787757
11.787756
11.787747
11.787731
11.787711
11.787685
11.787634
11.787393
11.785864
11.776984
11.734628
11.571798
11.38086
11.78596
11.785948
11.785939
11.785934
11.785932
11.785934
11.785937
11.785942
11.78595
11.785962
11.785978
11.785998
11.786022
11.78605
11.786084
11.786123
11.786168
11.786219
11.786275
11.786337
11.786402
11.78647
11.786537
11.786601
11.786659
11.786706
11.786739
11.786755
11.786753
11.786733
11.786697
11.786649
11.786592
11.786506
11.786228
11.784647
11.775676
11.733028
11.568296
11.364643
11.782461
11.782443
11.782434
11.782434
11.78244
11.78245
11.782465
11.782484
11.782508
11.782539
11.782578
11.782625
11.78268
11.782745
11.782821
11.782908
11.783008
11.78312
11.783245
11.78338
11.783525
11.783675
11.783824
11.783967
11.784095
11.784201
11.784277
11.784315
11.784312
11.78427
11.784191
11.784085
11.783962
11.783805
11.783447
11.781766
11.772643
11.729594
11.561784
11.346106
11.774898
11.774865
11.774858
11.774868
11.774886
11.774913
11.774949
11.774993
11.775048
11.775115
11.775197
11.775294
11.775407
11.77554
11.775695
11.775872
11.776074
11.776301
11.776554
11.776829
11.777123
11.777428
11.777734
11.778027
11.778293
11.778513
11.77867
11.778752
11.778749
11.778663
11.778503
11.778288
11.778039
11.777743
11.777233
11.775358
11.765982
11.722383
11.550018
11.325907
11.759824
11.759764
11.759757
11.759784
11.759825
11.75988
11.759951
11.760038
11.760143
11.760271
11.760425
11.760605
11.760816
11.761063
11.761348
11.761676
11.762048
11.762468
11.762934
11.763444
11.763988
11.764556
11.765128
11.765679
11.76618
11.766597
11.766899
11.767058
11.767058
11.766902
11.766607
11.766208
11.765744
11.76521
11.764438
11.762222
11.752435
11.70813
11.529995
11.305842
11.732979
11.732873
11.732866
11.732918
11.732991
11.733087
11.733208
11.733357
11.733535
11.733749
11.734005
11.734304
11.734653
11.73506
11.73553
11.736068
11.736681
11.737371
11.738137
11.738976
11.739875
11.740814
11.741764
11.742684
11.743524
11.74423
11.744746
11.745027
11.745041
11.744797
11.74432
11.743667
11.742901
11.74202
11.740863
11.738125
11.72775
11.682723
11.499092
11.290551
11.692475
11.692304
11.692293
11.692376
11.692487
11.692631
11.692812
11.693032
11.693293
11.693606
11.693979
11.694413
11.694917
11.695502
11.696177
11.696947
11.697822
11.698806
11.699898
11.701094
11.702377
11.703721
11.705084
11.70641
11.70763
11.708663
11.709432
11.709867
11.709926
11.709612
11.708966
11.70806
11.706976
11.705708
11.704094
11.700702
11.689648
11.644235
11.458509
11.287721
11.64655
11.646309
11.646289
11.646399
11.646542
11.646727
11.646958
11.647236
11.647565
11.647955
11.648417
11.648952
11.649569
11.65028
11.651095
11.652021
11.653067
11.654239
11.655535
11.65695
11.658467
11.660057
11.661673
11.663252
11.664719
11.665979
11.666944
11.667532
11.667691
11.667416
11.666751
11.665761
11.664521
11.663001
11.661023
11.657037
11.645462
11.600588
11.420742
11.311618
11.626356
11.626063
11.626031
11.62615
11.626308
11.626508
11.626752
11.627047
11.627392
11.627796
11.628267
11.628808
11.629425
11.630124
11.630916
11.631803
11.632792
11.633886
11.635084
11.636378
11.637756
11.639195
11.640658
11.642098
11.643454
11.644657
11.645632
11.646314
11.646654
11.646627
11.646259
11.645563
11.64455
11.643147
11.64112
11.636895
11.625315
11.582439
11.419548
11.391027
11.699734
11.699433
11.699385
11.699489
11.699633
11.699811
11.700019
11.700268
11.70056
11.700887
11.701258
11.701675
11.702136
11.702637
11.703183
11.703772
11.704399
11.705062
11.705757
11.706477
11.707219
11.707974
11.708739
11.709506
11.710269
11.711023
11.711756
11.71245
11.713079
11.713595
11.713944
11.71406
11.713803
11.713046
11.71144
11.707564
11.696741
11.657299
11.523897
11.579199
11.993868
11.993603
11.993539
11.993606
11.993716
11.99384
11.993967
11.994122
11.994303
11.994482
11.994663
11.994855
11.995038
11.995193
11.995319
11.995407
11.995433
11.995389
11.995264
11.995052
11.994762
11.994407
11.99403
11.993691
11.993466
11.993451
11.993735
11.994384
11.995401
11.996712
11.998151
11.999505
12.00043
12.000766
11.999987
11.997015
11.987728
11.953001
11.861498
11.980142
12.757157
12.756959
12.756881
12.756908
12.756979
12.75704
12.757077
12.75713
12.757194
12.757219
12.757207
12.757174
12.757087
12.756912
12.756642
12.756264
12.75574
12.755052
12.754187
12.753139
12.751923
12.750574
12.749172
12.747834
12.746706
12.74598
12.745833
12.746398
12.747714
12.749681
12.752037
12.754445
12.756389
12.757744
12.757763
12.755937
12.748803
12.720038
12.671416
12.815305
14.533651
14.533546
14.533484
14.533485
14.53352
14.533535
14.533518
14.533512
14.533508
14.53346
14.533373
14.53326
14.533094
14.532843
14.532503
14.532064
14.531494
14.530776
14.529902
14.528865
14.52768
14.526376
14.525024
14.523727
14.522614
14.521854
14.521607
14.521994
14.523047
14.524686
14.526684
14.528757
14.530473
14.531812
14.53211
14.531364
14.527561
14.510333
14.497078
14.610557
)
;

boundaryField
{
    piston
    {
        type            calculated;
        value           nonuniform List<scalar>
40
(
17.698288
17.698288
17.698288
17.698288
17.698288
17.698288
17.698288
17.698289
17.698289
17.698289
17.698289
17.698289
17.698289
17.698289
17.698289
17.698289
17.698289
17.698289
17.698289
17.698289
17.698289
17.698289
17.69829
17.698291
17.698292
17.698292
17.698291
17.698288
17.698283
17.698277
17.698272
17.69827
17.698273
17.698279
17.698282
17.698282
17.698281
17.698284
17.698296
17.698316
)
;
    }
    cylinderHead
    {
        type            calculated;
        value           nonuniform List<scalar>
40
(
16.350499
16.350499
16.350499
16.350499
16.350499
16.350499
16.350499
16.350499
16.350499
16.350499
16.350499
16.350499
16.350499
16.350499
16.350499
16.350499
16.350498
16.350498
16.350498
16.350498
16.350498
16.350498
16.350497
16.350497
16.350497
16.350496
16.350496
16.350496
16.350495
16.350495
16.350495
16.350495
16.350495
16.350495
16.350495
16.350495
16.350496
16.350496
16.350497
16.350498
)
;
    }
    cylinderWall
    {
        type            calculated;
        value           nonuniform List<scalar>
120
(
19.965643
19.965645
19.965647
19.965648
19.965649
19.96565
19.965651
19.965651
19.965652
19.965653
19.965653
19.965654
19.965655
19.965656
19.965657
19.965658
19.965659
19.96566
19.965661
19.965662
19.965664
19.965665
19.965667
19.965668
19.96567
19.965672
19.965673
19.965675
19.965677
19.965679
19.965681
19.965683
19.965685
19.965687
19.965689
19.965691
19.965693
19.965695
19.965697
19.965699
19.965701
19.965703
19.965704
19.965706
19.965708
19.96571
19.965712
19.965714
19.965715
19.965717
19.965719
19.965721
19.965722
19.965724
19.965726
19.965727
19.965729
19.96573
19.965732
19.965733
19.965735
19.965736
19.965738
19.965739
19.965741
19.965742
19.965743
19.965745
19.965746
19.965747
19.965748
19.96575
19.965751
19.965752
19.965753
19.965754
19.965755
19.965756
19.965758
19.965759
19.96576
19.965761
19.965761
19.965762
19.965763
19.965764
19.965765
19.965766
19.965767
19.965767
19.965768
19.965769
19.96577
19.96577
19.965771
19.965771
19.965772
19.965773
19.965773
19.965774
19.965774
19.965775
19.965775
19.965776
19.965776
19.965776
19.965777
19.965777
19.965777
19.965777
19.965778
19.965778
19.965778
19.965778
19.965778
19.965779
19.965779
19.965779
19.965779
19.965779
)
;
    }
    wedgeFront
    {
        type            wedge;
    }
    wedgeBack
    {
        type            wedge;
    }
    axis
    {
        type            empty;
    }
}


// ************************************************************************* //
