/*--------------------------------*- C++ -*----------------------------------*\
  =========                 |
  \\      /  F ield         | OpenFOAM: The Open Source CFD Toolbox
   \\    /   O peration     | Website:  https://openfoam.org
    \\  /    A nd           | Version:  13
     \\/     M anipulation  |
\*---------------------------------------------------------------------------*/
FoamFile
{
    format      ascii;
    class       volScalarField;
    location    "0";
    object      T;
}
// * * * * * * * * * * * * * * * * * * * * * * * * * * * * * * * * * * * * * //

dimensions      [0 0 0 1 0 0 0];

internalField   nonuniform List<scalar>
4800
(
566.10601
566.14069
566.14841
566.14939
566.15327
566.15968
566.1658
566.17402
566.1833
566.19229
566.20141
566.21062
566.21878
566.22483
566.22762
566.22492
566.21256
566.18563
566.13511
566.03959
565.85851
565.53693
565.02496
564.48917
565.03357
568.15414
571.46928
569.9695
557.85275
545.93415
545.41668
553.24746
561.93694
568.05143
572.34678
574.3063
581.82984
595.85684
619.16155
648.21688
671.37659
671.36418
671.35015
671.36463
671.38296
671.40329
671.42478
671.45105
671.48152
671.51527
671.55322
671.59575
671.64229
671.69251
671.74618
671.802
671.8572
671.90815
671.947
671.96313
671.93838
671.82155
671.52414
671.46336
673.28522
678.48769
681.61406
671.77835
645.52792
623.84619
627.48054
648.97088
669.60091
681.07019
684.81112
686.48888
692.60819
706.54531
721.28277
734.66686
720.86197
720.77049
720.7258
720.75511
720.78656
720.81752
720.85119
720.8915
720.93902
720.99401
721.0578
721.13161
721.21648
721.31391
721.42601
721.5549
721.70309
721.87389
722.0702
722.29366
722.54183
722.77932
723.11304
724.2541
727.44722
732.86948
733.08506
716.19494
685.26745
669.66183
679.84448
705.78165
725.7014
734.19302
736.07182
736.78435
739.59833
744.79199
748.70744
750.13816
740.87768
740.70911
740.63677
740.67884
740.72029
740.75878
740.80122
740.85176
740.91204
740.98344
741.06782
741.16739
741.28488
741.4239
741.58929
741.78737
742.02699
742.32052
742.6855
743.14764
743.74104
744.50602
745.71826
747.89563
752.57182
758.60672
756.27737
735.41043
708.47544
700.05589
713.75719
737.63242
751.80018
756.15318
756.10127
755.29493
755.25238
755.5383
754.75568
751.96202
746.62751
746.40763
746.31876
746.36849
746.41516
746.45749
746.50448
746.56046
746.62776
746.70854
746.80507
746.92039
747.05849
747.22464
747.42596
747.67223
747.97761
748.36253
748.85807
749.51525
750.41711
751.64522
753.42471
756.51197
762.62629
769.73039
766.52525
745.7629
724.84486
721.2593
735.58557
754.63709
763.0914
764.56823
762.93049
761.07174
759.57922
757.93521
755.65827
751.99388
746.23897
746.00072
745.90783
745.95939
746.00652
746.04907
746.0965
746.15312
746.22154
746.30426
746.4038
746.52364
746.66844
746.84436
747.05978
747.32652
747.66184
748.09115
748.65439
749.42565
750.5026
751.92286
754.09698
758.03117
765.62055
774.22599
771.80623
753.16598
737.20255
736.37218
749.67308
763.62452
768.21773
767.98309
765.05738
762.43506
760.34593
758.07185
755.45776
751.82474
742.87329
742.63622
742.54788
742.597
742.64065
742.68013
742.72438
742.77741
742.8419
742.92053
743.01593
743.13189
743.27352
743.4476
743.66351
743.93477
744.28139
744.73361
745.34227
746.20562
747.38857
749.02993
751.69383
756.49353
765.4091
775.86705
775.23065
759.24978
746.74992
747.30991
758.90161
768.95933
771.59676
770.30313
765.96309
762.44055
760.05324
757.55897
754.94249
751.66452
737.78339
737.59535
737.52773
737.56603
737.59971
737.63052
737.66522
737.70696
737.75792
737.82037
737.89655
737.98976
738.10444
738.24656
738.42448
738.65047
738.94291
739.33054
739.86874
740.62854
741.65331
743.38311
746.51253
752.39095
763.18894
776.07904
777.759
764.50048
754.25784
755.4307
765.334
773.08878
775.14916
773.27096
766.93499
762.02965
759.26816
756.73164
754.34221
751.51886
733.57937
733.45651
733.41364
733.43871
733.46077
733.48127
733.50445
733.53241
733.56662
733.60866
733.66013
733.72337
733.8016
733.89915
734.02217
734.1798
734.38597
734.66404
735.05481
735.58628
736.40329
737.94449
740.90286
746.97559
759.07687
775.20024
779.68655
769.10267
760.33025
761.68945
770.29455
777.19171
779.60013
777.17326
768.38972
761.64772
758.33413
755.80589
753.69264
751.38071
730.90464
730.83681
730.81383
730.82798
730.84054
730.8524
730.86584
730.88207
730.90194
730.92637
730.95633
730.99326
731.03911
731.09656
731.16946
731.26358
731.3879
731.55898
731.7952
732.12091
732.71137
733.88339
736.28632
741.78207
754.1428
773.01747
781.06921
773.17691
765.39857
766.74735
774.53528
781.53894
784.59024
781.22842
770.10568
761.50979
757.37562
754.78154
753.00612
751.24844
729.48071
729.44832
729.43777
729.44492
729.45133
729.45747
729.46442
729.47278
729.483
729.49553
729.51088
729.52982
729.55339
729.58302
729.6208
729.66989
729.73554
729.82563
729.94708
730.13617
730.51414
731.29272
733.02011
737.49346
749.12814
769.81889
781.87273
776.79817
769.77265
771.03321
778.39622
785.84954
789.23218
784.06727
771.23929
761.52528
756.37397
753.64492
752.29521
751.12098
728.81936
728.80573
728.80163
728.80504
728.80814
728.81112
728.81445
728.81842
728.82323
728.82909
728.83621
728.84497
728.85586
728.86957
728.88709
728.90999
728.94093
728.98248
729.03903
729.14191
729.35741
729.81956
730.9428
734.2806
744.4667
765.82709
782.03593
779.99097
773.66755
774.80216
781.97136
789.78458
792.8718
784.85739
771.12218
761.48323
755.25418
752.37148
751.5698
750.99779
728.54541
728.54036
728.53916
728.54085
728.54238
728.54384
728.54542
728.54726
728.54944
728.55204
728.55513
728.55889
728.56354
728.56936
728.5768
728.58654
728.59958
728.61682
728.64206
728.69359
728.80455
729.05434
729.72668
732.0435
740.40418
761.2172
781.50223
782.72326
777.22795
778.20596
785.26803
793.17232
795.37892
783.53081
769.23586
760.95067
753.93749
750.90294
750.83777
750.87857
728.44312
728.44156
728.44151
728.4425
728.44337
728.44417
728.44499
728.44591
728.44696
728.44814
728.44948
728.45107
728.45298
728.45533
728.45829
728.46215
728.46717
728.47368
728.48465
728.5084
728.56065
728.68542
729.06111
730.57494
737.0556
756.26134
780.00243
784.96251
780.54474
781.34365
788.29021
795.95347
796.62419
780.0501
765.18366
759.21127
752.36715
749.20933
750.10594
750.76342
728.40879
728.40852
728.40889
728.40961
728.41023
728.41078
728.41131
728.41187
728.41247
728.41309
728.41375
728.41447
728.4153
728.41626
728.41743
728.4189
728.42072
728.42312
728.42763
728.43768
728.46041
728.51862
728.71677
729.65686
734.42912
751.27712
777.44008
786.6367
783.65938
784.28501
791.03076
798.20051
796.63726
774.96185
759.85046
755.66566
750.37779
747.33295
749.37455
750.6538
728.39887
728.39902
728.39954
728.40016
728.4007
728.40115
728.40158
728.40201
728.40245
728.40288
728.40329
728.4037
728.40414
728.4046
728.40512
728.4057
728.40637
728.40726
728.40899
728.41288
728.42203
728.44755
728.54702
729.10603
732.46029
746.54804
773.77393
787.61534
786.55487
787.07565
793.49868
800.07602
795.22534
769.2902
754.40059
751.01664
747.89241
745.30628
748.64996
750.54882
728.39689
728.39718
728.39774
728.39834
728.39884
728.39927
728.39966
728.40005
728.40045
728.40081
728.40114
728.40146
728.40177
728.40207
728.40237
728.40266
728.40295
728.40331
728.40392
728.40527
728.40864
728.41913
728.4669
728.78696
731.04485
742.28603
769.03614
787.76297
789.14852
789.73748
795.73909
801.5963
791.8822
763.63204
749.39227
746.18461
744.95582
743.17871
747.93925
750.44785
728.39716
728.39749
728.39806
728.39865
728.39914
728.39956
728.39995
728.40034
728.40072
728.40107
728.40138
728.40167
728.40194
728.40221
728.40244
728.40266
728.40286
728.40305
728.40327
728.40368
728.40477
728.40874
728.4307
728.60777
730.06682
738.60672
763.47839
786.90369
791.28694
792.24892
797.73818
802.57589
786.39716
758.30486
745.01517
741.77189
741.77445
741.02243
747.2495
750.35033
728.39816
728.3985
728.39908
728.39966
728.40016
728.40057
728.40096
728.40134
728.40172
728.40206
728.40237
728.40265
728.40291
728.40315
728.40336
728.40354
728.40369
728.40379
728.40383
728.40394
728.40428
728.40561
728.41521
728.51
729.41664
735.5912
757.45823
784.49138
792.74626
794.50823
799.40568
802.61063
779.54779
753.43376
741.29076
738.08123
738.66027
738.9317
746.58757
750.25579
728.39929
728.39964
728.40022
728.4008
728.40129
728.40171
728.4021
728.40249
728.40287
728.40322
728.40353
728.40382
728.40409
728.40434
728.40456
728.40474
728.4049
728.40497
728.40496
728.40489
728.40483
728.40521
728.40915
728.45821
729.00047
733.25179
751.41842
780.42234
793.24083
796.32492
800.56173
800.81216
772.61865
748.91855
738.18717
735.197
735.91866
737.02186
745.96025
750.16385
728.40031
728.40066
728.40124
728.40182
728.40231
728.40273
728.40313
728.40352
728.40391
728.40427
728.40459
728.40488
728.40516
728.40542
728.40565
728.40586
728.40602
728.4061
728.4061
728.40603
728.40588
728.40575
728.40724
728.4317
728.7439
731.53381
745.7908
774.8291
792.6435
797.3615
800.9902
796.30072
765.97292
744.74775
735.61573
733.02962
733.7168
735.44076
745.3722
750.07417
728.4012
728.40154
728.40212
728.40271
728.4032
728.40362
728.40403
728.40442
728.40482
728.40518
728.40551
728.40581
728.4061
728.40637
728.40662
728.40683
728.40701
728.4071
728.40714
728.40711
728.40698
728.40674
728.40705
728.41873
728.59163
730.33796
740.88422
768.01845
790.39414
797.36708
800.35578
789.66711
759.45034
741.01674
733.54352
731.45986
732.08219
734.32105
744.82554
749.98646
728.40198
728.40233
728.40291
728.40349
728.40398
728.40441
728.40481
728.40522
728.40561
728.40598
728.40632
728.40663
728.40692
728.4072
728.40746
728.40769
728.40787
728.40799
728.40806
728.40807
728.40799
728.40777
728.40759
728.41285
728.50477
729.548
736.8934
760.58239
786.04751
796.1357
797.86528
781.79425
753.2741
737.80461
731.93876
730.36985
730.94851
733.60128
744.35003
749.90048
728.40269
728.40303
728.40361
728.4042
728.40469
728.40512
728.40553
728.40593
728.40633
728.40671
728.40704
728.40736
728.40766
728.40795
728.40821
728.40845
728.40864
728.40877
728.40887
728.40892
728.4089
728.40874
728.40847
728.41054
728.45731
729.05223
733.8728
753.38498
779.85592
792.70502
792.70861
773.15187
747.68986
735.15611
730.74834
729.64473
730.20671
733.12752
743.96881
749.81597
728.40335
728.4037
728.40428
728.40486
728.40535
728.40578
728.40619
728.40661
728.40701
728.40738
728.40772
728.40804
728.40835
728.40864
728.40891
728.40914
728.40933
728.40948
728.40961
728.40969
728.40971
728.40962
728.40936
728.40997
728.43263
728.75663
731.78167
746.90692
772.32625
786.90155
785.26049
764.40164
742.79222
733.0683
729.90374
729.18191
729.74489
732.81081
743.67092
749.73347
728.40399
728.40434
728.40492
728.4055
728.406
728.40643
728.40684
728.40726
728.40766
728.40804
728.40838
728.4087
728.40901
728.4093
728.40956
728.4098
728.40999
728.41015
728.41028
728.41039
728.41044
728.41041
728.41022
728.4102
728.42056
728.58897
730.40557
741.47987
764.19761
779.27269
776.26888
756.13845
738.69739
731.49947
729.33089
728.89787
729.4695
732.59845
743.41662
749.65969
728.40463
728.40498
728.40556
728.40614
728.40664
728.40707
728.40748
728.4079
728.4083
728.40868
728.40902
728.40935
728.40965
728.40994
728.41021
728.41044
728.41063
728.41079
728.41093
728.41105
728.41112
728.41113
728.41101
728.41081
728.41516
728.49854
729.54272
737.22248
756.20527
770.56801
766.7036
748.82428
735.45121
730.37642
728.95938
728.73
729.31128
732.45436
743.1969
749.5939
728.40526
728.40561
728.4062
728.40678
728.40727
728.4077
728.40812
728.40854
728.40895
728.40932
728.40967
728.40999
728.4103
728.41059
728.41085
728.41108
728.41126
728.41143
728.41157
728.41169
728.41177
728.41181
728.41174
728.41153
728.41311
728.45229
729.02694
734.07693
748.95979
761.65705
757.51077
742.74641
733.01629
729.61093
728.72899
728.63411
729.22312
732.35339
743.00579
749.53544
728.4059
728.40625
728.40683
728.40741
728.4079
728.40834
728.40876
728.40918
728.40959
728.40996
728.41031
728.41063
728.41094
728.41123
728.41149
728.41171
728.41189
728.41206
728.4122
728.41232
728.41241
728.41246
728.41242
728.41225
728.41266
728.43
728.73286
731.884
742.85623
753.32603
749.40976
738.0027
731.28957
729.11421
728.59239
728.58057
729.17503
732.27837
742.83861
749.48358
728.40653
728.40688
728.40747
728.40805
728.40854
728.40897
728.4094
728.40982
728.41023
728.4106
728.41095
728.41127
728.41158
728.41186
728.41212
728.41234
728.41252
728.41269
728.41283
728.41295
728.41304
728.41309
728.41308
728.41294
728.41288
728.42012
728.57282
730.43997
738.05739
746.13716
742.80022
734.5219
730.13043
728.80729
728.51507
728.55083
729.14913
732.21832
742.69166
749.43761
728.40717
728.40752
728.4081
728.40868
728.40918
728.40961
728.41004
728.41046
728.41087
728.41125
728.41159
728.41191
728.41222
728.4125
728.41276
728.41297
728.41315
728.41331
728.41346
728.41357
728.41367
728.41372
728.41372
728.41361
728.41344
728.4162
728.48981
729.5411
734.52659
740.37433
737.77486
732.11783
729.39309
728.62664
728.4731
728.53524
729.13438
732.16672
742.562
749.39692
728.40781
728.40816
728.40875
728.40933
728.40982
728.41026
728.41068
728.41111
728.41151
728.41189
728.41224
728.41256
728.41286
728.41314
728.41339
728.4136
728.41378
728.41394
728.41408
728.4142
728.41429
728.41434
728.41435
728.41427
728.41408
728.41497
728.44884
729.01175
732.09105
736.06526
734.19849
730.55285
728.94823
728.52537
728.45131
728.52759
729.12504
732.12002
742.44724
749.36092
728.40845
728.40881
728.40939
728.40997
728.41046
728.4109
728.41133
728.41176
728.41216
728.41254
728.41289
728.41321
728.41351
728.41379
728.41403
728.41423
728.41441
728.41457
728.41471
728.41483
728.41491
728.41497
728.41497
728.41491
728.41475
728.41489
728.42973
728.71658
730.51345
733.052
731.80884
729.59139
728.69348
728.47136
728.44055
728.52417
729.11828
732.07653
742.34546
749.3291
728.4091
728.40946
728.41004
728.41062
728.41112
728.41156
728.41199
728.41241
728.41282
728.4132
728.41354
728.41386
728.41416
728.41443
728.41467
728.41487
728.41505
728.41521
728.41534
728.41545
728.41554
728.41559
728.4156
728.41554
728.4154
728.41528
728.42144
728.56064
729.55238
731.07782
730.30707
729.03263
728.55492
728.44405
728.43554
728.52288
729.11275
732.03563
742.25503
749.301
728.40976
728.41012
728.4107
728.41128
728.41178
728.41222
728.41265
728.41307
728.41348
728.41386
728.4142
728.41452
728.41481
728.41508
728.41531
728.41551
728.41569
728.41585
728.41598
728.41609
728.41617
728.41621
728.41622
728.41617
728.41605
728.41589
728.41824
728.48258
729.00088
729.86419
729.41787
728.72509
728.48342
728.43102
728.43341
728.52266
729.10784
731.99717
742.1746
749.2762
728.41042
728.41078
728.41137
728.41195
728.41244
728.41288
728.41331
728.41374
728.41415
728.41452
728.41487
728.41518
728.41548
728.41574
728.41597
728.41617
728.41634
728.41649
728.41662
728.41672
728.4168
728.41684
728.41685
728.4168
728.4167
728.41654
728.41732
728.44563
728.7024
729.16317
728.92113
728.56466
728.44838
728.42524
728.43275
728.52286
729.10332
731.96117
742.10297
749.25435
728.41109
728.41145
728.41204
728.41262
728.41311
728.41355
728.41399
728.41442
728.41482
728.4152
728.41554
728.41585
728.41614
728.4164
728.41663
728.41682
728.41699
728.41714
728.41727
728.41736
728.41743
728.41747
728.41747
728.41743
728.41734
728.41719
728.41734
728.42919
728.54989
728.78218
728.65901
728.48532
728.43217
728.42297
728.43281
728.52324
729.09909
731.92766
742.03911
749.23512
728.41177
728.41213
728.41272
728.4133
728.41379
728.41423
728.41467
728.4151
728.4155
728.41588
728.41622
728.41653
728.41682
728.41707
728.41729
728.41748
728.41765
728.4178
728.41792
728.41801
728.41808
728.41811
728.41811
728.41806
728.41798
728.41785
728.41777
728.42246
728.47634
728.58715
728.52828
728.44815
728.42521
728.42232
728.43323
728.52366
729.09514
731.89662
741.98214
749.21821
728.41245
728.41281
728.4134
728.41398
728.41448
728.41492
728.41535
728.41578
728.41619
728.41656
728.4169
728.41721
728.41749
728.41774
728.41796
728.41815
728.41832
728.41846
728.41858
728.41866
728.41872
728.41875
728.41875
728.4187
728.41862
728.4185
728.41836
728.42008
728.44293
728.49307
728.46666
728.43175
728.42256
728.42236
728.43383
728.52409
729.09145
731.86797
741.93125
749.20338
728.41314
728.4135
728.41409
728.41468
728.41517
728.41561
728.41605
728.41648
728.41688
728.41725
728.41759
728.4179
728.41818
728.41842
728.41864
728.41883
728.41899
728.41913
728.41924
728.41932
728.41938
728.4194
728.41939
728.41934
728.41926
728.41914
728.41899
728.41954
728.42875
728.45034
728.4393
728.42505
728.42183
728.42272
728.43449
728.52452
729.08804
731.84162
741.88575
749.19041
728.41383
728.41419
728.41479
728.41537
728.41587
728.41631
728.41674
728.41717
728.41758
728.41795
728.41828
728.41859
728.41887
728.41911
728.41932
728.41951
728.41967
728.4198
728.41991
728.41999
728.42004
728.42006
728.42004
728.41999
728.41991
728.41979
728.41964
728.41971
728.42326
728.43216
728.42796
728.42267
728.42186
728.42325
728.43515
728.52496
729.0849
731.81742
741.84505
749.17909
728.41453
728.41489
728.41549
728.41607
728.41657
728.41701
728.41744
728.41787
728.41828
728.41865
728.41898
728.41929
728.41956
728.4198
728.42001
728.42019
728.42035
728.42048
728.42059
728.42066
728.4207
728.42072
728.4207
728.42064
728.42056
728.42043
728.42028
728.4202
728.4215
728.42506
728.42372
728.4221
728.42223
728.42384
728.43581
728.52541
729.08202
731.79525
741.8086
749.16925
728.41523
728.4156
728.41619
728.41678
728.41727
728.41771
728.41815
728.41858
728.41898
728.41935
728.41969
728.41999
728.42025
728.42049
728.4207
728.42088
728.42104
728.42116
728.42126
728.42133
728.42137
728.42138
728.42136
728.4213
728.42121
728.42108
728.42092
728.42079
728.42123
728.42266
728.42246
728.42223
728.42275
728.42446
728.43647
728.52587
729.07939
731.77494
741.77593
749.16074
728.41594
728.4163
728.4169
728.41748
728.41798
728.41842
728.41886
728.41929
728.41969
728.42006
728.42039
728.42069
728.42095
728.42119
728.4214
728.42158
728.42173
728.42185
728.42195
728.42201
728.42205
728.42205
728.42202
728.42196
728.42187
728.42173
728.42156
728.42142
728.42151
728.42216
728.42237
728.42266
728.42334
728.42508
728.43713
728.52635
729.077
731.75638
741.74664
749.15342
728.41664
728.41701
728.41761
728.41819
728.41869
728.41913
728.41957
728.42
728.4204
728.42077
728.4211
728.42139
728.42165
728.42189
728.4221
728.42227
728.42242
728.42254
728.42264
728.4227
728.42273
728.42273
728.4227
728.42263
728.42253
728.42237
728.4222
728.42205
728.42205
728.42236
728.42271
728.42322
728.42394
728.42571
728.43779
728.52684
729.07483
731.73942
741.72036
749.14717
728.41735
728.41772
728.41832
728.41891
728.4194
728.41984
728.42028
728.42071
728.42111
728.42148
728.42181
728.4221
728.42236
728.42259
728.4228
728.42297
728.42312
728.42324
728.42333
728.42338
728.42341
728.42341
728.42337
728.4233
728.42319
728.42302
728.42284
728.42269
728.42267
728.42287
728.42327
728.42383
728.42455
728.42633
728.43845
728.52734
729.07288
731.72394
741.69678
749.14189
728.41806
728.41843
728.41903
728.41962
728.42012
728.42056
728.421
728.42143
728.42183
728.42219
728.42252
728.42281
728.42306
728.42329
728.4235
728.42367
728.42382
728.42393
728.42402
728.42407
728.42409
728.42409
728.42405
728.42397
728.42385
728.42368
728.42349
728.42334
728.4233
728.42348
728.42388
728.42445
728.42518
728.42697
728.43911
728.52785
729.07113
731.70981
741.6756
749.13748
728.41877
728.41914
728.41974
728.42033
728.42083
728.42127
728.42171
728.42214
728.42254
728.4229
728.42323
728.42351
728.42377
728.424
728.4242
728.42437
728.42451
728.42463
728.42471
728.42476
728.42478
728.42477
728.42473
728.42464
728.42451
728.42434
728.42414
728.42399
728.42395
728.42412
728.42453
728.42509
728.42581
728.4276
728.43977
728.52838
729.06956
731.69693
741.65659
749.13387
728.41948
728.41985
728.42045
728.42105
728.42154
728.42198
728.42242
728.42285
728.42325
728.42361
728.42394
728.42422
728.42447
728.4247
728.4249
728.42507
728.42521
728.42532
728.4254
728.42545
728.42547
728.42546
728.42541
728.42531
728.42518
728.425
728.4248
728.42465
728.42461
728.42478
728.42518
728.42573
728.42644
728.42824
728.44044
728.52892
729.06818
731.6852
741.63952
749.13098
728.42019
728.42056
728.42117
728.42176
728.42226
728.4227
728.42314
728.42356
728.42396
728.42432
728.42464
728.42493
728.42518
728.42541
728.42561
728.42577
728.42591
728.42602
728.4261
728.42614
728.42616
728.42614
728.42608
728.42598
728.42584
728.42566
728.42547
728.42531
728.42528
728.42545
728.42584
728.42638
728.42708
728.42889
728.4411
728.52947
729.06695
731.67452
741.62419
749.12875
728.4209
728.42127
728.42188
728.42247
728.42297
728.42341
728.42385
728.42427
728.42467
728.42503
728.42535
728.42563
728.42588
728.42611
728.42631
728.42647
728.42661
728.42672
728.42679
728.42683
728.42684
728.42682
728.42676
728.42666
728.42651
728.42633
728.42614
728.42599
728.42596
728.42612
728.42651
728.42704
728.42773
728.42953
728.44177
728.53004
729.06589
731.6648
741.61045
749.12712
728.4216
728.42198
728.42258
728.42318
728.42367
728.42412
728.42455
728.42498
728.42538
728.42573
728.42605
728.42633
728.42658
728.42681
728.427
728.42717
728.4273
728.42741
728.42748
728.42752
728.42753
728.4275
728.42744
728.42733
728.42718
728.427
728.42681
728.42667
728.42664
728.42681
728.42719
728.4277
728.42838
728.43018
728.44244
728.53061
729.06496
731.65598
741.59813
749.12606
728.42231
728.42268
728.42329
728.42388
728.42438
728.42482
728.42526
728.42569
728.42608
728.42644
728.42675
728.42703
728.42728
728.4275
728.4277
728.42786
728.42799
728.4281
728.42817
728.42821
728.42821
728.42818
728.42811
728.428
728.42786
728.42768
728.42749
728.42735
728.42733
728.4275
728.42787
728.42837
728.42903
728.43083
728.4431
728.53119
729.06417
731.64798
741.5871
749.12555
728.42301
728.42338
728.42399
728.42458
728.42508
728.42552
728.42596
728.42639
728.42678
728.42713
728.42744
728.42772
728.42797
728.42819
728.42839
728.42855
728.42868
728.42878
728.42885
728.42889
728.42889
728.42886
728.42879
728.42868
728.42853
728.42835
728.42817
728.42804
728.42803
728.42819
728.42856
728.42904
728.42968
728.43148
728.44377
728.53178
729.0635
731.64072
741.57725
749.12546
728.4237
728.42408
728.42469
728.42528
728.42578
728.42622
728.42666
728.42708
728.42747
728.42783
728.42814
728.42841
728.42866
728.42888
728.42908
728.42923
728.42937
728.42947
728.42953
728.42956
728.42956
728.42953
728.42946
728.42935
728.42921
728.42903
728.42886
728.42874
728.42873
728.42889
728.42925
728.42971
728.43034
728.43212
728.44443
728.53238
729.06294
731.63416
741.56847
749.12581
728.42439
728.42477
728.42538
728.42598
728.42647
728.42691
728.42735
728.42777
728.42816
728.42851
728.42882
728.4291
728.42935
728.42957
728.42976
728.42992
728.43005
728.43014
728.43021
728.43024
728.43024
728.4302
728.43013
728.43002
728.42988
728.42972
728.42955
728.42943
728.42943
728.42959
728.42994
728.43039
728.43099
728.43277
728.4451
728.53298
729.06249
731.62824
741.56066
749.12662
728.42508
728.42546
728.42607
728.42666
728.42716
728.4276
728.42803
728.42846
728.42885
728.4292
728.42951
728.42978
728.43003
728.43025
728.43044
728.43059
728.43072
728.43082
728.43088
728.43091
728.43091
728.43087
728.4308
728.4307
728.43056
728.4304
728.43024
728.43013
728.43013
728.43029
728.43063
728.43106
728.43165
728.43342
728.44576
728.53359
729.06214
731.62291
741.55374
749.12783
728.42576
728.42614
728.42675
728.42735
728.42784
728.42828
728.42872
728.42914
728.42953
728.42987
728.43018
728.43046
728.4307
728.43092
728.43111
728.43126
728.43139
728.43149
728.43155
728.43158
728.43157
728.43154
728.43147
728.43137
728.43123
728.43108
728.43093
728.43083
728.43083
728.43099
728.43131
728.43173
728.4323
728.43407
728.44641
728.5342
729.06189
731.61812
741.54763
749.12942
728.42643
728.42681
728.42742
728.42802
728.42852
728.42896
728.42939
728.42981
728.4302
728.43055
728.43085
728.43113
728.43137
728.43159
728.43178
728.43193
728.43206
728.43215
728.43221
728.43224
728.43224
728.4322
728.43214
728.43203
728.4319
728.43176
728.43161
728.43152
728.43154
728.43169
728.432
728.4324
728.43295
728.43471
728.44707
728.53482
729.06171
731.61384
741.54228
749.13137
728.4271
728.42748
728.42809
728.42869
728.42919
728.42963
728.43006
728.43048
728.43087
728.43121
728.43152
728.43179
728.43203
728.43225
728.43244
728.43259
728.43272
728.43281
728.43287
728.4329
728.4329
728.43286
728.4328
728.4327
728.43257
728.43243
728.4323
728.43222
728.43223
728.43239
728.43269
728.43306
728.4336
728.43535
728.44772
728.53544
729.06162
731.61003
741.53763
749.13368
728.42776
728.42814
728.42876
728.42936
728.42985
728.43029
728.43072
728.43114
728.43153
728.43187
728.43218
728.43245
728.43269
728.43291
728.4331
728.43325
728.43337
728.43347
728.43352
728.43355
728.43355
728.43352
728.43345
728.43336
728.43324
728.43311
728.43298
728.43291
728.43293
728.43308
728.43337
728.43373
728.43425
728.43599
728.44837
728.53606
729.0616
731.60665
741.53362
749.13633
728.42841
728.42879
728.42941
728.43001
728.43051
728.43094
728.43138
728.4318
728.43218
728.43252
728.43283
728.4331
728.43334
728.43356
728.43375
728.4339
728.43402
728.43411
728.43417
728.4342
728.4342
728.43416
728.4341
728.43402
728.4339
728.43378
728.43366
728.43359
728.43362
728.43377
728.43404
728.43439
728.43489
728.43662
728.44901
728.53669
729.06165
731.60368
741.5302
749.13932
728.42906
728.42944
728.43006
728.43066
728.43116
728.43159
728.43202
728.43244
728.43283
728.43317
728.43347
728.43375
728.43398
728.4342
728.43439
728.43454
728.43466
728.43476
728.43481
728.43484
728.43484
728.43481
728.43475
728.43467
728.43456
728.43444
728.43434
728.43427
728.4343
728.43445
728.43471
728.43504
728.43553
728.43725
728.44965
728.53731
729.06176
731.60107
741.52734
749.14263
728.42969
728.43008
728.4307
728.4313
728.4318
728.43223
728.43266
728.43308
728.43346
728.43381
728.43411
728.43438
728.43462
728.43484
728.43502
728.43517
728.4353
728.43539
728.43545
728.43548
728.43548
728.43545
728.43539
728.43531
728.43521
728.4351
728.435
728.43495
728.43498
728.43512
728.43538
728.43569
728.43616
728.43787
728.45028
728.53793
729.06194
731.59882
741.52499
749.14628
728.43032
728.43071
728.43133
728.43193
728.43243
728.43286
728.43329
728.43371
728.43409
728.43444
728.43474
728.43501
728.43525
728.43546
728.43565
728.4358
728.43592
728.43602
728.43607
728.4361
728.4361
728.43608
728.43603
728.43595
728.43586
728.43576
728.43567
728.43562
728.43565
728.43579
728.43603
728.43633
728.43678
728.43849
728.4509
728.53856
729.06216
731.59688
741.52314
749.15025
728.43094
728.43133
728.43195
728.43256
728.43305
728.43349
728.43392
728.43433
728.43472
728.43506
728.43536
728.43563
728.43587
728.43608
728.43627
728.43642
728.43654
728.43664
728.43669
728.43672
728.43673
728.4367
728.43666
728.43659
728.4365
728.4364
728.43632
728.43628
728.43632
728.43645
728.43668
728.43696
728.4374
728.4391
728.45152
728.53918
729.06244
731.59524
741.52174
749.15456
728.43155
728.43194
728.43257
728.43317
728.43367
728.4341
728.43453
728.43495
728.43533
728.43567
728.43597
728.43624
728.43648
728.43669
728.43688
728.43703
728.43715
728.43725
728.43731
728.43734
728.43734
728.43732
728.43728
728.43721
728.43713
728.43705
728.43697
728.43694
728.43698
728.43711
728.43733
728.43759
728.43802
728.4397
728.45213
728.5398
729.06277
731.59388
741.52077
749.15921
728.43216
728.43255
728.43317
728.43378
728.43428
728.43471
728.43514
728.43555
728.43594
728.43628
728.43658
728.43685
728.43708
728.4373
728.43748
728.43763
728.43776
728.43785
728.43791
728.43794
728.43795
728.43793
728.43789
728.43783
728.43776
728.43768
728.43761
728.43758
728.43763
728.43775
728.43796
728.43821
728.43862
728.4403
728.45274
728.54042
729.06313
731.59277
741.52024
749.1642
728.43275
728.43314
728.43377
728.43438
728.43488
728.43531
728.43573
728.43615
728.43653
728.43687
728.43717
728.43744
728.43768
728.43789
728.43808
728.43823
728.43835
728.43845
728.43851
728.43854
728.43855
728.43853
728.4385
728.43844
728.43837
728.4383
728.43825
728.43822
728.43827
728.43839
728.43859
728.43882
728.43922
728.44089
728.45334
728.54103
729.06354
731.5919
741.52008
749.16954
728.43334
728.43373
728.43436
728.43497
728.43547
728.4359
728.43632
728.43674
728.43712
728.43746
728.43776
728.43803
728.43826
728.43848
728.43866
728.43881
728.43894
728.43903
728.43909
728.43913
728.43914
728.43913
728.4391
728.43905
728.43898
728.43892
728.43887
728.43885
728.4389
728.43902
728.43921
728.43943
728.43981
728.44147
728.45393
728.54164
729.06398
731.59126
741.52028
749.17526
728.43392
728.43431
728.43494
728.43555
728.43605
728.43648
728.4369
728.43732
728.4377
728.43804
728.43834
728.43861
728.43884
728.43905
728.43924
728.43939
728.43951
728.43961
728.43967
728.43971
728.43973
728.43972
728.43969
728.43964
728.43959
728.43953
728.43949
728.43947
728.43952
728.43964
728.43982
728.44002
728.44039
728.44205
728.45451
728.54225
729.06446
731.59082
741.52088
749.18137
728.43448
728.43488
728.43551
728.43612
728.43662
728.43705
728.43747
728.43789
728.43827
728.43861
728.43891
728.43917
728.43941
728.43962
728.43981
728.43996
728.44008
728.44018
728.44024
728.44028
728.4403
728.44029
728.44027
728.44023
728.44018
728.44013
728.44009
728.44009
728.44013
728.44025
728.44042
728.44061
728.44097
728.44262
728.45509
728.54285
729.06497
731.59059
741.52184
749.18788
728.43504
728.43544
728.43607
728.43668
728.43718
728.43761
728.43803
728.43845
728.43883
728.43917
728.43947
728.43973
728.43997
728.44018
728.44037
728.44052
728.44064
728.44074
728.44081
728.44085
728.44087
728.44086
728.44084
728.44081
728.44077
728.44072
728.44069
728.44069
728.44074
728.44085
728.44101
728.44119
728.44154
728.44317
728.45566
728.54345
729.06551
731.59054
741.52313
749.19484
728.43559
728.43599
728.43662
728.43724
728.43773
728.43816
728.43858
728.439
728.43938
728.43972
728.44002
728.44028
728.44051
728.44073
728.44091
728.44106
728.44119
728.44129
728.44136
728.4414
728.44143
728.44143
728.44141
728.44138
728.44134
728.44131
728.44128
728.44128
728.44133
728.44144
728.44159
728.44176
728.44209
728.44373
728.45622
728.54404
729.06608
731.59066
741.52477
749.20226
728.43613
728.43653
728.43716
728.43778
728.43827
728.4387
728.43913
728.43954
728.43992
728.44026
728.44056
728.44082
728.44105
728.44127
728.44145
728.44161
728.44173
728.44183
728.4419
728.44195
728.44197
728.44198
728.44197
728.44194
728.44191
728.44188
728.44186
728.44186
728.44191
728.44202
728.44216
728.44232
728.44264
728.44427
728.45677
728.54463
729.06668
731.59097
741.52676
749.21019
728.43666
728.43706
728.43769
728.43831
728.43881
728.43923
728.43966
728.44007
728.44045
728.44079
728.44109
728.44135
728.44158
728.4418
728.44198
728.44214
728.44226
728.44237
728.44244
728.44248
728.44251
728.44252
728.44251
728.4425
728.44247
728.44244
728.44243
728.44244
728.44249
728.44258
728.44272
728.44287
728.44318
728.4448
728.45731
728.54521
729.0673
731.59144
741.52908
749.21867
728.43718
728.43758
728.43822
728.43883
728.43933
728.43976
728.44018
728.44059
728.44097
728.44131
728.44161
728.44187
728.4421
728.44232
728.4425
728.44266
728.44278
728.44289
728.44296
728.44301
728.44304
728.44305
728.44305
728.44304
728.44302
728.443
728.44299
728.443
728.44305
728.44314
728.44327
728.44341
728.44371
728.44533
728.45784
728.54579
729.06794
731.59206
741.53174
749.22776
728.43769
728.43809
728.43873
728.43935
728.43984
728.44027
728.44069
728.4411
728.44149
728.44182
728.44212
728.44238
728.44261
728.44282
728.44301
728.44317
728.4433
728.4434
728.44348
728.44353
728.44356
728.44358
728.44358
728.44357
728.44356
728.44354
728.44354
728.44355
728.4436
728.44369
728.44382
728.44394
728.44424
728.44584
728.45837
728.54636
729.06861
731.59284
741.53474
749.23753
728.43819
728.43859
728.43923
728.43985
728.44035
728.44077
728.44119
728.44161
728.44199
728.44232
728.44262
728.44288
728.44311
728.44332
728.44351
728.44367
728.4438
728.4439
728.44398
728.44404
728.44407
728.44409
728.4441
728.44409
728.44409
728.44408
728.44408
728.4441
728.44414
728.44423
728.44435
728.44447
728.44475
728.44635
728.45888
728.54693
729.06931
731.59377
741.53809
749.24805
728.43868
728.43908
728.43972
728.44034
728.44084
728.44126
728.44168
728.4421
728.44248
728.44281
728.44311
728.44337
728.4436
728.44381
728.444
728.44416
728.44429
728.4444
728.44448
728.44453
728.44457
728.4446
728.4446
728.44461
728.4446
728.4446
728.4446
728.44463
728.44468
728.44476
728.44487
728.44498
728.44525
728.44685
728.45939
728.54749
729.07002
731.59484
741.5418
749.25942
728.43916
728.43956
728.4402
728.44082
728.44132
728.44174
728.44216
728.44258
728.44296
728.44329
728.44359
728.44385
728.44408
728.44429
728.44448
728.44464
728.44477
728.44488
728.44496
728.44502
728.44507
728.44509
728.4451
728.44511
728.44511
728.44511
728.44512
728.44515
728.4452
728.44528
728.44538
728.44548
728.44575
728.44734
728.45989
728.54805
729.07076
731.59606
741.54587
749.27177
728.43963
728.44003
728.44068
728.4413
728.44179
728.44221
728.44263
728.44305
728.44343
728.44376
728.44405
728.44431
728.44455
728.44476
728.44495
728.44511
728.44524
728.44535
728.44544
728.4455
728.44555
728.44557
728.44559
728.4456
728.44561
728.44562
728.44563
728.44566
728.44571
728.44578
728.44588
728.44597
728.44623
728.44782
728.46037
728.5486
729.07152
731.59743
741.55033
749.28522
728.44009
728.44049
728.44114
728.44176
728.44225
728.44267
728.44309
728.4435
728.44389
728.44422
728.44451
728.44477
728.445
728.44522
728.44541
728.44557
728.4457
728.44581
728.4459
728.44597
728.44601
728.44605
728.44607
728.44608
728.4461
728.44611
728.44613
728.44616
728.44621
728.44628
728.44637
728.44645
728.4467
728.44828
728.46085
728.54914
729.07231
731.59895
741.55519
749.29996
728.44054
728.44094
728.44159
728.44221
728.4427
728.44312
728.44354
728.44395
728.44433
728.44467
728.44496
728.44522
728.44545
728.44566
728.44586
728.44602
728.44615
728.44627
728.44636
728.44642
728.44647
728.44651
728.44654
728.44656
728.44658
728.44659
728.44661
728.44664
728.44669
728.44676
728.44685
728.44692
728.44717
728.44874
728.46132
728.54968
729.07311
731.60062
741.56046
749.3162
728.44098
728.44138
728.44202
728.44265
728.44314
728.44356
728.44398
728.44439
728.44477
728.44511
728.44539
728.44565
728.44588
728.4461
728.44629
728.44645
728.44659
728.44671
728.4468
728.44687
728.44692
728.44696
728.44699
728.44702
728.44704
728.44706
728.44709
728.44712
728.44717
728.44724
728.44731
728.44738
728.44762
728.44919
728.46178
728.55021
729.07395
731.60244
741.56617
749.33419
728.4414
728.4418
728.44245
728.44307
728.44357
728.44399
728.4444
728.44481
728.4452
728.44553
728.44582
728.44608
728.44631
728.44652
728.44672
728.44688
728.44702
728.44714
728.44723
728.4473
728.44736
728.44741
728.44744
728.44747
728.4475
728.44752
728.44755
728.44759
728.44764
728.4477
728.44777
728.44783
728.44806
728.44963
728.46223
728.55074
729.0748
731.60442
741.57235
749.35427
728.44182
728.44222
728.44287
728.44349
728.44398
728.4444
728.44482
728.44523
728.44561
728.44594
728.44623
728.44649
728.44672
728.44693
728.44713
728.44729
728.44743
728.44755
728.44765
728.44773
728.44779
728.44784
728.44787
728.44791
728.44794
728.44797
728.448
728.44804
728.44809
728.44815
728.44822
728.44827
728.44849
728.45006
728.46267
728.55126
729.07569
731.60657
741.57902
749.37682
728.44222
728.44262
728.44327
728.4439
728.44439
728.44481
728.44522
728.44563
728.44601
728.44635
728.44663
728.44689
728.44712
728.44733
728.44753
728.4477
728.44784
728.44796
728.44806
728.44814
728.4482
728.44826
728.4483
728.44833
728.44837
728.44841
728.44844
728.44848
728.44853
728.44859
728.44865
728.4487
728.44892
728.45048
728.4631
728.55178
729.0766
731.60889
741.58621
749.40233
728.44261
728.44301
728.44366
728.44429
728.44478
728.4452
728.44561
728.44602
728.4464
728.44673
728.44702
728.44728
728.44751
728.44772
728.44792
728.44809
728.44823
728.44835
728.44846
728.44854
728.44861
728.44866
728.44871
728.44875
728.44879
728.44883
728.44887
728.44891
728.44896
728.44901
728.44907
728.44912
728.44933
728.45088
728.46352
728.55229
729.07755
731.6114
741.59396
749.43142
728.44299
728.44339
728.44404
728.44467
728.44516
728.44558
728.44599
728.4464
728.44678
728.44711
728.4474
728.44765
728.44789
728.4481
728.4483
728.44847
728.44861
728.44874
728.44884
728.44893
728.449
728.44906
728.44911
728.44915
728.4492
728.44924
728.44928
728.44933
728.44938
728.44943
728.44948
728.44952
728.44972
728.45128
728.46393
728.5528
729.07852
731.61411
741.6023
749.46483
728.44335
728.44376
728.44441
728.44504
728.44553
728.44594
728.44635
728.44676
728.44714
728.44748
728.44776
728.44802
728.44825
728.44846
728.44866
728.44883
728.44898
728.44911
728.44922
728.44931
728.44938
728.44944
728.4495
728.44955
728.4496
728.44964
728.44969
728.44973
728.44978
728.44983
728.44988
728.44991
728.45011
728.45166
728.46433
728.5533
729.07953
731.61702
741.61129
749.50349
728.44371
728.44411
728.44476
728.44539
728.44588
728.44629
728.44671
728.44711
728.44749
728.44783
728.44811
728.44837
728.4486
728.44882
728.44902
728.44919
728.44933
728.44947
728.44958
728.44967
728.44974
728.44981
728.44987
728.44993
728.44998
728.45003
728.45008
728.45012
728.45017
728.45022
728.45026
728.45029
728.45049
728.45203
728.46472
728.5538
729.08059
731.62018
741.62097
749.54856
728.44404
728.44445
728.4451
728.44573
728.44622
728.44663
728.44704
728.44745
728.44783
728.44816
728.44845
728.4487
728.44893
728.44915
728.44935
728.44953
728.44968
728.44981
728.44993
728.45002
728.4501
728.45017
728.45023
728.45029
728.45035
728.45041
728.45045
728.4505
728.45055
728.4506
728.45064
728.45066
728.45085
728.45239
728.46509
728.5543
729.08168
731.62358
741.6314
749.6015
728.44437
728.44478
728.44543
728.44605
728.44654
728.44695
728.44736
728.44777
728.44815
728.44849
728.44877
728.44902
728.44926
728.44947
728.44968
728.44985
728.45
728.45014
728.45026
728.45036
728.45044
728.45051
728.45058
728.45064
728.45071
728.45077
728.45082
728.45087
728.45092
728.45096
728.451
728.45101
728.4512
728.45274
728.46546
728.55479
729.08282
731.62726
741.64262
749.66409
728.44467
728.44508
728.44573
728.44636
728.44684
728.44726
728.44767
728.44808
728.44846
728.44879
728.44907
728.44932
728.44956
728.44978
728.44998
728.45016
728.45031
728.45045
728.45057
728.45068
728.45076
728.45084
728.45091
728.45098
728.45105
728.45111
728.45117
728.45122
728.45127
728.45131
728.45134
728.45135
728.45153
728.45307
728.46581
728.55527
729.08402
731.63124
741.6547
749.73856
728.44496
728.44537
728.44602
728.44665
728.44713
728.44754
728.44796
728.44836
728.44874
728.44908
728.44936
728.44961
728.44985
728.45007
728.45027
728.45045
728.45061
728.45075
728.45087
728.45098
728.45107
728.45115
728.45123
728.4513
728.45137
728.45144
728.4515
728.45155
728.4516
728.45164
728.45167
728.45168
728.45185
728.45339
728.46614
728.55575
729.08527
731.63555
741.66771
749.82768
728.44523
728.44564
728.44629
728.44692
728.4474
728.44781
728.44822
728.44863
728.44901
728.44934
728.44962
728.44987
728.45011
728.45033
728.45054
728.45072
728.45088
728.45102
728.45115
728.45126
728.45136
728.45144
728.45153
728.4516
728.45168
728.45175
728.45181
728.45187
728.45192
728.45196
728.45198
728.45198
728.45215
728.45369
728.46646
728.55623
729.08658
731.64024
741.68172
749.93491
728.44548
728.44589
728.44654
728.44716
728.44765
728.44806
728.44847
728.44888
728.44926
728.44959
728.44987
728.45012
728.45036
728.45058
728.45079
728.45097
728.45113
728.45128
728.45141
728.45153
728.45162
728.45172
728.45181
728.45189
728.45196
728.45204
728.45211
728.45216
728.45221
728.45225
728.45227
728.45227
728.45244
728.45397
728.46677
728.5567
729.08796
731.64534
741.6968
750.06451
728.4457
728.44611
728.44677
728.44739
728.44787
728.44828
728.44869
728.4491
728.44948
728.44981
728.45009
728.45034
728.45058
728.4508
728.45101
728.4512
728.45136
728.45151
728.45165
728.45177
728.45187
728.45197
728.45206
728.45215
728.45223
728.45231
728.45238
728.45244
728.45248
728.45252
728.45254
728.45253
728.4527
728.45423
728.46705
728.55716
729.08943
731.65091
741.71303
750.22174
728.44591
728.44632
728.44697
728.44759
728.44807
728.44848
728.44889
728.4493
728.44968
728.45001
728.45029
728.45054
728.45078
728.45101
728.45121
728.4514
728.45157
728.45172
728.45186
728.45199
728.45209
728.45219
728.45229
728.45238
728.45247
728.45255
728.45263
728.45269
728.45274
728.45277
728.45279
728.45278
728.45294
728.45447
728.46732
728.55762
729.09098
731.65701
741.73051
750.4131
728.4461
728.44651
728.44716
728.44778
728.44826
728.44867
728.44908
728.44949
728.44987
728.4502
728.45048
728.45073
728.45097
728.4512
728.45141
728.4516
728.45177
728.45192
728.45206
728.45219
728.4523
728.4524
728.45251
728.4526
728.45269
728.45278
728.45286
728.45292
728.45297
728.453
728.45301
728.453
728.45316
728.4547
728.46757
728.55808
729.09265
731.66373
741.74938
750.64657
728.44632
728.44673
728.44738
728.448
728.44848
728.44889
728.4493
728.4497
728.45008
728.45041
728.45069
728.45094
728.45118
728.45141
728.45161
728.45181
728.45198
728.45213
728.45227
728.4524
728.45251
728.45262
728.45272
728.45282
728.45291
728.453
728.45308
728.45314
728.45319
728.45323
728.45324
728.45322
728.45338
728.45492
728.46782
728.55857
729.09446
731.67117
741.76989
750.93183
728.44667
728.44709
728.44774
728.44836
728.44883
728.44924
728.44965
728.45005
728.45043
728.45075
728.45103
728.45127
728.45151
728.45174
728.45194
728.45213
728.45229
728.45244
728.45258
728.4527
728.45281
728.45291
728.45301
728.4531
728.45319
728.45327
728.45335
728.45342
728.45346
728.4535
728.45352
728.4535
728.45366
728.45521
728.46816
728.55915
729.0965
731.6795
741.79258
751.28061
728.44748
728.44789
728.44855
728.44916
728.44963
728.45003
728.45044
728.45084
728.45121
728.45153
728.45179
728.45203
728.45226
728.45247
728.45266
728.45283
728.45298
728.45311
728.45322
728.45332
728.45341
728.45348
728.45356
728.45364
728.45371
728.45378
728.45385
728.45391
728.45396
728.454
728.45403
728.45403
728.45421
728.45578
728.46878
728.56006
729.09901
731.68908
741.81865
751.70685
728.44959
728.45001
728.45066
728.45127
728.45173
728.45212
728.45252
728.4529
728.45326
728.45356
728.4538
728.45401
728.45421
728.45438
728.45453
728.45466
728.45476
728.45483
728.45488
728.45492
728.45494
728.45495
728.45496
728.45497
728.45498
728.45501
728.45505
728.45509
728.45514
728.4552
728.45527
728.45532
728.45554
728.45718
728.47029
728.56193
729.10266
731.70073
741.85086
752.22684
728.4553
728.45572
728.45637
728.45696
728.45741
728.45778
728.45814
728.45849
728.4588
728.45905
728.45924
728.45938
728.4595
728.45959
728.45963
728.45964
728.45961
728.45954
728.45943
728.45929
728.45912
728.45895
728.45877
728.45861
728.45848
728.45838
728.45833
728.45833
728.45839
728.45849
728.45865
728.45882
728.45919
728.46099
728.47432
728.56647
729.10933
731.71656
741.89533
752.85899
728.47039
728.47084
728.47148
728.47204
728.47244
728.47276
728.47305
728.47332
728.47353
728.47366
728.4737
728.47368
728.47361
728.47348
728.47327
728.47299
728.47263
728.47219
728.47168
728.47111
728.4705
728.46985
728.46922
728.46862
728.46809
728.46768
728.4674
728.46729
728.46735
728.46759
728.46797
728.46847
728.4692
728.4714
728.4852
728.5782
729.12379
731.74188
741.96516
753.62291
728.50888
728.50941
728.51003
728.51052
728.51082
728.511
728.51114
728.51122
728.5112
728.51106
728.51078
728.51038
728.50987
728.50922
728.50842
728.50747
728.50635
728.50507
728.50362
728.50204
728.50035
728.4986
728.49687
728.49523
728.49377
728.49259
728.49177
728.49138
728.49146
728.49199
728.49294
728.4942
728.49579
728.49895
728.51382
728.6084
729.15778
731.78968
742.08694
754.53709
728.60263
728.60334
728.60393
728.60425
728.60434
728.60425
728.60405
728.60372
728.6032
728.60247
728.60148
728.60026
728.5988
728.59704
728.59496
728.59254
728.58976
728.58661
728.58311
728.5793
728.57524
728.57104
728.56687
728.56289
728.55933
728.55642
728.55436
728.55333
728.55344
728.55465
728.55687
728.55982
728.56336
728.56865
728.58589
728.68361
729.2388
731.88949
742.31161
755.61377
728.81898
728.82011
728.82064
728.82064
728.8203
728.81966
728.81877
728.81759
728.81608
728.81414
728.81173
728.80885
728.80544
728.80142
728.79673
728.79133
728.78516
728.77821
728.7705
728.7621
728.75316
728.74389
728.73463
728.72579
728.71782
728.71125
728.70657
728.70419
728.70435
728.70697
728.71183
728.71834
728.72597
728.73569
728.75786
728.86186
729.42668
732.10377
742.72967
756.84828
729.28714
729.28916
729.28963
729.289
729.28786
729.28618
729.28399
729.28124
729.27785
729.27368
729.26861
729.26261
729.25557
729.24733
729.23777
729.22679
729.21428
729.20019
729.18456
729.16751
729.14932
729.13043
729.11148
729.09329
729.07684
729.06321
729.05343
729.04836
729.04855
729.05383
729.06371
729.07701
729.09246
729.11076
729.14238
729.25846
729.83965
732.55416
743.48635
758.19811
730.22195
730.2257
730.22611
730.22441
730.2219
730.21847
730.21408
730.20867
730.20214
730.1942
730.18466
730.17344
730.16033
730.14503
730.12731
730.10698
730.08385
730.05779
730.02884
729.99723
729.96342
729.92818
729.8927
729.85851
729.82742
729.80151
729.78277
729.77287
729.7729
729.78253
729.80082
729.82556
729.85433
729.8875
729.9354
730.07292
730.68094
733.44595
744.77749
759.54367
731.89267
731.89932
731.89977
731.89648
731.89197
731.88598
731.8784
731.86913
731.85805
731.8447
731.82873
731.81005
731.78827
731.7629
731.73359
731.70002
731.66184
731.61883
731.57104
731.51878
731.46276
731.40421
731.34504
731.28776
731.23539
731.19143
731.15927
731.14181
731.14088
731.15609
731.18578
731.22641
731.27408
731.32895
731.40106
731.57168
732.21886
735.041
746.77898
760.57241
734.42805
734.4388
734.43949
734.43426
734.42734
734.41828
734.40691
734.39308
734.37666
734.35701
734.33362
734.30635
734.2747
734.23795
734.19562
734.14726
734.09237
734.03062
733.96205
733.88706
733.80657
733.72229
733.63684
733.55375
733.47729
733.41253
733.36439
733.3371
733.33342
733.35304
733.39352
733.45026
733.51813
733.59765
733.69881
733.91152
734.60554
737.47053
749.42392
760.76306
737.3241
737.33937
737.34059
737.33365
737.32458
737.31286
737.29829
737.28065
737.25984
737.23513
737.20592
737.17207
737.13302
737.088
737.03643
736.97785
736.91172
736.83764
736.75567
736.66625
736.57039
736.46994
736.36788
736.26813
736.17557
736.09598
736.03511
735.99798
735.98794
736.00528
736.04724
736.10965
736.1879
736.28389
736.4088
736.66061
737.39281
740.24531
751.9022
759.15586
738.60476
738.62337
738.62541
738.61782
738.60783
738.59511
738.57958
738.56089
738.53892
738.51327
738.48336
738.449
738.40986
738.36543
738.3152
738.25884
738.19611
738.12668
738.05069
737.96861
737.88119
737.78997
737.69722
737.60598
737.52003
737.44386
737.38209
737.33887
737.31732
737.31901
737.34235
737.38637
737.45053
737.53937
737.66786
737.93568
738.67077
741.40523
751.98081
753.86363
733.97241
733.99131
733.99429
733.98776
733.97872
733.96758
733.95455
733.93891
733.9206
733.90005
733.87681
733.85063
733.82174
733.79031
733.7561
733.71916
733.67988
733.63831
733.59474
733.5496
733.50311
733.45576
733.40789
733.35982
733.31198
733.26476
733.21888
733.17537
733.13603
733.10368
733.08185
733.07461
733.0907
733.13802
733.23858
733.48135
734.16008
736.64412
745.1716
741.61271
715.97272
715.9885
715.99236
715.98831
715.98175
715.97438
715.96677
715.95753
715.94671
715.93603
715.92521
715.91379
715.90286
715.89357
715.88607
715.88085
715.87925
715.8819
715.88933
715.90196
715.9193
715.94044
715.96293
715.98317
715.99663
715.99746
715.9805
715.94176
715.88103
715.80276
715.71695
715.63616
715.58101
715.56098
715.60744
715.78474
716.33926
718.4205
723.96257
716.79297
673.13447
673.14491
673.14903
673.14761
673.14387
673.14063
673.13867
673.13589
673.13249
673.13121
673.13179
673.13355
673.13814
673.14739
673.16163
673.18159
673.20921
673.24553
673.29116
673.34652
673.41071
673.48196
673.55601
673.62669
673.68626
673.72464
673.73236
673.70251
673.63296
673.52898
673.40454
673.27743
673.17481
673.10329
673.1023
673.19869
673.57541
675.09869
677.68914
670.08012
590.8551
590.85937
590.86191
590.86187
590.86044
590.85984
590.86051
590.86078
590.86091
590.86288
590.86642
590.87101
590.87777
590.88798
590.90179
590.91962
590.94279
590.97198
591.00754
591.04973
591.09794
591.151
591.20601
591.25878
591.30409
591.33502
591.34507
591.3293
591.28639
591.21966
591.13835
591.05399
590.98418
590.92974
590.91762
590.94799
591.10267
591.80453
592.34565
587.74496
)
;

boundaryField
{
    piston
    {
        type            fixedValue;
        value           uniform 485.2;
    }
    cylinderHead
    {
        type            fixedValue;
        value           uniform 525.2;
    }
    cylinderWall
    {
        type            fixedValue;
        value           uniform 430.1;
    }
    wedgeFront
    {
        type            wedge;
    }
    wedgeBack
    {
        type            wedge;
    }
    axis
    {
        type            empty;
    }
}


// ************************************************************************* //
