/*--------------------------------*- C++ -*----------------------------------*\
  =========                 |
  \\      /  F ield         | OpenFOAM: The Open Source CFD Toolbox
   \\    /   O peration     | Website:  https://openfoam.org
    \\  /    A nd           | Version:  13
     \\/     M anipulation  |
\*---------------------------------------------------------------------------*/
FoamFile
{
    format      ascii;
    class       volScalarField;
    location    "180";
    object      p;
}
// * * * * * * * * * * * * * * * * * * * * * * * * * * * * * * * * * * * * * //

dimensions      [1 -1 -2 0 0 0 0];

internalField   nonuniform List<scalar> 
4800
(
603502.75
603502.75
603502.75
603502.75
603502.76
603502.76
603502.76
603502.76
603502.77
603502.77
603502.78
603502.79
603502.79
603502.8
603502.81
603502.82
603502.82
603502.83
603502.83
603502.83
603502.84
603502.85
603502.89
603502.96
603502.98
603502.98
603502.95
603502.85
603502.77
603502.71
603502.63
603502.6
603502.56
603502.55
603502.54
603502.54
603502.53
603502.51
603502.67
603502.81
603501.28
603501.28
603501.28
603501.28
603501.28
603501.27
603501.27
603501.27
603501.27
603501.28
603501.29
603501.3
603501.32
603501.35
603501.38
603501.42
603501.45
603501.47
603501.48
603501.49
603501.48
603501.46
603501.41
603501.38
603501.36
603501.32
603501.29
603501.34
603501.52
603501.72
603501.79
603501.86
603501.87
603501.89
603501.87
603501.86
603501.84
603501.83
603501.65
603501.66
603502.4
603502.4
603502.41
603502.41
603502.41
603502.41
603502.41
603502.41
603502.42
603502.42
603502.42
603502.42
603502.42
603502.42
603502.41
603502.4
603502.39
603502.38
603502.39
603502.4
603502.44
603502.44
603502.42
603502.37
603502.36
603502.38
603502.38
603502.33
603502.1
603501.83
603501.75
603501.69
603501.68
603501.69
603501.72
603501.78
603501.84
603501.96
603502.17
603502.17
603500.57
603500.57
603500.56
603500.56
603500.55
603500.54
603500.53
603500.53
603500.53
603500.53
603500.55
603500.57
603500.6
603500.65
603500.72
603500.81
603500.88
603500.89
603500.87
603500.81
603500.75
603500.82
603500.89
603500.94
603500.92
603500.87
603500.82
603500.9
603501.07
603501.24
603501.32
603501.35
603501.38
603501.39
603501.39
603501.39
603501.38
603501.34
603501.23
603501.22
603501.73
603501.74
603501.74
603501.74
603501.75
603501.76
603501.77
603501.77
603501.78
603501.78
603501.78
603501.77
603501.74
603501.7
603501.66
603501.6
603501.56
603501.58
603501.68
603501.77
603501.77
603501.68
603501.58
603501.53
603501.54
603501.58
603501.6
603501.51
603501.37
603501.31
603501.28
603501.26
603501.25
603501.26
603501.28
603501.31
603501.34
603501.47
603501.49
603501.51
603500.56
603500.56
603500.56
603500.56
603500.55
603500.55
603500.54
603500.54
603500.54
603500.54
603500.54
603500.56
603500.59
603500.62
603500.64
603500.65
603500.65
603500.65
603500.58
603500.5
603500.57
603500.67
603500.74
603500.76
603500.72
603500.66
603500.62
603500.71
603500.8
603500.85
603500.88
603500.91
603500.92
603500.93
603500.94
603500.94
603500.93
603500.85
603500.88
603500.91
603501.02
603501.02
603501.02
603501.03
603501.03
603501.04
603501.05
603501.06
603501.06
603501.06
603501.05
603501.04
603501.03
603501.01
603500.98
603500.97
603500.96
603500.97
603501.05
603501.08
603500.97
603500.88
603500.82
603500.8
603500.83
603500.87
603500.87
603500.84
603500.82
603500.81
603500.81
603500.82
603500.82
603500.83
603500.84
603500.86
603500.9
603500.93
603500.9
603500.88
603500.35
603500.35
603500.35
603500.35
603500.35
603500.36
603500.36
603500.36
603500.37
603500.37
603500.38
603500.38
603500.39
603500.39
603500.4
603500.4
603500.39
603500.38
603500.31
603500.36
603500.44
603500.5
603500.51
603500.51
603500.48
603500.43
603500.46
603500.47
603500.49
603500.51
603500.52
603500.53
603500.54
603500.55
603500.55
603500.55
603500.51
603500.54
603500.6
603500.6
603500.45
603500.45
603500.45
603500.45
603500.45
603500.45
603500.46
603500.46
603500.46
603500.46
603500.45
603500.45
603500.44
603500.43
603500.42
603500.41
603500.4
603500.41
603500.45
603500.4
603500.35
603500.32
603500.32
603500.32
603500.33
603500.36
603500.36
603500.36
603500.37
603500.38
603500.38
603500.39
603500.4
603500.41
603500.41
603500.44
603500.46
603500.43
603500.41
603500.41
603500.09
603500.09
603500.09
603500.09
603500.09
603500.09
603500.1
603500.1
603500.1
603500.1
603500.1
603500.1
603500.11
603500.11
603500.11
603500.11
603500.1
603500.09
603500.05
603500.11
603500.13
603500.13
603500.13
603500.13
603500.13
603500.14
603500.14
603500.14
603500.15
603500.15
603500.16
603500.17
603500.17
603500.17
603500.15
603500.15
603500.18
603500.21
603500.21
603500.21
603499.98
603499.98
603499.98
603499.98
603499.98
603499.98
603499.98
603499.98
603499.98
603499.98
603499.97
603499.97
603499.97
603499.96
603499.96
603499.95
603499.95
603499.96
603499.99
603499.95
603499.94
603499.94
603499.94
603499.94
603499.94
603499.95
603499.96
603499.96
603499.97
603499.98
603499.99
603500
603500.01
603500.03
603500.06
603500.03
603500.02
603500.02
603500.02
603500.02
603499.77
603499.77
603499.77
603499.77
603499.77
603499.77
603499.77
603499.77
603499.77
603499.77
603499.77
603499.77
603499.77
603499.77
603499.76
603499.76
603499.76
603499.76
603499.75
603499.75
603499.75
603499.75
603499.75
603499.76
603499.76
603499.77
603499.77
603499.78
603499.78
603499.79
603499.8
603499.8
603499.8
603499.8
603499.82
603499.83
603499.83
603499.83
603499.83
603499.83
603499.59
603499.59
603499.59
603499.59
603499.59
603499.59
603499.59
603499.59
603499.59
603499.59
603499.58
603499.58
603499.58
603499.58
603499.58
603499.58
603499.57
603499.57
603499.57
603499.57
603499.57
603499.57
603499.57
603499.57
603499.58
603499.58
603499.59
603499.59
603499.6
603499.61
603499.61
603499.62
603499.63
603499.63
603499.63
603499.64
603499.64
603499.64
603499.64
603499.64
603499.41
603499.41
603499.41
603499.41
603499.41
603499.41
603499.41
603499.41
603499.4
603499.4
603499.4
603499.4
603499.4
603499.4
603499.4
603499.39
603499.39
603499.39
603499.39
603499.39
603499.39
603499.39
603499.39
603499.39
603499.4
603499.4
603499.41
603499.41
603499.42
603499.42
603499.43
603499.43
603499.44
603499.44
603499.45
603499.45
603499.45
603499.45
603499.45
603499.45
603499.23
603499.23
603499.23
603499.23
603499.23
603499.23
603499.23
603499.23
603499.23
603499.22
603499.22
603499.22
603499.22
603499.22
603499.22
603499.22
603499.21
603499.21
603499.21
603499.21
603499.21
603499.21
603499.21
603499.22
603499.22
603499.23
603499.23
603499.23
603499.24
603499.24
603499.25
603499.25
603499.26
603499.26
603499.26
603499.27
603499.27
603499.27
603499.27
603499.27
603499.05
603499.05
603499.05
603499.05
603499.05
603499.05
603499.05
603499.05
603499.05
603499.05
603499.05
603499.05
603499.04
603499.04
603499.04
603499.04
603499.04
603499.04
603499.04
603499.04
603499.04
603499.04
603499.04
603499.04
603499.05
603499.05
603499.05
603499.06
603499.06
603499.06
603499.07
603499.07
603499.08
603499.08
603499.08
603499.08
603499.09
603499.09
603499.09
603499.09
603498.88
603498.88
603498.88
603498.88
603498.87
603498.87
603498.87
603498.87
603498.87
603498.87
603498.87
603498.87
603498.87
603498.87
603498.87
603498.87
603498.86
603498.86
603498.86
603498.86
603498.86
603498.87
603498.87
603498.87
603498.87
603498.87
603498.88
603498.88
603498.88
603498.89
603498.89
603498.89
603498.9
603498.9
603498.9
603498.9
603498.91
603498.91
603498.91
603498.91
603498.7
603498.7
603498.7
603498.7
603498.7
603498.7
603498.7
603498.7
603498.7
603498.7
603498.7
603498.7
603498.7
603498.7
603498.69
603498.69
603498.69
603498.69
603498.69
603498.69
603498.69
603498.69
603498.7
603498.7
603498.7
603498.7
603498.7
603498.7
603498.71
603498.71
603498.71
603498.72
603498.72
603498.72
603498.73
603498.73
603498.73
603498.73
603498.73
603498.73
603498.53
603498.53
603498.53
603498.53
603498.53
603498.53
603498.53
603498.53
603498.53
603498.53
603498.53
603498.53
603498.53
603498.53
603498.52
603498.52
603498.52
603498.52
603498.52
603498.52
603498.52
603498.52
603498.53
603498.53
603498.53
603498.53
603498.53
603498.53
603498.53
603498.54
603498.54
603498.54
603498.55
603498.55
603498.55
603498.55
603498.55
603498.55
603498.55
603498.55
603498.36
603498.36
603498.36
603498.36
603498.36
603498.36
603498.36
603498.36
603498.36
603498.36
603498.36
603498.36
603498.36
603498.36
603498.36
603498.36
603498.35
603498.35
603498.35
603498.35
603498.36
603498.36
603498.36
603498.36
603498.36
603498.36
603498.36
603498.36
603498.36
603498.37
603498.37
603498.37
603498.37
603498.37
603498.38
603498.38
603498.38
603498.38
603498.38
603498.38
603498.19
603498.19
603498.19
603498.19
603498.19
603498.19
603498.19
603498.19
603498.19
603498.19
603498.19
603498.19
603498.19
603498.19
603498.19
603498.19
603498.19
603498.19
603498.19
603498.19
603498.19
603498.19
603498.19
603498.19
603498.19
603498.19
603498.19
603498.19
603498.19
603498.2
603498.2
603498.2
603498.2
603498.2
603498.2
603498.21
603498.21
603498.21
603498.21
603498.21
603498.03
603498.03
603498.03
603498.03
603498.03
603498.03
603498.03
603498.03
603498.03
603498.03
603498.03
603498.03
603498.02
603498.02
603498.02
603498.02
603498.02
603498.02
603498.02
603498.02
603498.02
603498.02
603498.02
603498.03
603498.03
603498.03
603498.03
603498.03
603498.03
603498.03
603498.03
603498.03
603498.03
603498.03
603498.04
603498.04
603498.04
603498.04
603498.04
603498.04
603497.86
603497.86
603497.86
603497.86
603497.86
603497.86
603497.86
603497.86
603497.86
603497.86
603497.86
603497.86
603497.86
603497.86
603497.86
603497.86
603497.86
603497.86
603497.86
603497.86
603497.86
603497.86
603497.86
603497.86
603497.86
603497.86
603497.86
603497.86
603497.86
603497.86
603497.86
603497.86
603497.87
603497.87
603497.87
603497.87
603497.87
603497.87
603497.87
603497.87
603497.7
603497.7
603497.7
603497.7
603497.7
603497.7
603497.7
603497.7
603497.7
603497.7
603497.7
603497.7
603497.7
603497.7
603497.7
603497.7
603497.7
603497.7
603497.7
603497.7
603497.7
603497.7
603497.7
603497.7
603497.7
603497.7
603497.7
603497.7
603497.7
603497.7
603497.7
603497.7
603497.7
603497.7
603497.7
603497.7
603497.7
603497.7
603497.7
603497.7
603497.54
603497.54
603497.54
603497.54
603497.54
603497.54
603497.54
603497.54
603497.54
603497.54
603497.54
603497.54
603497.54
603497.54
603497.54
603497.54
603497.54
603497.54
603497.54
603497.54
603497.54
603497.54
603497.54
603497.54
603497.54
603497.54
603497.54
603497.54
603497.54
603497.54
603497.54
603497.54
603497.54
603497.54
603497.54
603497.54
603497.54
603497.54
603497.54
603497.54
603497.38
603497.38
603497.38
603497.38
603497.38
603497.38
603497.38
603497.38
603497.38
603497.38
603497.38
603497.38
603497.38
603497.38
603497.38
603497.38
603497.38
603497.38
603497.38
603497.38
603497.38
603497.38
603497.38
603497.38
603497.38
603497.38
603497.38
603497.38
603497.38
603497.38
603497.38
603497.38
603497.38
603497.38
603497.38
603497.38
603497.38
603497.38
603497.38
603497.38
603497.22
603497.22
603497.22
603497.22
603497.22
603497.22
603497.22
603497.22
603497.22
603497.22
603497.22
603497.22
603497.22
603497.22
603497.22
603497.22
603497.22
603497.22
603497.22
603497.22
603497.22
603497.22
603497.22
603497.22
603497.22
603497.22
603497.22
603497.22
603497.22
603497.22
603497.22
603497.22
603497.22
603497.22
603497.22
603497.22
603497.22
603497.22
603497.22
603497.22
603497.07
603497.07
603497.07
603497.07
603497.07
603497.07
603497.07
603497.07
603497.07
603497.07
603497.07
603497.07
603497.07
603497.07
603497.07
603497.07
603497.07
603497.07
603497.07
603497.07
603497.07
603497.07
603497.07
603497.07
603497.07
603497.07
603497.07
603497.07
603497.07
603497.07
603497.07
603497.07
603497.07
603497.07
603497.07
603497.07
603497.07
603497.07
603497.07
603497.07
603496.91
603496.91
603496.91
603496.91
603496.91
603496.91
603496.91
603496.91
603496.91
603496.91
603496.91
603496.91
603496.91
603496.91
603496.91
603496.91
603496.91
603496.91
603496.92
603496.92
603496.92
603496.92
603496.92
603496.92
603496.92
603496.92
603496.92
603496.91
603496.91
603496.91
603496.91
603496.91
603496.91
603496.91
603496.91
603496.91
603496.91
603496.91
603496.91
603496.91
603496.76
603496.76
603496.76
603496.76
603496.76
603496.76
603496.76
603496.76
603496.76
603496.76
603496.76
603496.76
603496.76
603496.76
603496.76
603496.76
603496.76
603496.76
603496.76
603496.76
603496.76
603496.76
603496.76
603496.76
603496.76
603496.76
603496.76
603496.76
603496.76
603496.76
603496.76
603496.76
603496.76
603496.76
603496.76
603496.76
603496.76
603496.76
603496.76
603496.76
603496.61
603496.61
603496.61
603496.61
603496.61
603496.61
603496.61
603496.61
603496.61
603496.61
603496.61
603496.61
603496.61
603496.61
603496.61
603496.61
603496.61
603496.61
603496.61
603496.61
603496.61
603496.61
603496.61
603496.61
603496.61
603496.61
603496.61
603496.61
603496.61
603496.61
603496.61
603496.61
603496.61
603496.61
603496.61
603496.61
603496.61
603496.61
603496.61
603496.61
603496.46
603496.46
603496.46
603496.46
603496.46
603496.46
603496.46
603496.46
603496.46
603496.46
603496.46
603496.46
603496.46
603496.46
603496.46
603496.46
603496.46
603496.46
603496.46
603496.46
603496.46
603496.47
603496.47
603496.47
603496.47
603496.47
603496.47
603496.47
603496.46
603496.46
603496.46
603496.46
603496.46
603496.46
603496.46
603496.46
603496.46
603496.46
603496.46
603496.46
603496.31
603496.31
603496.31
603496.31
603496.31
603496.31
603496.31
603496.31
603496.31
603496.31
603496.31
603496.31
603496.31
603496.31
603496.31
603496.31
603496.31
603496.32
603496.32
603496.32
603496.32
603496.32
603496.32
603496.32
603496.32
603496.32
603496.32
603496.32
603496.32
603496.32
603496.32
603496.32
603496.32
603496.31
603496.31
603496.31
603496.31
603496.31
603496.31
603496.31
603496.17
603496.17
603496.17
603496.17
603496.17
603496.17
603496.17
603496.17
603496.17
603496.17
603496.17
603496.17
603496.17
603496.17
603496.17
603496.17
603496.17
603496.17
603496.17
603496.17
603496.17
603496.17
603496.17
603496.17
603496.17
603496.17
603496.17
603496.17
603496.17
603496.17
603496.17
603496.17
603496.17
603496.17
603496.17
603496.17
603496.17
603496.17
603496.17
603496.17
603496.02
603496.02
603496.02
603496.02
603496.02
603496.02
603496.02
603496.02
603496.02
603496.02
603496.02
603496.02
603496.02
603496.02
603496.02
603496.02
603496.02
603496.03
603496.03
603496.03
603496.03
603496.03
603496.03
603496.03
603496.03
603496.03
603496.03
603496.03
603496.03
603496.03
603496.03
603496.03
603496.03
603496.03
603496.02
603496.02
603496.02
603496.02
603496.02
603496.02
603495.88
603495.88
603495.88
603495.88
603495.88
603495.88
603495.88
603495.88
603495.88
603495.88
603495.88
603495.88
603495.88
603495.88
603495.88
603495.88
603495.88
603495.88
603495.88
603495.88
603495.88
603495.88
603495.89
603495.89
603495.89
603495.89
603495.89
603495.89
603495.89
603495.89
603495.89
603495.88
603495.88
603495.88
603495.88
603495.88
603495.88
603495.88
603495.88
603495.88
603495.74
603495.74
603495.74
603495.74
603495.74
603495.74
603495.74
603495.74
603495.74
603495.74
603495.74
603495.74
603495.74
603495.74
603495.74
603495.74
603495.74
603495.74
603495.74
603495.74
603495.74
603495.74
603495.74
603495.74
603495.75
603495.75
603495.75
603495.75
603495.75
603495.74
603495.74
603495.74
603495.74
603495.74
603495.74
603495.74
603495.74
603495.74
603495.74
603495.74
603495.6
603495.6
603495.6
603495.6
603495.6
603495.6
603495.6
603495.6
603495.6
603495.6
603495.6
603495.6
603495.6
603495.6
603495.6
603495.6
603495.6
603495.6
603495.6
603495.6
603495.6
603495.6
603495.6
603495.6
603495.61
603495.61
603495.61
603495.61
603495.61
603495.6
603495.6
603495.6
603495.6
603495.6
603495.6
603495.6
603495.6
603495.6
603495.6
603495.6
603495.46
603495.46
603495.46
603495.46
603495.46
603495.46
603495.46
603495.46
603495.46
603495.46
603495.46
603495.46
603495.46
603495.46
603495.46
603495.46
603495.46
603495.46
603495.46
603495.46
603495.46
603495.46
603495.47
603495.47
603495.47
603495.47
603495.47
603495.47
603495.47
603495.47
603495.47
603495.47
603495.46
603495.46
603495.46
603495.46
603495.46
603495.46
603495.46
603495.46
603495.32
603495.32
603495.32
603495.32
603495.32
603495.32
603495.32
603495.32
603495.32
603495.32
603495.32
603495.32
603495.32
603495.32
603495.32
603495.33
603495.33
603495.33
603495.33
603495.33
603495.33
603495.33
603495.33
603495.33
603495.33
603495.33
603495.33
603495.33
603495.33
603495.33
603495.33
603495.33
603495.33
603495.33
603495.33
603495.33
603495.33
603495.33
603495.33
603495.33
603495.19
603495.19
603495.19
603495.19
603495.19
603495.19
603495.19
603495.19
603495.19
603495.19
603495.19
603495.19
603495.19
603495.19
603495.19
603495.19
603495.19
603495.19
603495.19
603495.19
603495.19
603495.19
603495.19
603495.19
603495.19
603495.19
603495.19
603495.19
603495.19
603495.19
603495.19
603495.19
603495.19
603495.19
603495.19
603495.19
603495.19
603495.19
603495.19
603495.19
603495.05
603495.05
603495.05
603495.05
603495.05
603495.05
603495.05
603495.05
603495.05
603495.05
603495.06
603495.06
603495.06
603495.06
603495.06
603495.06
603495.06
603495.06
603495.06
603495.06
603495.06
603495.06
603495.06
603495.06
603495.06
603495.06
603495.06
603495.06
603495.06
603495.06
603495.06
603495.06
603495.06
603495.06
603495.06
603495.06
603495.06
603495.06
603495.06
603495.06
603494.92
603494.92
603494.92
603494.92
603494.92
603494.92
603494.92
603494.92
603494.92
603494.92
603494.92
603494.92
603494.92
603494.92
603494.92
603494.92
603494.93
603494.93
603494.93
603494.93
603494.93
603494.93
603494.93
603494.93
603494.93
603494.93
603494.93
603494.93
603494.93
603494.93
603494.93
603494.93
603494.93
603494.93
603494.93
603494.93
603494.93
603494.93
603494.93
603494.93
603494.79
603494.79
603494.79
603494.79
603494.79
603494.79
603494.79
603494.79
603494.79
603494.79
603494.79
603494.79
603494.79
603494.79
603494.79
603494.79
603494.79
603494.8
603494.8
603494.8
603494.8
603494.8
603494.8
603494.8
603494.8
603494.8
603494.8
603494.8
603494.8
603494.8
603494.8
603494.8
603494.8
603494.8
603494.8
603494.8
603494.8
603494.8
603494.79
603494.8
603494.66
603494.66
603494.66
603494.66
603494.66
603494.66
603494.66
603494.66
603494.66
603494.66
603494.66
603494.66
603494.67
603494.67
603494.67
603494.67
603494.67
603494.67
603494.67
603494.67
603494.67
603494.67
603494.67
603494.67
603494.67
603494.67
603494.67
603494.67
603494.67
603494.67
603494.67
603494.67
603494.67
603494.67
603494.67
603494.67
603494.67
603494.67
603494.67
603494.67
603494.54
603494.54
603494.54
603494.54
603494.54
603494.54
603494.54
603494.54
603494.54
603494.54
603494.54
603494.54
603494.54
603494.54
603494.54
603494.54
603494.54
603494.54
603494.54
603494.54
603494.54
603494.54
603494.54
603494.54
603494.54
603494.54
603494.54
603494.54
603494.54
603494.54
603494.54
603494.54
603494.54
603494.54
603494.54
603494.54
603494.54
603494.54
603494.54
603494.54
603494.41
603494.41
603494.41
603494.41
603494.41
603494.41
603494.41
603494.41
603494.41
603494.41
603494.41
603494.41
603494.41
603494.41
603494.41
603494.41
603494.41
603494.41
603494.41
603494.41
603494.41
603494.41
603494.41
603494.41
603494.42
603494.42
603494.42
603494.42
603494.42
603494.42
603494.42
603494.42
603494.41
603494.41
603494.41
603494.41
603494.41
603494.41
603494.41
603494.41
603494.29
603494.29
603494.29
603494.29
603494.29
603494.29
603494.29
603494.29
603494.29
603494.29
603494.29
603494.29
603494.29
603494.29
603494.29
603494.29
603494.29
603494.29
603494.29
603494.29
603494.29
603494.29
603494.29
603494.29
603494.29
603494.29
603494.29
603494.29
603494.29
603494.29
603494.29
603494.29
603494.29
603494.29
603494.29
603494.29
603494.29
603494.29
603494.29
603494.29
603494.17
603494.17
603494.17
603494.17
603494.17
603494.17
603494.17
603494.17
603494.17
603494.17
603494.17
603494.17
603494.17
603494.17
603494.17
603494.17
603494.17
603494.17
603494.17
603494.17
603494.17
603494.17
603494.17
603494.17
603494.17
603494.17
603494.17
603494.17
603494.17
603494.17
603494.17
603494.17
603494.17
603494.17
603494.17
603494.17
603494.17
603494.17
603494.17
603494.17
603494.05
603494.05
603494.05
603494.05
603494.05
603494.05
603494.05
603494.05
603494.05
603494.05
603494.05
603494.05
603494.05
603494.05
603494.05
603494.05
603494.05
603494.05
603494.05
603494.05
603494.05
603494.05
603494.05
603494.05
603494.05
603494.05
603494.05
603494.05
603494.05
603494.05
603494.05
603494.05
603494.05
603494.05
603494.05
603494.05
603494.05
603494.05
603494.04
603494.05
603493.93
603493.93
603493.93
603493.93
603493.93
603493.93
603493.93
603493.93
603493.93
603493.93
603493.93
603493.93
603493.93
603493.93
603493.93
603493.93
603493.93
603493.93
603493.93
603493.93
603493.93
603493.93
603493.93
603493.93
603493.93
603493.93
603493.93
603493.93
603493.93
603493.93
603493.93
603493.93
603493.93
603493.93
603493.93
603493.93
603493.93
603493.93
603493.93
603493.93
603493.81
603493.81
603493.81
603493.81
603493.81
603493.81
603493.81
603493.81
603493.81
603493.81
603493.81
603493.81
603493.81
603493.81
603493.81
603493.81
603493.81
603493.81
603493.81
603493.81
603493.81
603493.81
603493.81
603493.81
603493.81
603493.81
603493.81
603493.81
603493.81
603493.81
603493.81
603493.81
603493.81
603493.81
603493.81
603493.81
603493.81
603493.81
603493.81
603493.81
603493.7
603493.7
603493.7
603493.7
603493.7
603493.7
603493.7
603493.7
603493.7
603493.7
603493.7
603493.7
603493.7
603493.7
603493.7
603493.7
603493.7
603493.7
603493.7
603493.7
603493.7
603493.7
603493.7
603493.7
603493.7
603493.7
603493.7
603493.7
603493.7
603493.69
603493.69
603493.69
603493.69
603493.69
603493.69
603493.69
603493.69
603493.69
603493.69
603493.69
603493.58
603493.58
603493.58
603493.58
603493.58
603493.58
603493.58
603493.58
603493.58
603493.58
603493.58
603493.58
603493.58
603493.58
603493.58
603493.58
603493.58
603493.58
603493.58
603493.58
603493.58
603493.58
603493.58
603493.58
603493.58
603493.58
603493.58
603493.58
603493.58
603493.58
603493.58
603493.58
603493.58
603493.58
603493.58
603493.58
603493.58
603493.58
603493.58
603493.58
603493.47
603493.47
603493.47
603493.47
603493.47
603493.47
603493.47
603493.47
603493.47
603493.47
603493.47
603493.47
603493.47
603493.47
603493.47
603493.47
603493.47
603493.47
603493.47
603493.47
603493.47
603493.47
603493.47
603493.47
603493.47
603493.47
603493.47
603493.47
603493.47
603493.47
603493.47
603493.47
603493.47
603493.47
603493.47
603493.47
603493.47
603493.47
603493.47
603493.47
603493.36
603493.36
603493.36
603493.36
603493.36
603493.36
603493.36
603493.36
603493.36
603493.36
603493.36
603493.36
603493.36
603493.36
603493.36
603493.36
603493.36
603493.36
603493.36
603493.36
603493.36
603493.36
603493.36
603493.36
603493.36
603493.36
603493.36
603493.36
603493.36
603493.36
603493.36
603493.36
603493.36
603493.36
603493.36
603493.36
603493.36
603493.35
603493.35
603493.35
603493.25
603493.25
603493.25
603493.25
603493.25
603493.25
603493.25
603493.25
603493.25
603493.25
603493.25
603493.25
603493.25
603493.25
603493.25
603493.25
603493.25
603493.25
603493.25
603493.25
603493.25
603493.25
603493.25
603493.25
603493.25
603493.25
603493.25
603493.25
603493.25
603493.25
603493.25
603493.25
603493.25
603493.25
603493.25
603493.25
603493.25
603493.25
603493.25
603493.25
603493.14
603493.14
603493.14
603493.14
603493.14
603493.14
603493.14
603493.14
603493.14
603493.14
603493.14
603493.14
603493.14
603493.14
603493.14
603493.14
603493.14
603493.14
603493.14
603493.14
603493.14
603493.14
603493.14
603493.14
603493.14
603493.14
603493.14
603493.14
603493.14
603493.14
603493.14
603493.14
603493.14
603493.14
603493.14
603493.14
603493.14
603493.14
603493.14
603493.14
603493.04
603493.04
603493.04
603493.04
603493.04
603493.04
603493.04
603493.04
603493.04
603493.04
603493.04
603493.04
603493.04
603493.04
603493.04
603493.04
603493.04
603493.04
603493.04
603493.04
603493.04
603493.04
603493.04
603493.04
603493.04
603493.04
603493.04
603493.04
603493.04
603493.04
603493.04
603493.03
603493.03
603493.03
603493.03
603493.03
603493.03
603493.03
603493.03
603493.03
603492.94
603492.94
603492.94
603492.94
603492.94
603492.93
603492.93
603492.93
603492.93
603492.93
603492.93
603492.93
603492.93
603492.93
603492.93
603492.93
603492.93
603492.93
603492.93
603492.93
603492.93
603492.93
603492.93
603492.93
603492.93
603492.93
603492.93
603492.93
603492.93
603492.93
603492.93
603492.93
603492.93
603492.93
603492.93
603492.93
603492.93
603492.93
603492.93
603492.93
603492.83
603492.83
603492.83
603492.83
603492.83
603492.83
603492.83
603492.83
603492.83
603492.83
603492.83
603492.83
603492.83
603492.83
603492.83
603492.83
603492.83
603492.83
603492.83
603492.83
603492.83
603492.83
603492.83
603492.83
603492.83
603492.83
603492.83
603492.83
603492.83
603492.83
603492.83
603492.83
603492.83
603492.83
603492.83
603492.83
603492.83
603492.83
603492.83
603492.83
603492.73
603492.73
603492.73
603492.73
603492.73
603492.73
603492.73
603492.73
603492.73
603492.73
603492.73
603492.73
603492.73
603492.73
603492.73
603492.73
603492.73
603492.73
603492.73
603492.73
603492.73
603492.73
603492.73
603492.73
603492.73
603492.73
603492.73
603492.73
603492.73
603492.73
603492.73
603492.73
603492.73
603492.73
603492.73
603492.73
603492.73
603492.73
603492.73
603492.73
603492.63
603492.63
603492.63
603492.63
603492.63
603492.63
603492.63
603492.63
603492.63
603492.63
603492.63
603492.63
603492.63
603492.63
603492.63
603492.63
603492.63
603492.63
603492.63
603492.63
603492.63
603492.63
603492.63
603492.63
603492.63
603492.63
603492.63
603492.63
603492.63
603492.63
603492.63
603492.63
603492.63
603492.63
603492.63
603492.63
603492.63
603492.63
603492.63
603492.63
603492.54
603492.54
603492.54
603492.54
603492.54
603492.54
603492.54
603492.54
603492.54
603492.54
603492.54
603492.54
603492.54
603492.54
603492.54
603492.54
603492.54
603492.54
603492.54
603492.54
603492.54
603492.54
603492.54
603492.53
603492.53
603492.53
603492.53
603492.53
603492.53
603492.53
603492.53
603492.53
603492.53
603492.53
603492.53
603492.53
603492.53
603492.53
603492.53
603492.53
603492.44
603492.44
603492.44
603492.44
603492.44
603492.44
603492.44
603492.44
603492.44
603492.44
603492.44
603492.44
603492.44
603492.44
603492.44
603492.44
603492.44
603492.44
603492.44
603492.44
603492.44
603492.44
603492.44
603492.44
603492.44
603492.44
603492.44
603492.44
603492.44
603492.44
603492.44
603492.44
603492.44
603492.44
603492.44
603492.43
603492.43
603492.43
603492.43
603492.43
603492.35
603492.35
603492.35
603492.35
603492.35
603492.35
603492.35
603492.35
603492.35
603492.35
603492.35
603492.35
603492.35
603492.35
603492.35
603492.35
603492.35
603492.35
603492.35
603492.35
603492.35
603492.35
603492.35
603492.35
603492.35
603492.35
603492.34
603492.34
603492.34
603492.34
603492.34
603492.34
603492.34
603492.34
603492.34
603492.34
603492.34
603492.34
603492.34
603492.34
603492.26
603492.26
603492.26
603492.26
603492.26
603492.26
603492.26
603492.26
603492.26
603492.26
603492.26
603492.26
603492.26
603492.26
603492.26
603492.26
603492.26
603492.26
603492.26
603492.25
603492.25
603492.25
603492.25
603492.25
603492.25
603492.25
603492.25
603492.25
603492.25
603492.25
603492.25
603492.25
603492.25
603492.25
603492.25
603492.25
603492.25
603492.25
603492.25
603492.25
603492.17
603492.17
603492.17
603492.17
603492.17
603492.17
603492.17
603492.17
603492.17
603492.17
603492.17
603492.17
603492.17
603492.17
603492.17
603492.17
603492.17
603492.17
603492.16
603492.16
603492.16
603492.16
603492.16
603492.16
603492.16
603492.16
603492.16
603492.16
603492.16
603492.16
603492.16
603492.16
603492.16
603492.16
603492.16
603492.16
603492.16
603492.16
603492.16
603492.16
603492.08
603492.08
603492.08
603492.08
603492.08
603492.08
603492.08
603492.08
603492.08
603492.08
603492.08
603492.08
603492.08
603492.08
603492.08
603492.08
603492.08
603492.08
603492.08
603492.08
603492.08
603492.08
603492.08
603492.08
603492.07
603492.07
603492.07
603492.07
603492.07
603492.07
603492.07
603492.07
603492.07
603492.07
603492.07
603492.07
603492.07
603492.07
603492.07
603492.07
603491.99
603491.99
603491.99
603491.99
603491.99
603491.99
603491.99
603491.99
603491.99
603491.99
603491.99
603491.99
603491.99
603491.99
603491.99
603491.99
603491.99
603491.99
603491.99
603491.99
603491.99
603491.99
603491.99
603491.99
603491.99
603491.99
603491.99
603491.99
603491.99
603491.99
603491.99
603491.99
603491.98
603491.98
603491.98
603491.98
603491.98
603491.98
603491.98
603491.98
603491.91
603491.91
603491.91
603491.91
603491.91
603491.91
603491.91
603491.91
603491.91
603491.91
603491.91
603491.91
603491.91
603491.91
603491.91
603491.91
603491.91
603491.9
603491.9
603491.9
603491.9
603491.9
603491.9
603491.9
603491.9
603491.9
603491.9
603491.9
603491.9
603491.9
603491.9
603491.9
603491.9
603491.9
603491.9
603491.9
603491.9
603491.9
603491.9
603491.9
603491.82
603491.82
603491.82
603491.82
603491.82
603491.82
603491.82
603491.82
603491.82
603491.82
603491.82
603491.82
603491.82
603491.82
603491.82
603491.82
603491.82
603491.82
603491.82
603491.82
603491.82
603491.82
603491.82
603491.82
603491.82
603491.82
603491.82
603491.82
603491.82
603491.82
603491.82
603491.82
603491.82
603491.82
603491.82
603491.81
603491.81
603491.81
603491.81
603491.81
603491.74
603491.74
603491.74
603491.74
603491.74
603491.74
603491.74
603491.74
603491.74
603491.74
603491.74
603491.74
603491.74
603491.74
603491.74
603491.74
603491.74
603491.74
603491.74
603491.74
603491.74
603491.74
603491.74
603491.74
603491.74
603491.74
603491.74
603491.74
603491.74
603491.74
603491.74
603491.73
603491.73
603491.73
603491.73
603491.73
603491.73
603491.73
603491.73
603491.73
603491.66
603491.66
603491.66
603491.66
603491.66
603491.66
603491.66
603491.66
603491.66
603491.66
603491.66
603491.66
603491.66
603491.66
603491.66
603491.66
603491.66
603491.66
603491.66
603491.66
603491.66
603491.66
603491.66
603491.66
603491.66
603491.66
603491.66
603491.66
603491.66
603491.66
603491.66
603491.65
603491.65
603491.65
603491.65
603491.65
603491.65
603491.65
603491.65
603491.65
603491.58
603491.58
603491.58
603491.58
603491.58
603491.58
603491.58
603491.58
603491.58
603491.58
603491.58
603491.58
603491.58
603491.58
603491.58
603491.58
603491.58
603491.58
603491.58
603491.58
603491.58
603491.58
603491.58
603491.58
603491.58
603491.58
603491.58
603491.58
603491.58
603491.58
603491.58
603491.58
603491.58
603491.58
603491.57
603491.57
603491.57
603491.57
603491.57
603491.57
603491.51
603491.51
603491.51
603491.51
603491.51
603491.51
603491.51
603491.51
603491.51
603491.51
603491.51
603491.51
603491.51
603491.51
603491.51
603491.51
603491.51
603491.5
603491.5
603491.5
603491.5
603491.5
603491.5
603491.5
603491.5
603491.5
603491.5
603491.5
603491.5
603491.5
603491.5
603491.5
603491.5
603491.5
603491.5
603491.5
603491.5
603491.5
603491.5
603491.5
603491.43
603491.43
603491.43
603491.43
603491.43
603491.43
603491.43
603491.43
603491.43
603491.43
603491.43
603491.43
603491.43
603491.43
603491.43
603491.43
603491.43
603491.43
603491.43
603491.43
603491.43
603491.43
603491.43
603491.43
603491.43
603491.43
603491.43
603491.43
603491.43
603491.43
603491.43
603491.42
603491.42
603491.42
603491.42
603491.42
603491.42
603491.42
603491.42
603491.42
603491.36
603491.36
603491.36
603491.36
603491.36
603491.36
603491.36
603491.36
603491.36
603491.36
603491.36
603491.36
603491.36
603491.36
603491.36
603491.36
603491.36
603491.36
603491.36
603491.36
603491.36
603491.36
603491.36
603491.36
603491.35
603491.35
603491.35
603491.35
603491.35
603491.35
603491.35
603491.35
603491.35
603491.35
603491.35
603491.35
603491.35
603491.35
603491.35
603491.35
603491.29
603491.29
603491.29
603491.29
603491.29
603491.29
603491.29
603491.29
603491.29
603491.29
603491.29
603491.29
603491.29
603491.29
603491.29
603491.29
603491.29
603491.29
603491.29
603491.28
603491.28
603491.28
603491.28
603491.28
603491.28
603491.28
603491.28
603491.28
603491.28
603491.28
603491.28
603491.28
603491.28
603491.28
603491.28
603491.28
603491.28
603491.28
603491.28
603491.28
603491.22
603491.22
603491.22
603491.22
603491.22
603491.22
603491.22
603491.22
603491.22
603491.22
603491.22
603491.22
603491.22
603491.22
603491.22
603491.22
603491.22
603491.22
603491.22
603491.22
603491.21
603491.21
603491.21
603491.21
603491.21
603491.21
603491.21
603491.21
603491.21
603491.21
603491.21
603491.21
603491.21
603491.21
603491.21
603491.21
603491.21
603491.21
603491.21
603491.21
603491.15
603491.15
603491.15
603491.15
603491.15
603491.15
603491.15
603491.15
603491.15
603491.15
603491.15
603491.15
603491.15
603491.15
603491.15
603491.15
603491.15
603491.15
603491.15
603491.15
603491.15
603491.15
603491.15
603491.15
603491.15
603491.14
603491.14
603491.14
603491.14
603491.14
603491.14
603491.14
603491.14
603491.14
603491.14
603491.14
603491.14
603491.14
603491.14
603491.14
603491.08
603491.08
603491.08
603491.08
603491.08
603491.08
603491.08
603491.08
603491.08
603491.08
603491.08
603491.08
603491.08
603491.08
603491.08
603491.08
603491.08
603491.08
603491.08
603491.08
603491.08
603491.08
603491.08
603491.08
603491.08
603491.08
603491.08
603491.08
603491.08
603491.08
603491.08
603491.08
603491.08
603491.07
603491.07
603491.07
603491.07
603491.07
603491.07
603491.07
603491.02
603491.02
603491.02
603491.02
603491.02
603491.02
603491.02
603491.02
603491.02
603491.02
603491.02
603491.02
603491.02
603491.02
603491.02
603491.02
603491.02
603491.02
603491.02
603491.02
603491.02
603491.02
603491.02
603491.01
603491.01
603491.01
603491.01
603491.01
603491.01
603491.01
603491.01
603491.01
603491.01
603491.01
603491.01
603491.01
603491.01
603491.01
603491.01
603491.01
603490.96
603490.96
603490.96
603490.96
603490.96
603490.96
603490.96
603490.96
603490.96
603490.96
603490.96
603490.96
603490.95
603490.95
603490.95
603490.95
603490.95
603490.95
603490.95
603490.95
603490.95
603490.95
603490.95
603490.95
603490.95
603490.95
603490.95
603490.95
603490.95
603490.95
603490.95
603490.95
603490.95
603490.95
603490.95
603490.95
603490.95
603490.94
603490.94
603490.94
603490.89
603490.89
603490.89
603490.89
603490.89
603490.89
603490.89
603490.89
603490.89
603490.89
603490.89
603490.89
603490.89
603490.89
603490.89
603490.89
603490.89
603490.89
603490.89
603490.89
603490.89
603490.89
603490.89
603490.89
603490.89
603490.89
603490.89
603490.89
603490.89
603490.89
603490.89
603490.89
603490.89
603490.89
603490.89
603490.88
603490.88
603490.88
603490.88
603490.88
603490.84
603490.84
603490.84
603490.84
603490.84
603490.84
603490.84
603490.84
603490.83
603490.83
603490.83
603490.83
603490.83
603490.83
603490.83
603490.83
603490.83
603490.83
603490.83
603490.83
603490.83
603490.83
603490.83
603490.83
603490.83
603490.83
603490.83
603490.83
603490.83
603490.83
603490.83
603490.83
603490.83
603490.83
603490.83
603490.83
603490.82
603490.82
603490.82
603490.82
603490.78
603490.78
603490.78
603490.78
603490.78
603490.78
603490.78
603490.78
603490.78
603490.78
603490.78
603490.78
603490.78
603490.78
603490.78
603490.78
603490.78
603490.78
603490.77
603490.77
603490.77
603490.77
603490.77
603490.77
603490.77
603490.77
603490.77
603490.77
603490.77
603490.77
603490.77
603490.77
603490.77
603490.77
603490.77
603490.77
603490.77
603490.77
603490.77
603490.77
603490.72
603490.72
603490.72
603490.72
603490.72
603490.72
603490.72
603490.72
603490.72
603490.72
603490.72
603490.72
603490.72
603490.72
603490.72
603490.72
603490.72
603490.72
603490.72
603490.72
603490.72
603490.72
603490.72
603490.72
603490.72
603490.72
603490.72
603490.72
603490.71
603490.71
603490.71
603490.71
603490.71
603490.71
603490.71
603490.71
603490.71
603490.71
603490.71
603490.71
603490.67
603490.67
603490.67
603490.67
603490.67
603490.67
603490.67
603490.67
603490.67
603490.67
603490.67
603490.67
603490.67
603490.67
603490.67
603490.67
603490.66
603490.66
603490.66
603490.66
603490.66
603490.66
603490.66
603490.66
603490.66
603490.66
603490.66
603490.66
603490.66
603490.66
603490.66
603490.66
603490.66
603490.66
603490.66
603490.66
603490.66
603490.66
603490.65
603490.66
603490.61
603490.61
603490.61
603490.61
603490.61
603490.61
603490.61
603490.61
603490.61
603490.61
603490.61
603490.61
603490.61
603490.61
603490.61
603490.61
603490.61
603490.61
603490.61
603490.61
603490.61
603490.61
603490.61
603490.61
603490.61
603490.61
603490.61
603490.61
603490.61
603490.61
603490.61
603490.61
603490.61
603490.61
603490.6
603490.6
603490.6
603490.6
603490.6
603490.6
603490.56
603490.56
603490.56
603490.56
603490.56
603490.56
603490.56
603490.56
603490.56
603490.56
603490.56
603490.56
603490.56
603490.56
603490.56
603490.56
603490.56
603490.56
603490.56
603490.56
603490.56
603490.56
603490.56
603490.56
603490.56
603490.56
603490.56
603490.56
603490.56
603490.56
603490.56
603490.56
603490.55
603490.55
603490.55
603490.55
603490.55
603490.55
603490.55
603490.55
603490.51
603490.51
603490.51
603490.51
603490.51
603490.51
603490.51
603490.51
603490.51
603490.51
603490.51
603490.51
603490.51
603490.51
603490.51
603490.51
603490.51
603490.51
603490.51
603490.51
603490.51
603490.51
603490.51
603490.51
603490.51
603490.51
603490.51
603490.51
603490.51
603490.51
603490.51
603490.51
603490.51
603490.5
603490.5
603490.5
603490.5
603490.5
603490.5
603490.5
603490.47
603490.47
603490.47
603490.47
603490.47
603490.47
603490.47
603490.47
603490.47
603490.47
603490.47
603490.47
603490.47
603490.47
603490.46
603490.46
603490.46
603490.46
603490.46
603490.46
603490.46
603490.46
603490.46
603490.46
603490.46
603490.46
603490.46
603490.46
603490.46
603490.46
603490.46
603490.46
603490.46
603490.46
603490.46
603490.46
603490.46
603490.45
603490.45
603490.45
603490.42
603490.42
603490.42
603490.42
603490.42
603490.42
603490.42
603490.42
603490.42
603490.42
603490.42
603490.42
603490.42
603490.42
603490.42
603490.42
603490.42
603490.42
603490.42
603490.42
603490.42
603490.42
603490.42
603490.42
603490.42
603490.42
603490.41
603490.41
603490.41
603490.41
603490.41
603490.41
603490.41
603490.41
603490.41
603490.41
603490.41
603490.41
603490.41
603490.41
603490.38
603490.38
603490.38
603490.38
603490.38
603490.38
603490.38
603490.38
603490.38
603490.38
603490.38
603490.38
603490.38
603490.38
603490.37
603490.37
603490.37
603490.37
603490.37
603490.37
603490.37
603490.37
603490.37
603490.37
603490.37
603490.37
603490.37
603490.37
603490.37
603490.37
603490.37
603490.37
603490.37
603490.37
603490.37
603490.37
603490.37
603490.36
603490.36
603490.36
603490.33
603490.33
603490.33
603490.33
603490.33
603490.33
603490.33
603490.33
603490.33
603490.33
603490.33
603490.33
603490.33
603490.33
603490.33
603490.33
603490.33
603490.33
603490.33
603490.33
603490.33
603490.33
603490.33
603490.33
603490.33
603490.33
603490.33
603490.33
603490.33
603490.33
603490.33
603490.33
603490.33
603490.32
603490.32
603490.32
603490.32
603490.32
603490.32
603490.32
603490.29
603490.29
603490.29
603490.29
603490.29
603490.29
603490.29
603490.29
603490.29
603490.29
603490.29
603490.29
603490.29
603490.29
603490.29
603490.29
603490.29
603490.29
603490.29
603490.29
603490.29
603490.29
603490.29
603490.29
603490.29
603490.29
603490.29
603490.29
603490.29
603490.29
603490.29
603490.28
603490.28
603490.28
603490.28
603490.28
603490.28
603490.28
603490.28
603490.28
603490.25
603490.25
603490.25
603490.25
603490.25
603490.25
603490.25
603490.25
603490.25
603490.25
603490.25
603490.25
603490.25
603490.25
603490.25
603490.25
603490.25
603490.25
603490.25
603490.25
603490.25
603490.25
603490.25
603490.25
603490.25
603490.25
603490.25
603490.25
603490.25
603490.25
603490.25
603490.25
603490.25
603490.24
603490.24
603490.24
603490.24
603490.24
603490.24
603490.24
603490.22
603490.22
603490.22
603490.22
603490.22
603490.22
603490.22
603490.22
603490.22
603490.22
603490.22
603490.22
603490.22
603490.22
603490.22
603490.22
603490.21
603490.21
603490.21
603490.21
603490.21
603490.21
603490.21
603490.21
603490.21
603490.21
603490.21
603490.21
603490.21
603490.21
603490.21
603490.21
603490.21
603490.21
603490.21
603490.21
603490.21
603490.2
603490.2
603490.2
603490.18
603490.18
603490.18
603490.18
603490.18
603490.18
603490.18
603490.18
603490.18
603490.18
603490.18
603490.18
603490.18
603490.18
603490.18
603490.18
603490.18
603490.18
603490.18
603490.18
603490.18
603490.18
603490.18
603490.18
603490.18
603490.18
603490.18
603490.17
603490.17
603490.17
603490.17
603490.17
603490.17
603490.17
603490.17
603490.17
603490.17
603490.17
603490.17
603490.17
603490.15
603490.15
603490.15
603490.15
603490.15
603490.15
603490.15
603490.15
603490.15
603490.15
603490.15
603490.15
603490.15
603490.15
603490.15
603490.15
603490.15
603490.14
603490.14
603490.14
603490.14
603490.14
603490.14
603490.14
603490.14
603490.14
603490.14
603490.14
603490.14
603490.14
603490.14
603490.14
603490.14
603490.14
603490.14
603490.14
603490.14
603490.14
603490.13
603490.13
603490.12
603490.12
603490.12
603490.12
603490.12
603490.12
603490.12
603490.11
603490.11
603490.11
603490.11
603490.11
603490.11
603490.11
603490.11
603490.11
603490.11
603490.11
603490.11
603490.11
603490.11
603490.11
603490.11
603490.11
603490.11
603490.11
603490.11
603490.11
603490.11
603490.11
603490.11
603490.11
603490.11
603490.11
603490.1
603490.1
603490.1
603490.1
603490.1
603490.1
603490.08
603490.08
603490.08
603490.08
603490.08
603490.08
603490.08
603490.08
603490.08
603490.08
603490.08
603490.08
603490.08
603490.08
603490.08
603490.08
603490.08
603490.08
603490.08
603490.08
603490.08
603490.08
603490.08
603490.08
603490.08
603490.08
603490.08
603490.08
603490.08
603490.08
603490.08
603490.08
603490.08
603490.07
603490.07
603490.07
603490.07
603490.07
603490.07
603490.07
603490.06
603490.06
603490.06
603490.06
603490.06
603490.06
603490.06
603490.06
603490.06
603490.06
603490.06
603490.05
603490.05
603490.05
603490.05
603490.05
603490.05
603490.05
603490.05
603490.05
603490.05
603490.05
603490.05
603490.05
603490.05
603490.05
603490.05
603490.05
603490.05
603490.05
603490.05
603490.05
603490.05
603490.05
603490.05
603490.04
603490.04
603490.04
603490.04
603490.04
603490.03
603490.03
603490.03
603490.03
603490.03
603490.03
603490.03
603490.03
603490.03
603490.03
603490.03
603490.03
603490.03
603490.03
603490.03
603490.03
603490.03
603490.03
603490.03
603490.03
603490.03
603490.02
603490.02
603490.02
603490.02
603490.02
603490.02
603490.02
603490.02
603490.02
603490.02
603490.02
603490.02
603490.02
603490.02
603490.02
603490.02
603490.02
603490.02
603490.02
603490
603490
603490
603490
603490
603490
603490
603490
603490
603490
603490
603490
603490
603490
603490
603490
603490
603490
603490
603490
603490
603490
603490
603490
603490
603490
603490
603490
603490
603490
603490
603489.99
603489.99
603489.99
603489.99
603489.99
603489.99
603489.99
603489.99
603489.99
603489.98
603489.98
603489.98
603489.98
603489.98
603489.98
603489.98
603489.98
603489.98
603489.98
603489.98
603489.98
603489.98
603489.98
603489.98
603489.98
603489.98
603489.98
603489.98
603489.98
603489.98
603489.98
603489.98
603489.97
603489.97
603489.97
603489.97
603489.97
603489.97
603489.97
603489.97
603489.97
603489.97
603489.97
603489.97
603489.97
603489.97
603489.97
603489.97
603489.97
603489.96
603489.96
603489.96
603489.96
603489.96
603489.96
603489.96
603489.96
603489.96
603489.96
603489.96
603489.96
603489.96
603489.96
603489.96
603489.96
603489.96
603489.96
603489.95
603489.95
603489.95
603489.95
603489.95
603489.95
603489.95
603489.95
603489.95
603489.95
603489.95
603489.95
603489.95
603489.95
603489.95
603489.95
603489.95
603489.95
603489.95
603489.95
603489.94
603489.94
603489.94
603489.94
603489.94
603489.94
603489.94
603489.94
603489.94
603489.94
603489.94
603489.94
603489.94
603489.94
603489.94
603489.94
603489.94
603489.94
603489.94
603489.93
603489.93
603489.93
603489.93
603489.93
603489.93
603489.93
603489.93
603489.93
603489.93
603489.93
603489.93
603489.93
603489.93
603489.93
603489.93
603489.93
603489.93
603489.93
603489.93
603489.92
603489.92
603489.92
603489.92
603489.92
603489.92
603489.92
603489.92
603489.92
603489.92
603489.92
603489.92
603489.92
603489.92
603489.92
603489.92
603489.92
603489.92
603489.92
603489.92
603489.92
603489.92
603489.92
603489.92
603489.91
603489.91
603489.91
603489.91
603489.91
603489.91
603489.91
603489.91
603489.91
603489.91
603489.91
603489.91
603489.91
603489.91
603489.91
603489.91
603489.91
603489.91
603489.91
603489.9
603489.9
603489.9
603489.9
603489.9
603489.9
603489.9
603489.9
603489.9
603489.9
603489.9
603489.9
603489.9
603489.9
603489.9
603489.9
603489.9
603489.9
603489.9
603489.9
603489.9
603489.9
603489.9
603489.9
603489.9
603489.9
603489.9
603489.89
603489.89
603489.89
603489.89
603489.89
603489.89
603489.89
603489.89
603489.89
603489.89
603489.89
603489.89
603489.89
603489.89
603489.89
603489.89
603489.89
603489.89
603489.89
603489.89
603489.89
603489.89
603489.89
603489.89
603489.89
603489.89
603489.88
603489.88
603489.88
603489.88
603489.88
603489.88
603489.88
603489.88
603489.88
603489.88
603489.88
603489.88
603489.88
603489.88
603489.88
603489.88
603489.88
603489.88
603489.88
603489.88
603489.88
603489.88
603489.87
603489.87
603489.87
603489.87
603489.87
603489.87
603489.87
603489.87
603489.87
603489.87
603489.87
603489.87
603489.87
603489.87
603489.87
603489.87
603489.87
603489.87
603489.87
603489.87
603489.87
603489.87
603489.87
603489.87
603489.87
603489.87
603489.87
603489.87
603489.87
603489.87
603489.87
603489.87
603489.87
603489.87
603489.86
603489.86
603489.86
603489.86
603489.86
603489.86
603489.86
603489.86
603489.86
603489.86
603489.86
603489.86
603489.86
603489.86
603489.86
603489.86
603489.86
603489.86
603489.86
603489.86
603489.86
603489.86
603489.86
603489.86
603489.86
603489.86
603489.86
603489.86
603489.86
603489.86
603489.86
603489.86
603489.86
603489.86
603489.86
603489.86
603489.85
603489.85
603489.85
603489.85
603489.85
603489.85
603489.85
603489.85
603489.85
603489.85
603489.85
603489.85
603489.85
603489.85
603489.85
603489.85
603489.85
603489.85
603489.85
603489.85
603489.85
603489.85
603489.85
603489.85
603489.85
603489.85
603489.85
603489.85
603489.85
603489.85
603489.85
603489.85
603489.85
603489.85
603489.85
603489.85
603489.85
603489.85
603489.85
603489.84
603489.84
603489.84
603489.84
603489.84
603489.84
603489.84
603489.84
603489.84
603489.84
603489.84
603489.84
603489.84
603489.84
603489.84
603489.84
603489.84
603489.84
603489.84
603489.84
603489.84
603489.84
603489.84
603489.84
603489.84
603489.84
603489.84
603489.84
603489.84
603489.84
603489.84
603489.84
603489.84
603489.84
603489.84
603489.84
603489.84
603489.84
603489.84
603489.84
603489.84
603489.84
603489.83
603489.83
603489.83
603489.83
603489.83
603489.83
603489.83
603489.83
603489.83
603489.83
603489.83
603489.83
603489.83
603489.83
603489.83
603489.83
603489.83
603489.83
603489.83
603489.83
603489.83
603489.83
603489.83
603489.83
603489.83
603489.83
603489.83
603489.83
603489.83
603489.83
603489.83
603489.83
603489.83
603489.83
603489.83
603489.83
603489.83
603489.83
603489.83
603489.83
603489.83
603489.83
603489.83
603489.83
603489.83
603489.82
603489.82
603489.82
603489.82
603489.82
603489.82
603489.82
603489.82
603489.82
603489.83
603489.83
603489.83
603489.83
603489.83
603489.83
603489.83
603489.83
603489.83
603489.83
603489.83
603489.83
603489.83
603489.83
603489.83
603489.83
603489.83
603489.83
603489.83
603489.82
603489.82
603489.82
603489.82
603489.82
603489.82
603489.82
603489.82
603489.82
603489.82
603489.82
603489.82
603489.82
603489.82
603489.82
603489.82
603489.82
603489.82
603489.81
603489.81
603489.81
603489.82
603489.82
603489.82
603489.82
603489.82
603489.82
603489.82
603489.82
603489.82
603489.82
603489.82
603489.82
603489.82
603489.82
603489.82
603489.82
603489.82
603489.82
603489.82
603489.82
603489.82
603489.82
603489.82
603489.82
603489.82
603489.82
603489.82
603489.82
603489.82
603489.82
603489.82
603489.81
603489.81
603489.81
603489.81
603489.81
603489.81
603489.81
603489.81
603489.81
603489.82
603489.82
603489.82
603489.82
603489.82
603489.82
603489.82
603489.82
603489.82
603489.82
603489.82
603489.82
603489.82
603489.82
603489.82
603489.82
603489.82
603489.82
603489.82
603489.82
603489.82
603489.82
603489.81
603489.81
603489.81
603489.81
603489.81
603489.81
603489.81
603489.81
603489.81
603489.81
603489.81
603489.81
603489.81
603489.81
603489.8
603489.8
603489.8
603489.8
)
;

boundaryField
{
    piston
    {
        type            zeroGradient;
    }
    cylinderHead
    {
        type            zeroGradient;
    }
    cylinderWall
    {
        type            zeroGradient;
    }
    wedgeFront
    {
        type            wedge;
    }
    wedgeBack
    {
        type            wedge;
    }
    axis
    {
        type            empty;
    }
}


// ************************************************************************* //
