/*--------------------------------*- C++ -*----------------------------------*\
  =========                 |
  \\      /  F ield         | OpenFOAM: The Open Source CFD Toolbox
   \\    /   O peration     | Website:  https://openfoam.org
    \\  /    A nd           | Version:  13
     \\/     M anipulation  |
\*---------------------------------------------------------------------------*/
FoamFile
{
    format      ascii;
    class       volScalarField;
    location    "180";
    object      rho;
}
// * * * * * * * * * * * * * * * * * * * * * * * * * * * * * * * * * * * * * //

dimensions      [1 -3 0 0 0 0 0];

internalField   nonuniform List<scalar> 
4800
(
2.4464934
2.4463778
2.4465905
2.4469437
2.4474887
2.448184
2.4489839
2.4497511
2.4503936
2.4509037
2.4511736
2.4510879
2.4503
2.4484636
2.4466188
2.4453518
2.4434893
2.4378112
2.4255725
2.4109164
2.4044256
2.4030908
2.3876518
2.377881
2.3964556
2.4269342
2.4578311
2.4779104
2.4705803
2.4276746
2.3667322
2.3067604
2.2493704
2.1935342
2.1329525
2.075821
2.018641
2.0013506
2.0828884
2.51358
1.9202988
1.9197869
1.9199206
1.9204388
1.9210909
1.9218016
1.9225471
1.9233264
1.9240873
1.9247282
1.9251896
1.9253452
1.9248011
1.9224034
1.9199127
1.9184437
1.9167897
1.914233
1.9105575
1.9080129
1.9046516
1.8937929
1.8682501
1.8551223
1.8659184
1.890062
1.920167
1.9467408
1.9456393
1.8988801
1.8361376
1.7783469
1.7224797
1.6733823
1.6229914
1.5878246
1.5624541
1.5788609
1.661838
2.1036508
1.6414749
1.6400737
1.640184
1.640996
1.6415258
1.6416222
1.6414773
1.6415394
1.6417889
1.6417648
1.6413225
1.6400324
1.637895
1.636335
1.6346493
1.6340385
1.6384166
1.6471851
1.6527766
1.6534938
1.6467168
1.6332698
1.6261749
1.6266041
1.6345404
1.6484212
1.6635452
1.6671589
1.6499762
1.6119457
1.5570009
1.504675
1.4553467
1.416078
1.3807533
1.36055
1.346269
1.366761
1.4676419
1.9478595
1.4605304
1.459814
1.4598234
1.4602915
1.4606914
1.4608872
1.4609595
1.4611074
1.4612847
1.4612373
1.4608344
1.4598908
1.4585441
1.4575689
1.4574848
1.4594519
1.4650616
1.4737863
1.4816127
1.485611
1.4840921
1.4847132
1.4876436
1.4891107
1.4890647
1.4887286
1.4860583
1.4734704
1.4459536
1.4101858
1.3654048
1.3245006
1.287345
1.2593551
1.2366703
1.2266484
1.227827
1.2665339
1.3973705
1.8749526
1.3376312
1.3371659
1.3371311
1.3374421
1.3378445
1.3382238
1.338586
1.3389824
1.3393679
1.339612
1.3396289
1.3393879
1.3390933
1.3393223
1.3408938
1.3447302
1.3514239
1.3604923
1.3699758
1.3771487
1.3836532
1.3926468
1.3978087
1.3947182
1.3848655
1.3704074
1.3524566
1.3284747
1.3043379
1.274415
1.2416295
1.2124286
1.1869019
1.1681527
1.154606
1.1506914
1.1595762
1.2020591
1.3391307
1.8212609
1.2521268
1.2518386
1.2518107
1.2520921
1.2525464
1.2530847
1.2536811
1.2543359
1.2550123
1.2556431
1.2561844
1.2566456
1.2571988
1.2582928
1.2606302
1.2650673
1.2722605
1.2821549
1.2936483
1.3050417
1.3182608
1.3292493
1.3310162
1.3205824
1.3010267
1.2781945
1.2546187
1.2312186
1.2083853
1.1844951
1.1610326
1.1410918
1.1248022
1.1135206
1.1073852
1.109354
1.1260123
1.1776793
1.3209388
1.7930759
1.1924241
1.1922132
1.1922033
1.1924792
1.1929654
1.1935934
1.1943279
1.1951518
1.1960391
1.1969572
1.1978876
1.1988496
1.1999758
1.2016143
1.2043876
1.2091457
1.2167029
1.2274221
1.2408081
1.2557939
1.2718064
1.2811043
1.2773669
1.2599872
1.2349684
1.2085063
1.1831237
1.1630255
1.1440034
1.1262411
1.1105828
1.098219
1.089083
1.0837112
1.0823848
1.087926
1.1074281
1.1616423
1.3043273
1.7671535
1.1507745
1.1506341
1.1506503
1.1509199
1.1514037
1.1520515
1.15283
1.1537193
1.154703
1.1557656
1.1568982
1.1581143
1.1595095
1.1613707
1.1642921
1.1691897
1.1770818
1.1886406
1.2036683
1.2208075
1.2363179
1.2418923
1.233003
1.2115004
1.1844523
1.1579616
1.135018
1.117151
1.1020264
1.0896006
1.0800283
1.0734317
1.0695688
1.0683208
1.0701951
1.0781687
1.099862
1.1554676
1.2970797
1.7536539
1.1220221
1.1219318
1.1219682
1.122218
1.1226632
1.123269
1.1240093
1.1248681
1.1258365
1.126909
1.1280818
1.1293634
1.130827
1.1327254
1.1356388
1.1405324
1.1485554
1.1605229
1.176259
1.1939036
1.2073275
1.2091976
1.1966434
1.1732392
1.1460904
1.1206554
1.101342
1.086483
1.075287
1.0674459
1.0626047
1.0603082
1.0599109
1.0611757
1.0647811
1.073784
1.0963615
1.1520546
1.2921087
1.7440154
1.1024656
1.1024116
1.1024592
1.1026778
1.1030605
1.1035851
1.1042336
1.1049957
1.105868
1.1068504
1.1079416
1.1091483
1.1105339
1.1123339
1.1151177
1.1198706
1.1278045
1.1397826
1.1554316
1.1721724
1.1829587
1.1818501
1.1672028
1.1436048
1.1179194
1.0952715
1.0785282
1.0666046
1.0588641
1.0547084
1.0532866
1.0538238
1.0555981
1.0583169
1.0628489
1.0724017
1.0953669
1.1506619
1.2898482
1.7383112
1.0894283
1.0894007
1.089451
1.0896307
1.0899393
1.090364
1.0908939
1.091524
1.0922545
1.0930886
1.0940268
1.0950759
1.0962936
1.0979009
1.1004463
1.1049009
1.1124723
1.1239724
1.1387976
1.1539503
1.1622748
1.1590297
1.1435237
1.1206655
1.0967682
1.0772475
1.0630329
1.0538312
1.0490598
1.0476188
1.0485614
1.0509717
1.0540319
1.0575048
1.0624516
1.0722128
1.0952937
1.1503135
1.2891182
1.7350525
1.0809499
1.0809374
1.0809829
1.0811219
1.0813565
1.0816799
1.082087
1.0825761
1.0831498
1.0838125
1.0845661
1.0854173
1.0864197
1.0877769
1.090001
1.0940143
1.1009721
1.1116089
1.1251419
1.1383602
1.1446354
1.1400645
1.1246015
1.1031257
1.0815808
1.0644286
1.0524854
1.0457131
1.0431858
1.0436831
1.0462935
1.0499263
1.0537654
1.0577701
1.0630166
1.0729053
1.0959385
1.150788
1.2893397
1.733707
1.0755962
1.075592
1.0756288
1.0757298
1.0758978
1.0761299
1.0764244
1.0767818
1.0772057
1.0777002
1.0782676
1.0789137
1.0796854
1.080763
1.0826082
1.0860678
1.0922163
1.1017053
1.1136567
1.1248628
1.129561
1.124314
1.1094109
1.0894131
1.0703299
1.0551927
1.0452121
1.0403972
1.0394728
1.0414479
1.0452236
1.0497198
1.0541851
1.0585814
1.064011
1.0739637
1.0969306
1.1517699
1.2903447
1.7337111
1.0723377
1.0723373
1.072364
1.0724325
1.0725455
1.0727019
1.0729019
1.0731471
1.0734408
1.0737865
1.0741853
1.0746409
1.0751905
1.0759851
1.0774238
1.0802591
1.0854667
1.0936363
1.1038967
1.1131077
1.1166685
1.1112356
1.0972359
1.0791774
1.0618947
1.0484
1.0400472
1.0366717
1.0369494
1.0400231
1.0446762
1.0498491
1.0548076
1.0594991
1.0650561
1.0750457
1.0979985
1.1529413
1.2917425
1.7346482
1.0704492
1.0704499
1.0704673
1.0705101
1.0705804
1.0706781
1.0708041
1.0709602
1.071149
1.0713727
1.0716307
1.0719231
1.0722752
1.0728043
1.0738389
1.0760233
1.0802263
1.0870017
1.0955994
1.1031621
1.105599
1.1003269
1.0876551
1.0712873
1.0554838
1.0433121
1.0361991
1.0338076
1.0350092
1.0388856
1.044212
1.0499306
1.0553293
1.0602811
1.065955
1.0759892
1.0989737
1.1540931
1.2932643
1.7362093
1.0694286
1.0694293
1.0694394
1.0694636
1.0695031
1.0695583
1.0696302
1.06972
1.0698297
1.06996
1.0701085
1.0702713
1.0704602
1.0707569
1.0714148
1.0729638
1.0761592
1.0815352
1.0885267
1.0947132
1.0965124
1.0915981
1.0801198
1.0651248
1.0505619
1.0394222
1.0331831
1.0314548
1.0333086
1.0377772
1.043646
1.0498412
1.0556016
1.060827
1.0666319
1.0767312
1.0997692
1.1550938
1.2947131
1.7380779
1.0689205
1.068921
1.0689264
1.068939
1.0689596
1.0689885
1.0690261
1.0690732
1.0691304
1.0691968
1.0692682
1.0693363
1.0694003
1.0695067
1.0698352
1.0707992
1.0730368
1.077065
1.0825249
1.0874678
1.0888242
1.0843698
1.0740078
1.0602747
1.0467771
1.0364191
1.0307438
1.0294234
1.0316998
1.0365975
1.0429115
1.0495292
1.0556342
1.0611042
1.0670718
1.077258
1.1003458
1.1558627
1.2959467
1.7399968
1.068694
1.0686943
1.068697
1.0687032
1.0687132
1.0687273
1.0687456
1.0687681
1.0687944
1.0688227
1.0688473
1.0688566
1.068838
1.0688045
1.068865
1.0693225
1.0706954
1.0734737
1.0774972
1.0812797
1.0822458
1.0782722
1.0690024
1.0564646
1.0439
1.0341231
1.0287614
1.0276406
1.0301467
1.0353366
1.0420133
1.0490146
1.0554578
1.0611605
1.0672764
1.0775564
1.100662
1.1563249
1.2968611
1.7417573
1.0686149
1.0686151
1.0686164
1.0686192
1.0686237
1.0686299
1.0686377
1.0686467
1.0686562
1.0686636
1.0686624
1.0686394
1.0685741
1.0684543
1.068325
1.0683787
1.0690125
1.0706734
1.073376
1.0760605
1.0766347
1.0731092
1.0648903
1.0535006
1.0417849
1.032446
1.0272102
1.0261162
1.0286825
1.0340354
1.0409904
1.0483298
1.0550978
1.0610489
1.0673042
1.0776495
1.1007373
1.1564702
1.2973621
1.7431861
1.0686069
1.0686069
1.0686073
1.0686082
1.0686097
1.0686117
1.0686141
1.0686165
1.0686177
1.0686152
1.0686021
1.0685643
1.0684772
1.0683121
1.0680669
1.0678359
1.0678882
1.0686005
1.0701082
1.0717511
1.0718953
1.0687413
1.0615082
1.0512363
1.0403495
1.0314017
1.0261571
1.0249208
1.0273833
1.0327659
1.0399036
1.0475235
1.0545929
1.060794
1.0672159
1.0775936
1.1006362
1.1563706
1.2974866
1.7441838
1.0686451
1.068645
1.0686448
1.0686443
1.0686437
1.0686428
1.0686416
1.0686396
1.0686357
1.0686272
1.0686077
1.0685631
1.0684671
1.0682825
1.0679789
1.0675791
1.0672198
1.0671818
1.0676592
1.0683112
1.0679659
1.0650665
1.0587164
1.0495216
1.0394682
1.030931
1.0256244
1.0241257
1.0263362
1.0316143
1.0388266
1.0466537
1.0539868
1.0604286
1.0670198
1.0773942
1.1003603
1.1560061
1.2972615
1.7446343
1.0687146
1.0687145
1.068714
1.0687128
1.0687111
1.0687086
1.0687053
1.0687006
1.0686935
1.0686816
1.068659
1.0686125
1.0685164
1.0683287
1.0680008
1.067509
1.0669017
1.0663252
1.0659658
1.0657131
1.0648144
1.062017
1.0564034
1.0482135
1.0389957
1.0308661
1.0255045
1.0237417
1.0256261
1.0306703
1.0378422
1.0457881
1.0533286
1.0599977
1.0667061
1.0770827
1.0999296
1.1553887
1.2966363
1.7446055
1.0687966
1.0687965
1.0687959
1.0687946
1.0687926
1.0687898
1.068786
1.0687807
1.0687731
1.068761
1.0687393
1.0686964
1.0686083
1.0684319
1.0681057
1.0675723
1.0668239
1.0659179
1.0649476
1.0639138
1.0624102
1.0595618
1.0545122
1.0472203
1.0388484
1.0311424
1.0257772
1.0237501
1.0253001
1.0300381
1.03704
1.0450065
1.0526783
1.0594942
1.0663176
1.0766918
1.0993754
1.1545675
1.2956464
1.7440418
1.0688801
1.0688801
1.0688796
1.0688785
1.0688768
1.0688743
1.0688709
1.0688662
1.0688595
1.068849
1.0688304
1.068794
1.0687186
1.0685635
1.068263
1.0677358
1.0669203
1.0658229
1.0644784
1.0628697
1.0607951
1.0577161
1.0529977
1.0464871
1.0389426
1.0317643
1.0265163
1.0242727
1.0254433
1.0297834
1.0365002
1.0443302
1.0520432
1.0589874
1.0659124
1.0762551
1.0987273
1.1535715
1.2943326
1.7428982
1.0689588
1.0689588
1.0689586
1.0689579
1.0689566
1.0689548
1.0689524
1.0689489
1.0689439
1.0689358
1.0689215
1.0688928
1.0688321
1.068703
1.0684417
1.0679561
1.0671475
1.0659558
1.0643907
1.0624332
1.0599512
1.0566303
1.0520725
1.0461343
1.0392692
1.0326435
1.0276061
1.0252312
1.0260269
1.0298958
1.0362637
1.0438893
1.0515516
1.0585568
1.0655342
1.0758078
1.0980271
1.1524474
1.2927551
1.7412135
1.0690296
1.0690298
1.0690297
1.0690295
1.0690289
1.0690279
1.0690265
1.0690245
1.0690213
1.0690161
1.0690061
1.0689853
1.0689392
1.0688371
1.068621
1.0681977
1.0674485
1.0662638
1.0645876
1.0624207
1.0596859
1.0562034
1.051723
1.0461506
1.0398406
1.0337174
1.0289305
1.0264962
1.0269898
1.0304021
1.0363581
1.0437221
1.0512748
1.0582543
1.0652199
1.0753821
1.0973116
1.1512456
1.2909805
1.7390456
1.0690918
1.0690919
1.0690922
1.0690923
1.0690923
1.0690921
1.0690918
1.0690912
1.0690899
1.0690872
1.0690813
1.0690675
1.0690347
1.068958
1.0687872
1.0684356
1.067778
1.066674
1.0650131
1.0627438
1.0598531
1.0562553
1.0518148
1.0465046
1.0406549
1.0349768
1.0304526
1.0280205
1.0282881
1.0312999
1.0368421
1.043865
1.0512139
1.0581113
1.0650019
1.0750077
1.096613
1.1500161
1.2890793
1.736478
1.0691453
1.0691456
1.0691461
1.0691465
1.0691471
1.0691476
1.0691482
1.0691487
1.0691491
1.0691486
1.0691462
1.0691384
1.0691169
1.0690621
1.0689331
1.0686535
1.0681027
1.0671264
1.0655746
1.0633481
1.0604096
1.0567466
1.0523436
1.0472556
1.0417605
1.0364585
1.0321886
1.029803
1.029912
1.0325829
1.0377248
1.0443709
1.0514323
1.058142
1.0649002
1.0747048
1.0959597
1.148805
1.2871243
1.7336132
1.0691912
1.0691915
1.0691921
1.0691929
1.0691938
1.0691949
1.0691963
1.0691978
1.0691994
1.0692008
1.0692012
1.0691981
1.0691856
1.0691489
1.0690557
1.0688423
1.0684002
1.0675755
1.0661957
1.064119
1.0612752
1.0576658
1.0533416
1.0484277
1.0432122
1.0382219
1.0341857
1.0318728
1.0318726
1.0342512
1.0390024
1.0452383
1.0519445
1.0583843
1.0649255
1.0744919
1.0953768
1.1476543
1.2851881
1.7305681
1.0692301
1.0692305
1.0692312
1.0692322
1.0692335
1.0692351
1.069237
1.0692393
1.0692419
1.0692447
1.0692471
1.0692476
1.069242
1.0692195
1.0691555
1.0689991
1.0686581
1.0679896
1.0668157
1.0649645
1.0623266
1.0588861
1.0547198
1.05
1.0450349
1.040315
1.0364931
1.0342655
1.0341856
1.0363045
1.0406641
1.046454
1.0527401
1.0588338
1.0650937
1.0743843
1.0948821
1.1466002
1.2833391
1.7274662
1.0692631
1.0692635
1.0692643
1.0692655
1.069267
1.0692689
1.0692712
1.0692741
1.0692774
1.0692812
1.0692852
1.0692883
1.0692876
1.0692758
1.0692346
1.0691248
1.0688715
1.0683503
1.0673908
1.065808
1.063458
1.0602918
1.0563788
1.0519099
1.0472087
1.042749
1.0391334
1.0369978
1.0368519
1.0387283
1.0426842
1.0479913
1.0537974
1.059476
1.065395
1.0743695
1.0944862
1.1456731
1.2816389
1.7244311
1.0692908
1.0692913
1.0692922
1.0692934
1.0692951
1.0692972
1.0692999
1.0693031
1.069307
1.0693114
1.0693164
1.0693213
1.0693243
1.0693201
1.0692959
1.0692225
1.0690413
1.0686497
1.0678944
1.0665925
1.0645785
1.0617672
1.0581994
1.0540575
1.0496659
1.0454861
1.042085
1.0400488
1.0398421
1.0414802
1.0450155
1.0498048
1.0550798
1.0602859
1.0658168
1.0744562
1.0941986
1.1448963
1.2801391
1.7215777
1.0693139
1.0693144
1.0693153
1.0693167
1.0693185
1.0693208
1.0693236
1.0693271
1.0693313
1.0693362
1.0693419
1.069348
1.0693533
1.0693544
1.0693424
1.0692963
1.069172
1.0688881
1.0683145
1.067282
1.0656185
1.0632099
1.0600594
1.0563205
1.0522999
1.04844
1.0452765
1.0433518
1.0430865
1.0444854
1.0475846
1.0518288
1.0565351
1.061227
1.0663365
1.074632
1.0940241
1.1442854
1.278879
1.719005
1.069333
1.0693335
1.0693344
1.0693358
1.0693377
1.0693401
1.0693431
1.0693467
1.0693511
1.0693563
1.0693624
1.0693691
1.069376
1.0693806
1.0693771
1.0693507
1.0692694
1.0690708
1.0686502
1.0678593
1.0665331
1.0645405
1.0618492
1.0585722
1.0549819
1.0514894
1.0485951
1.0467984
1.0464788
1.0476395
1.0502959
1.0539816
1.0580992
1.0622538
1.0669252
1.0748798
1.0939564
1.1438452
1.2778834
1.7167888
1.0693484
1.0693489
1.0693499
1.0693513
1.0693532
1.0693556
1.0693587
1.0693624
1.0693669
1.0693722
1.0693785
1.0693856
1.0693933
1.0694002
1.0694023
1.0693897
1.0693396
1.0692062
1.068908
1.0683222
1.0673
1.0657067
1.0634828
1.0606987
1.0575809
1.054497
1.051903
1.0502533
1.0498884
1.0508186
1.0530396
1.0561718
1.0597014
1.0633164
1.0675507
1.0751791
1.0939755
1.1435823
1.2771657
1.7149819
1.0693606
1.069361
1.069362
1.0693634
1.0693654
1.0693678
1.0693709
1.0693746
1.0693791
1.0693845
1.0693908
1.0693981
1.0694062
1.0694144
1.0694201
1.0694166
1.0693886
1.0693029
1.0690988
1.0686789
1.067916
1.0666831
1.0649043
1.0626124
1.0599836
1.0573322
1.0550612
1.0535763
1.0531805
1.0538967
1.0557058
1.0583087
1.061272
1.0643658
1.0681819
1.0755124
1.0940834
1.143494
1.276743
1.7136202
1.0693697
1.0693701
1.0693711
1.0693725
1.0693744
1.0693769
1.0693799
1.0693836
1.0693881
1.0693934
1.0693996
1.0694069
1.0694151
1.0694239
1.0694317
1.0694343
1.069421
1.0693693
1.0692347
1.0689434
1.0683916
1.0674668
1.0660879
1.0642587
1.0621069
1.0598895
1.0579505
1.0566433
1.0562347
1.056762
1.0581974
1.0603126
1.0627499
1.0653587
1.0687912
1.0758593
1.094259
1.1435436
1.2765999
1.7127041
1.0693759
1.0693764
1.0693774
1.0693788
1.0693806
1.069383
1.069386
1.0693896
1.069394
1.0693992
1.0694053
1.0694123
1.0694205
1.0694294
1.0694383
1.0694445
1.0694411
1.0694127
1.0693279
1.0691324
1.0687452
1.0680717
1.0670342
1.0656167
1.0639056
1.0621012
1.0604873
1.0593635
1.0589611
1.0593305
1.0604407
1.0621223
1.0640878
1.0662619
1.0693599
1.0762009
1.0944883
1.1437254
1.2766725
1.71224
1.0693796
1.06938
1.069381
1.0693823
1.0693842
1.0693865
1.0693894
1.0693929
1.0693972
1.0694022
1.0694081
1.069415
1.0694229
1.0694318
1.0694412
1.0694493
1.0694519
1.0694389
1.0693886
1.0692621
1.0689985
1.0685217
1.0677625
1.0666943
1.0653702
1.06394
1.0626296
1.0616865
1.0613079
1.0615526
1.0623908
1.0636996
1.0652555
1.0670535
1.0698685
1.0765294
1.0947594
1.1440203
1.2769605
1.7121935
1.0693811
1.0693815
1.0693824
1.0693838
1.0693856
1.0693878
1.0693907
1.0693941
1.0693982
1.0694031
1.0694088
1.0694155
1.0694232
1.0694319
1.0694413
1.0694504
1.0694564
1.0694527
1.0694255
1.0693471
1.0691732
1.0688447
1.0683034
1.0675187
1.0665198
1.0654137
1.0643747
1.0636019
1.0632605
1.0634123
1.0640309
1.0650286
1.0662399
1.067723
1.070308
1.0768378
1.0950613
1.1444085
1.2774294
1.7124646
1.0693808
1.0693812
1.0693821
1.0693834
1.0693852
1.0693874
1.0693901
1.0693934
1.0693974
1.0694021
1.0694076
1.0694139
1.0694213
1.0694296
1.0694389
1.0694484
1.0694563
1.0694582
1.0694453
1.0693994
1.0692885
1.0690682
1.0686916
1.0681287
1.0673923
1.0665561
1.0657504
1.0651317
1.0648356
1.0649219
1.0653682
1.0661134
1.067043
1.0682711
1.0706767
1.077122
1.0953837
1.1448691
1.2780432
1.7130188
1.0693787
1.0693791
1.0693799
1.0693812
1.0693828
1.0693849
1.0693875
1.0693907
1.0693945
1.069399
1.0694042
1.0694102
1.0694172
1.0694251
1.0694339
1.0694434
1.0694523
1.0694577
1.0694535
1.0694285
1.0693605
1.0692169
1.0689609
1.0685658
1.0680343
1.067415
1.066803
1.0663186
1.0660706
1.066113
1.0664273
1.0669723
1.0676779
1.0687074
1.0709775
1.0773805
1.0957175
1.1453823
1.2787699
1.713818
1.0693746
1.069375
1.0693758
1.069377
1.0693786
1.0693806
1.0693831
1.0693861
1.0693897
1.069394
1.0693989
1.0694046
1.0694111
1.0694186
1.069427
1.0694361
1.0694454
1.0694528
1.069454
1.0694415
1.0694017
1.069311
1.0691409
1.0688692
1.0684928
1.0680428
1.0675867
1.0672153
1.0670136
1.0670276
1.0672425
1.0676324
1.068165
1.0690454
1.0712183
1.0776136
1.096055
1.1459299
1.2795783
1.7148166
1.0693691
1.0693694
1.0693702
1.0693713
1.0693729
1.0693748
1.0693771
1.06938
1.0693834
1.0693874
1.069392
1.0693974
1.0694035
1.0694105
1.0694184
1.0694271
1.0694361
1.0694444
1.069449
1.0694444
1.0694219
1.0693664
1.069256
1.0690727
1.0688108
1.0684892
1.0681551
1.0678756
1.0677155
1.0677116
1.0678528
1.0681251
1.0685276
1.0692993
1.0714091
1.0778235
1.0963901
1.146496
1.2804405
1.7159662
1.0693621
1.0693624
1.0693632
1.0693642
1.0693657
1.0693675
1.0693697
1.0693724
1.0693756
1.0693794
1.0693837
1.0693888
1.0693945
1.069401
1.0694083
1.0694164
1.0694251
1.0694335
1.0694398
1.0694403
1.0694285
1.069395
1.0693252
1.0692036
1.0690241
1.0687978
1.0685569
1.0683498
1.0682245
1.0682092
1.068297
1.068482
1.0687899
1.0694846
1.0715593
1.0780126
1.0967179
1.1470673
1.2813323
1.7172253
1.0693538
1.0693542
1.0693549
1.0693559
1.0693572
1.0693589
1.069361
1.0693636
1.0693666
1.0693701
1.0693742
1.0693789
1.0693842
1.0693903
1.0693971
1.0694046
1.0694127
1.0694208
1.0694278
1.0694311
1.0694262
1.0694061
1.0693622
1.069283
1.0691617
1.0690045
1.0688329
1.0686811
1.0685836
1.068561
1.0686106
1.0687326
1.068974
1.0696164
1.0716773
1.0781834
1.0970347
1.1476329
1.2822333
1.7185556
1.0693445
1.0693448
1.0693455
1.0693464
1.0693477
1.0693493
1.0693513
1.0693536
1.0693564
1.0693597
1.0693635
1.0693679
1.0693729
1.0693785
1.0693847
1.0693917
1.0693991
1.0694068
1.0694138
1.0694186
1.0694177
1.0694064
1.0693782
1.0693266
1.0692457
1.0691375
1.0690163
1.0689054
1.0688289
1.0688019
1.0688248
1.0689028
1.0690983
1.0697082
1.0717704
1.078338
1.0973377
1.1481844
1.2831265
1.7199234
1.0693342
1.0693345
1.0693351
1.069336
1.0693372
1.0693387
1.0693405
1.0693427
1.0693453
1.0693484
1.0693519
1.069356
1.0693606
1.0693657
1.0693715
1.0693778
1.0693847
1.0693917
1.0693985
1.0694037
1.0694051
1.0693994
1.0693814
1.0693466
1.0692921
1.0692181
1.0691325
1.0690511
1.0689902
1.0689606
1.0689652
1.0690136
1.0691788
1.0697705
1.0718446
1.0784782
1.0976251
1.1487152
1.2839987
1.7213004
1.069323
1.0693232
1.0693238
1.0693247
1.0693258
1.0693272
1.0693289
1.0693309
1.0693334
1.0693362
1.0693395
1.0693432
1.0693475
1.0693522
1.0693575
1.0693633
1.0693695
1.0693759
1.0693821
1.0693873
1.0693899
1.0693873
1.069376
1.069352
1.0693137
1.0692618
1.0692008
1.0691402
1.0690906
1.0690598
1.0690521
1.0690817
1.069228
1.0698119
1.0719046
1.0786058
1.0978955
1.149221
1.2848402
1.7226643
1.069311
1.0693112
1.0693118
1.0693126
1.0693136
1.0693149
1.0693165
1.0693184
1.0693207
1.0693233
1.0693263
1.0693298
1.0693337
1.0693381
1.0693429
1.0693481
1.0693537
1.0693595
1.0693651
1.06937
1.0693729
1.069372
1.0693649
1.0693482
1.06932
1.0692814
1.0692358
1.0691888
1.0691473
1.0691163
1.0691008
1.0691191
1.0692554
1.0698388
1.071954
1.0787222
1.0981484
1.1496988
1.2856443
1.7239978
1.0692983
1.0692986
1.0692991
1.0692998
1.0693008
1.069302
1.0693035
1.0693052
1.0693073
1.0693097
1.0693125
1.0693157
1.0693193
1.0693233
1.0693277
1.0693325
1.0693375
1.0693426
1.0693476
1.0693519
1.0693548
1.0693548
1.0693501
1.0693382
1.0693171
1.0692868
1.0692503
1.0692116
1.069175
1.0691443
1.0691247
1.069137
1.0692689
1.0698564
1.0719958
1.0788284
1.0983838
1.1501472
1.2864064
1.7252881
1.0692851
1.0692854
1.0692858
1.0692865
1.0692874
1.0692885
1.0692899
1.0692915
1.0692934
1.0692957
1.0692982
1.0693012
1.0693045
1.0693081
1.0693121
1.0693164
1.0693209
1.0693254
1.0693298
1.0693335
1.069336
1.0693363
1.069333
1.0693241
1.0693078
1.0692838
1.0692533
1.0692195
1.069186
1.0691557
1.0691342
1.0691436
1.0692745
1.069868
1.0720315
1.0789251
1.0986017
1.1505655
1.287124
1.7265255
1.0692714
1.0692716
1.0692721
1.0692727
1.0692735
1.0692745
1.0692758
1.0692773
1.0692791
1.0692811
1.0692835
1.0692862
1.0692892
1.0692925
1.0692962
1.0693
1.069304
1.069308
1.0693117
1.0693149
1.0693169
1.0693172
1.0693144
1.0693073
1.0692943
1.0692746
1.069249
1.0692193
1.069188
1.0691583
1.069136
1.0691443
1.0692755
1.0698755
1.0720623
1.0790131
1.0988028
1.1509541
1.2877962
1.7277042
1.0692573
1.0692575
1.0692579
1.0692585
1.0692592
1.0692602
1.0692613
1.0692627
1.0692643
1.0692662
1.0692684
1.0692708
1.0692736
1.0692766
1.0692799
1.0692834
1.0692869
1.0692903
1.0692935
1.0692961
1.0692977
1.0692976
1.0692951
1.0692889
1.0692779
1.0692612
1.0692391
1.0692127
1.0691838
1.069155
1.0691325
1.0691402
1.0692726
1.0698797
1.0720887
1.079093
1.0989878
1.1513141
1.288424
1.728821
1.0692428
1.069243
1.0692434
1.0692439
1.0692446
1.0692455
1.0692465
1.0692478
1.0692493
1.069251
1.069253
1.0692552
1.0692578
1.0692605
1.0692634
1.0692665
1.0692696
1.0692726
1.0692752
1.0692773
1.0692784
1.069278
1.0692754
1.0692696
1.0692597
1.069245
1.0692253
1.0692013
1.0691743
1.0691467
1.0691245
1.0691325
1.0692668
1.0698812
1.0721113
1.0791654
1.0991578
1.1516474
1.2890096
1.7298763
1.069228
1.0692282
1.0692286
1.0692291
1.0692297
1.0692305
1.0692315
1.0692326
1.069234
1.0692356
1.0692374
1.0692394
1.0692417
1.0692442
1.0692468
1.0692496
1.0692522
1.0692548
1.0692569
1.0692585
1.0692591
1.0692583
1.0692555
1.0692499
1.0692406
1.0692271
1.069209
1.0691868
1.0691614
1.0691349
1.0691135
1.0691224
1.0692591
1.0698808
1.0721308
1.0792312
1.0993142
1.1519559
1.2895558
1.7308714
1.0692131
1.0692132
1.0692135
1.069214
1.0692146
1.0692153
1.0692162
1.0692173
1.0692185
1.0692199
1.0692216
1.0692235
1.0692255
1.0692278
1.0692301
1.0692325
1.0692348
1.069237
1.0692387
1.0692398
1.06924
1.0692388
1.0692357
1.06923
1.0692211
1.0692083
1.0691914
1.0691704
1.0691463
1.069121
1.0691007
1.0691108
1.0692501
1.0698789
1.0721474
1.0792907
1.0994576
1.152241
1.2900639
1.7318067
1.0691979
1.0691981
1.0691984
1.0691988
1.0691993
1.0692
1.0692008
1.0692017
1.0692029
1.0692042
1.0692057
1.0692074
1.0692093
1.0692113
1.0692134
1.0692155
1.0692175
1.0692192
1.0692205
1.0692212
1.069221
1.0692194
1.069216
1.0692103
1.0692015
1.0691892
1.069173
1.0691531
1.0691302
1.069106
1.0690868
1.0690984
1.0692404
1.0698758
1.0721616
1.0793444
1.099589
1.1525037
1.2905348
1.7326812
1.0691826
1.0691828
1.069183
1.0691834
1.0691839
1.0691845
1.0691853
1.0691861
1.0691872
1.0691884
1.0691897
1.0691913
1.0691929
1.0691947
1.0691966
1.0691984
1.0692001
1.0692015
1.0692025
1.0692028
1.0692022
1.0692003
1.0691966
1.0691907
1.069182
1.06917
1.0691545
1.0691355
1.0691135
1.0690904
1.0690725
1.0690856
1.0692302
1.0698719
1.0721736
1.0793929
1.0997089
1.1527449
1.2909698
1.733496
1.0691673
1.0691674
1.0691677
1.069168
1.0691685
1.069169
1.0691697
1.0691705
1.0691714
1.0691725
1.0691737
1.0691751
1.0691766
1.0691782
1.0691798
1.0691814
1.0691828
1.0691839
1.0691845
1.0691845
1.0691836
1.0691813
1.0691774
1.0691714
1.0691628
1.0691511
1.069136
1.0691178
1.0690968
1.0690748
1.0690581
1.0690726
1.0692196
1.0698671
1.0721836
1.0794364
1.0998182
1.1529663
1.2913709
1.7342537
1.0691519
1.069152
1.0691522
1.0691526
1.069153
1.0691535
1.0691541
1.0691548
1.0691557
1.0691566
1.0691578
1.069159
1.0691603
1.0691617
1.0691631
1.0691645
1.0691656
1.0691664
1.0691668
1.0691664
1.0691652
1.0691627
1.0691586
1.0691524
1.0691438
1.0691324
1.0691178
1.0691002
1.0690801
1.0690592
1.0690436
1.0690595
1.0692089
1.0698618
1.0721917
1.0794754
1.0999177
1.1531692
1.2917408
1.734958
1.0691365
1.0691366
1.0691368
1.0691371
1.0691375
1.0691379
1.0691385
1.0691391
1.0691399
1.0691408
1.0691418
1.0691429
1.0691441
1.0691453
1.0691465
1.0691477
1.0691485
1.0691491
1.0691491
1.0691485
1.069147
1.0691442
1.06914
1.0691338
1.0691252
1.069114
1.0690999
1.0690829
1.0690637
1.0690437
1.0690293
1.0690465
1.069198
1.0698559
1.0721983
1.0795102
1.1000083
1.1533551
1.2920815
1.735612
1.0691211
1.0691212
1.0691214
1.0691217
1.069122
1.0691225
1.069123
1.0691235
1.0691242
1.069125
1.0691259
1.0691269
1.069128
1.069129
1.0691301
1.069131
1.0691316
1.0691319
1.0691317
1.0691309
1.0691291
1.0691261
1.0691217
1.0691154
1.0691069
1.0690959
1.0690823
1.0690659
1.0690475
1.0690284
1.0690151
1.0690335
1.069187
1.0698495
1.0722033
1.0795413
1.1000907
1.1535255
1.2923954
1.7362189
1.0691059
1.0691059
1.0691061
1.0691064
1.0691067
1.069107
1.0691075
1.069108
1.0691087
1.0691094
1.0691102
1.069111
1.0691119
1.0691128
1.0691137
1.0691144
1.0691149
1.0691149
1.0691145
1.0691134
1.0691114
1.0691083
1.0691037
1.0690974
1.069089
1.0690783
1.069065
1.0690493
1.0690315
1.0690134
1.069001
1.0690206
1.069176
1.0698427
1.072207
1.079569
1.1001655
1.1536815
1.2926845
1.7367816
1.0690907
1.0690907
1.0690909
1.0690911
1.0690914
1.0690917
1.0690921
1.0690926
1.0690932
1.0690938
1.0690945
1.0690953
1.069096
1.0690968
1.0690975
1.069098
1.0690983
1.0690981
1.0690975
1.0690962
1.069094
1.0690907
1.0690861
1.0690797
1.0690714
1.0690609
1.069048
1.0690329
1.0690159
1.0689986
1.0689871
1.0690078
1.0691649
1.0698355
1.0722094
1.0795935
1.1002335
1.1538243
1.2929505
1.7373027
1.0690756
1.0690756
1.0690758
1.069076
1.0690762
1.0690765
1.0690769
1.0690773
1.0690778
1.0690784
1.069079
1.0690796
1.0690803
1.0690809
1.0690814
1.0690818
1.0690819
1.0690816
1.0690807
1.0690792
1.0690769
1.0690735
1.0690687
1.0690624
1.0690542
1.0690439
1.0690314
1.0690168
1.0690005
1.068984
1.0689734
1.0689951
1.0691538
1.069828
1.0722108
1.0796151
1.1002951
1.153955
1.2931953
1.7377851
1.0690606
1.0690607
1.0690608
1.069061
1.0690612
1.0690615
1.0690618
1.0690622
1.0690626
1.0690631
1.0690636
1.0690642
1.0690647
1.0690652
1.0690656
1.0690658
1.0690657
1.0690652
1.0690642
1.0690625
1.06906
1.0690565
1.0690517
1.0690454
1.0690373
1.0690273
1.0690152
1.0690011
1.0689854
1.0689697
1.0689599
1.0689825
1.0691427
1.0698202
1.0722112
1.0796342
1.100351
1.1540746
1.2934206
1.7382314
1.0690458
1.0690459
1.069046
1.0690462
1.0690464
1.0690466
1.0690469
1.0690472
1.0690476
1.069048
1.0690484
1.0690489
1.0690493
1.0690497
1.0690499
1.06905
1.0690497
1.0690491
1.0690479
1.0690461
1.0690435
1.0690398
1.069035
1.0690287
1.0690208
1.069011
1.0689992
1.0689857
1.0689706
1.0689556
1.0689466
1.06897
1.0691316
1.0698121
1.0722107
1.0796508
1.1004016
1.1541841
1.2936279
1.7386442
1.0690312
1.0690313
1.0690314
1.0690315
1.0690317
1.0690319
1.0690321
1.0690324
1.0690327
1.0690331
1.0690334
1.0690338
1.0690341
1.0690344
1.0690345
1.0690344
1.069034
1.0690332
1.0690319
1.0690299
1.0690272
1.0690235
1.0690186
1.0690124
1.0690045
1.068995
1.0689836
1.0689705
1.0689561
1.0689417
1.0689334
1.0689577
1.0691206
1.0698039
1.0722093
1.0796653
1.1004474
1.1542842
1.2938185
1.739026
1.0690168
1.0690168
1.0690169
1.0690171
1.0690172
1.0690174
1.0690176
1.0690178
1.0690181
1.0690183
1.0690186
1.0690189
1.0690191
1.0690193
1.0690193
1.069019
1.0690185
1.0690176
1.0690162
1.0690141
1.0690112
1.0690074
1.0690025
1.0689964
1.0689887
1.0689794
1.0689683
1.0689557
1.0689418
1.0689281
1.0689205
1.0689456
1.0691096
1.0697955
1.0722073
1.0796779
1.1004888
1.1543758
1.2939939
1.7393789
1.0690026
1.0690026
1.0690027
1.0690028
1.0690029
1.0690031
1.0690032
1.0690034
1.0690036
1.0690038
1.069004
1.0690042
1.0690043
1.0690044
1.0690043
1.0690039
1.0690033
1.0690022
1.0690007
1.0689985
1.0689955
1.0689917
1.0689868
1.0689807
1.0689731
1.068964
1.0689534
1.0689412
1.0689278
1.0689147
1.0689077
1.0689336
1.0690987
1.069787
1.0722046
1.0796886
1.1005262
1.1544595
1.2941552
1.7397049
1.0689886
1.0689886
1.0689887
1.0689887
1.0689888
1.068989
1.0689891
1.0689892
1.0689894
1.0689895
1.0689897
1.0689898
1.0689898
1.0689897
1.0689895
1.0689891
1.0689883
1.0689872
1.0689855
1.0689832
1.0689802
1.0689763
1.0689714
1.0689653
1.0689579
1.0689491
1.0689387
1.068927
1.0689141
1.0689015
1.0688952
1.0689217
1.0690879
1.0697783
1.0722014
1.0796978
1.1005599
1.154536
1.2943034
1.740006
1.0689748
1.0689748
1.0689749
1.0689749
1.068975
1.0689751
1.0689752
1.0689753
1.0689754
1.0689755
1.0689755
1.0689756
1.0689755
1.0689754
1.0689751
1.0689745
1.0689736
1.0689724
1.0689706
1.0689682
1.0689651
1.0689612
1.0689563
1.0689503
1.0689431
1.0689344
1.0689244
1.068913
1.0689007
1.0688887
1.0688829
1.0689101
1.0690772
1.0697697
1.0721977
1.0797054
1.1005902
1.1546057
1.2944395
1.7402839
1.0689612
1.0689612
1.0689613
1.0689613
1.0689614
1.0689614
1.0689615
1.0689616
1.0689616
1.0689616
1.0689616
1.0689616
1.0689615
1.0689612
1.0689608
1.0689602
1.0689592
1.0689579
1.068956
1.0689535
1.0689504
1.0689465
1.0689416
1.0689357
1.0689285
1.0689201
1.0689104
1.0688994
1.0688875
1.068876
1.0688708
1.0688986
1.0690666
1.0697609
1.0721935
1.0797118
1.1006174
1.1546694
1.2945646
1.7405404
1.0689479
1.0689479
1.068948
1.068948
1.068948
1.0689481
1.0689481
1.0689481
1.0689481
1.0689481
1.068948
1.0689479
1.0689477
1.0689474
1.0689469
1.0689462
1.0689451
1.0689437
1.0689417
1.0689392
1.068936
1.068932
1.0689272
1.0689213
1.0689144
1.0689062
1.0688967
1.0688861
1.0688747
1.0688637
1.068859
1.0688873
1.0690561
1.0697522
1.072189
1.0797169
1.1006417
1.1547274
1.2946793
1.740777
1.0689349
1.0689349
1.0689349
1.0689349
1.0689349
1.0689349
1.0689349
1.0689349
1.0689349
1.0689348
1.0689347
1.0689345
1.0689342
1.0689338
1.0689333
1.0689325
1.0689313
1.0689298
1.0689277
1.0689252
1.0689219
1.068918
1.0689131
1.0689074
1.0689005
1.0688925
1.0688834
1.0688731
1.0688621
1.0688516
1.0688474
1.0688762
1.0690458
1.0697435
1.0721841
1.0797209
1.1006634
1.1547801
1.2947845
1.740995
1.0689221
1.0689221
1.0689221
1.0689221
1.0689221
1.0689221
1.068922
1.068922
1.0689219
1.0689218
1.0689216
1.0689214
1.068921
1.0689206
1.0689199
1.068919
1.0689178
1.0689162
1.0689141
1.0689115
1.0689082
1.0689042
1.0688994
1.0688937
1.068887
1.0688792
1.0688704
1.0688605
1.0688499
1.0688397
1.0688361
1.0688654
1.0690357
1.0697348
1.072179
1.0797239
1.1006827
1.154828
1.2948808
1.7411957
1.0689096
1.0689096
1.0689096
1.0689096
1.0689096
1.0689095
1.0689094
1.0689093
1.0689092
1.068909
1.0689088
1.0689085
1.0689081
1.0689076
1.0689069
1.0689059
1.0689046
1.0689029
1.0689008
1.0688981
1.0688948
1.0688908
1.0688861
1.0688804
1.0688739
1.0688663
1.0688577
1.0688481
1.0688379
1.0688282
1.068825
1.0688548
1.0690257
1.0697261
1.0721736
1.0797259
1.1006997
1.1548714
1.2949689
1.7413804
1.0688974
1.0688974
1.0688974
1.0688974
1.0688973
1.0688972
1.0688971
1.068897
1.0688968
1.0688966
1.0688963
1.068896
1.0688955
1.068895
1.0688942
1.0688931
1.0688918
1.06889
1.0688878
1.0688851
1.0688817
1.0688778
1.068873
1.0688675
1.0688611
1.0688537
1.0688453
1.0688361
1.0688262
1.0688169
1.0688141
1.0688444
1.0690159
1.0697176
1.072168
1.0797272
1.1007147
1.1549105
1.2950491
1.7415497
1.0688855
1.0688855
1.0688855
1.0688854
1.0688854
1.0688852
1.0688851
1.0688849
1.0688847
1.0688845
1.0688842
1.0688838
1.0688833
1.0688826
1.0688818
1.0688807
1.0688792
1.0688774
1.0688751
1.0688724
1.068869
1.0688651
1.0688604
1.0688549
1.0688486
1.0688414
1.0688333
1.0688244
1.0688149
1.068806
1.0688036
1.0688342
1.0690064
1.0697091
1.0721622
1.0797277
1.1007277
1.1549457
1.2951222
1.7417048
1.0688739
1.0688739
1.0688739
1.0688738
1.0688737
1.0688736
1.0688734
1.0688732
1.068873
1.0688727
1.0688723
1.0688719
1.0688713
1.0688706
1.0688697
1.0688685
1.068867
1.0688652
1.0688629
1.06886
1.0688567
1.0688527
1.0688481
1.0688427
1.0688366
1.0688295
1.0688217
1.068813
1.0688038
1.0687953
1.0687933
1.0688243
1.068997
1.0697007
1.0721563
1.0797274
1.100739
1.1549773
1.2951884
1.7418466
1.0688627
1.0688627
1.0688626
1.0688625
1.0688624
1.0688622
1.068862
1.0688618
1.0688615
1.0688612
1.0688608
1.0688603
1.0688597
1.0688589
1.068858
1.0688567
1.0688552
1.0688533
1.0688509
1.0688481
1.0688447
1.0688408
1.0688362
1.0688309
1.0688248
1.068818
1.0688104
1.068802
1.0687931
1.0687849
1.0687833
1.0688147
1.0689878
1.0696925
1.0721503
1.0797266
1.1007486
1.1550054
1.2952482
1.7419757
1.0688517
1.0688517
1.0688516
1.0688515
1.0688514
1.0688512
1.068851
1.0688507
1.0688504
1.0688501
1.0688496
1.0688491
1.0688484
1.0688476
1.0688466
1.0688453
1.0688437
1.0688417
1.0688393
1.0688365
1.0688331
1.0688292
1.0688246
1.0688194
1.0688135
1.0688068
1.0687994
1.0687913
1.0687828
1.0687749
1.0687736
1.0688053
1.0689789
1.0696844
1.0721442
1.0797251
1.1007566
1.1550302
1.2953019
1.7420928
1.0688411
1.0688411
1.068841
1.0688409
1.0688407
1.0688405
1.0688403
1.06884
1.0688397
1.0688393
1.0688388
1.0688382
1.0688375
1.0688366
1.0688356
1.0688342
1.0688326
1.0688306
1.0688281
1.0688253
1.0688219
1.068818
1.0688135
1.0688084
1.0688026
1.068796
1.0687888
1.068781
1.0687727
1.0687652
1.0687642
1.0687963
1.0689703
1.0696765
1.0721381
1.0797232
1.1007631
1.1550519
1.2953499
1.7421986
1.0688309
1.0688309
1.0688308
1.0688306
1.0688305
1.0688302
1.06883
1.0688296
1.0688293
1.0688288
1.0688283
1.0688277
1.0688269
1.068826
1.0688249
1.0688235
1.0688218
1.0688198
1.0688173
1.0688144
1.0688111
1.0688072
1.0688027
1.0687977
1.068792
1.0687856
1.0687786
1.068771
1.068763
1.0687558
1.0687551
1.0687875
1.0689618
1.0696688
1.0721319
1.0797207
1.1007682
1.1550707
1.2953923
1.7422933
1.068821
1.068821
1.0688209
1.0688207
1.0688205
1.0688203
1.06882
1.0688196
1.0688192
1.0688188
1.0688182
1.0688176
1.0688168
1.0688158
1.0688146
1.0688132
1.0688115
1.0688094
1.0688069
1.068804
1.0688006
1.0687968
1.0687924
1.0687874
1.0687818
1.0687756
1.0687688
1.0687614
1.0687537
1.0687467
1.0687463
1.068779
1.0689537
1.0696612
1.0721257
1.0797178
1.100772
1.1550867
1.2954294
1.7423774
1.0688115
1.0688115
1.0688114
1.0688112
1.068811
1.0688107
1.0688104
1.06881
1.0688096
1.0688091
1.0688085
1.0688078
1.068807
1.068806
1.0688048
1.0688033
1.0688015
1.0687994
1.0687969
1.068794
1.0687906
1.0687868
1.0687824
1.0687775
1.068772
1.068766
1.0687594
1.0687522
1.0687447
1.068738
1.0687379
1.0687708
1.0689459
1.0696539
1.0721196
1.0797144
1.1007746
1.1550999
1.2954614
1.7424514
1.0688024
1.0688023
1.0688022
1.068802
1.0688018
1.0688015
1.0688012
1.0688008
1.0688003
1.0687998
1.0687992
1.0687984
1.0687976
1.0687965
1.0687953
1.0687938
1.068792
1.0687898
1.0687873
1.0687844
1.068781
1.0687772
1.0687729
1.068768
1.0687627
1.0687568
1.0687503
1.0687434
1.0687361
1.0687297
1.0687298
1.068763
1.0689383
1.0696467
1.0721134
1.0797107
1.1007759
1.1551106
1.2954886
1.7425157
1.0687937
1.0687936
1.0687935
1.0687933
1.068793
1.0687927
1.0687924
1.068792
1.0687915
1.0687909
1.0687903
1.0687895
1.0687886
1.0687875
1.0687862
1.0687847
1.0687829
1.0687807
1.0687781
1.0687752
1.0687718
1.068768
1.0687638
1.068759
1.0687538
1.068748
1.0687417
1.0687349
1.0687279
1.0687217
1.0687221
1.0687555
1.068931
1.0696398
1.0721073
1.0797065
1.1007761
1.1551188
1.2955111
1.7425707
1.0687853
1.0687853
1.0687851
1.0687849
1.0687847
1.0687843
1.068784
1.0687835
1.068783
1.0687824
1.0687817
1.0687809
1.06878
1.0687789
1.0687776
1.068776
1.0687741
1.0687719
1.0687694
1.0687664
1.0687631
1.0687593
1.0687551
1.0687504
1.0687452
1.0687396
1.0687335
1.0687269
1.0687201
1.0687141
1.0687147
1.0687483
1.068924
1.0696331
1.0721012
1.079702
1.1007751
1.1551246
1.2955292
1.7426166
1.0687774
1.0687773
1.0687772
1.068777
1.0687767
1.0687764
1.068776
1.0687755
1.068775
1.0687744
1.0687736
1.0687728
1.0687718
1.0687707
1.0687693
1.0687677
1.0687659
1.0687636
1.068761
1.0687581
1.0687547
1.068751
1.0687468
1.0687422
1.0687371
1.0687316
1.0687256
1.0687192
1.0687127
1.0687069
1.0687077
1.0687415
1.0689174
1.0696266
1.0720951
1.0796971
1.100773
1.1551281
1.295543
1.7426539
1.0687699
1.0687698
1.0687697
1.0687694
1.0687691
1.0687688
1.0687683
1.0687679
1.0687673
1.0687667
1.0687659
1.0687651
1.0687641
1.0687629
1.0687615
1.0687599
1.068758
1.0687557
1.0687531
1.0687502
1.0687468
1.0687431
1.068739
1.0687344
1.0687295
1.068724
1.0687182
1.068712
1.0687056
1.0687
1.068701
1.068735
1.068911
1.0696203
1.072089
1.0796918
1.1007697
1.1551292
1.2955527
1.7426833
1.0687627
1.0687626
1.0687625
1.0687622
1.0687619
1.0687615
1.0687611
1.0687606
1.06876
1.0687594
1.0687586
1.0687577
1.0687567
1.0687555
1.0687541
1.0687524
1.0687505
1.0687482
1.0687456
1.0687427
1.0687394
1.0687356
1.0687316
1.0687271
1.0687222
1.0687169
1.0687112
1.0687051
1.0686989
1.0686935
1.0686947
1.0687288
1.0689048
1.0696141
1.0720828
1.0796858
1.100765
1.1551279
1.2955582
1.7427051
1.0687558
1.0687557
1.0687556
1.0687553
1.068755
1.0687546
1.0687542
1.0687536
1.0687531
1.0687524
1.0687516
1.0687507
1.0687496
1.0687484
1.068747
1.0687453
1.0687434
1.0687411
1.0687385
1.0687355
1.0687322
1.0687286
1.0687245
1.0687201
1.0687153
1.0687101
1.0687045
1.0686986
1.0686925
1.0686873
1.0686886
1.0687228
1.0688988
1.0696079
1.0720763
1.079679
1.1007586
1.1551235
1.2955593
1.7427196
1.0687491
1.068749
1.0687489
1.0687486
1.0687483
1.0687479
1.0687474
1.0687469
1.0687463
1.0687456
1.0687448
1.0687439
1.0687428
1.0687416
1.0687402
1.0687385
1.0687365
1.0687342
1.0687316
1.0687287
1.0687254
1.0687218
1.0687178
1.0687134
1.0687087
1.0687036
1.0686981
1.0686923
1.0686863
1.0686812
1.0686827
1.0687169
1.0688929
1.0696017
1.0720694
1.0796711
1.1007498
1.1551151
1.2955545
1.742725
1.0687424
1.0687423
1.0687421
1.0687419
1.0687415
1.0687411
1.0687406
1.0687401
1.0687395
1.0687388
1.068738
1.0687371
1.068736
1.0687348
1.0687334
1.0687317
1.0687298
1.0687275
1.0687249
1.068722
1.0687187
1.0687151
1.0687112
1.0687069
1.0687022
1.0686972
1.0686918
1.0686861
1.0686803
1.0686753
1.0686767
1.068711
1.0688868
1.0695951
1.0720617
1.0796615
1.1007378
1.1551012
1.2955416
1.7427199
1.0687353
1.0687353
1.0687351
1.0687348
1.0687345
1.0687341
1.0687336
1.0687331
1.0687325
1.0687318
1.068731
1.0687301
1.0687291
1.0687279
1.0687265
1.0687248
1.0687229
1.0687207
1.0687181
1.0687153
1.0687121
1.0687085
1.0687047
1.0687004
1.0686959
1.0686909
1.0686856
1.06868
1.0686742
1.0686692
1.0686707
1.0687048
1.0688803
1.0695879
1.072053
1.0796499
1.1007218
1.1550803
1.2955174
1.7426978
1.0687276
1.0687276
1.0687274
1.0687271
1.0687268
1.0687264
1.068726
1.0687254
1.0687249
1.0687242
1.0687235
1.0687226
1.0687216
1.0687205
1.0687191
1.0687175
1.0687157
1.0687135
1.0687111
1.0687083
1.0687052
1.0687018
1.068698
1.0686939
1.0686894
1.0686845
1.0686793
1.0686737
1.0686679
1.0686629
1.0686643
1.0686982
1.0688734
1.06958
1.072043
1.079636
1.1007013
1.1550511
1.295479
1.7426512
1.0687191
1.068719
1.0687188
1.0687186
1.0687182
1.0687179
1.0687175
1.068717
1.0687165
1.0687159
1.0687152
1.0687144
1.0687135
1.0687125
1.0687112
1.0687097
1.068708
1.068706
1.0687037
1.0687011
1.0686981
1.0686949
1.0686913
1.0686873
1.068683
1.0686782
1.0686731
1.0686675
1.0686618
1.0686567
1.0686579
1.0686916
1.0688661
1.0695715
1.072032
1.0796198
1.1006761
1.1550126
1.2954235
1.7425721
1.0687099
1.0687099
1.0687097
1.0687095
1.0687092
1.0687089
1.0687085
1.0687081
1.0687077
1.0687072
1.0687067
1.068706
1.0687053
1.0687044
1.0687033
1.0687021
1.0687006
1.0686988
1.0686968
1.0686945
1.0686918
1.0686889
1.0686856
1.068682
1.0686779
1.0686734
1.0686685
1.0686631
1.0686573
1.0686521
1.0686531
1.0686864
1.0688601
1.069564
1.0720212
1.0796025
1.1006473
1.1549656
1.29535
1.7424554
1.0687029
1.0687029
1.0687027
1.0687026
1.0687024
1.0687021
1.0687019
1.0687016
1.0687013
1.068701
1.0687006
1.0687002
1.0686997
1.0686991
1.0686983
1.0686974
1.0686963
1.0686949
1.0686933
1.0686915
1.0686893
1.0686868
1.068684
1.0686808
1.0686772
1.0686731
1.0686684
1.0686632
1.0686576
1.0686524
1.0686533
1.0686861
1.0688591
1.0695614
1.072015
1.0795886
1.1006189
1.1549138
1.295262
1.7423028
1.0687035
1.0687034
1.0687033
1.0687032
1.068703
1.0687029
1.0687027
1.0687026
1.0687025
1.0687023
1.0687022
1.068702
1.0687018
1.0687015
1.0687011
1.0687006
1.0687
1.0686992
1.0686982
1.068697
1.0686955
1.0686938
1.0686918
1.0686893
1.0686865
1.0686831
1.0686791
1.0686745
1.0686692
1.0686643
1.0686652
1.0686978
1.06887
1.0695705
1.0720202
1.0795858
1.1006002
1.1548665
1.2951694
1.7421255
1.0687229
1.0687228
1.0687228
1.0687227
1.0687226
1.0687226
1.0687226
1.0687226
1.0687227
1.0687228
1.0687229
1.068723
1.0687232
1.0687234
1.0687236
1.0687237
1.0687238
1.0687238
1.0687237
1.0687235
1.0687232
1.0687227
1.0687219
1.0687208
1.0687194
1.0687173
1.0687147
1.0687112
1.068707
1.068703
1.0687044
1.0687371
1.0689089
1.0696076
1.0720529
1.0796089
1.1006051
1.1548404
1.2950898
1.7419434
1.0687861
1.0687861
1.0687861
1.068786
1.068786
1.0687861
1.0687863
1.0687865
1.0687868
1.0687872
1.0687876
1.0687882
1.0687888
1.0687896
1.0687905
1.0687914
1.0687925
1.0687937
1.068795
1.0687963
1.0687978
1.0687992
1.0688006
1.0688018
1.0688028
1.0688032
1.068803
1.068802
1.0688001
1.068798
1.068801
1.0688348
1.0690067
1.0697038
1.0721442
1.0796887
1.1006627
1.1548604
1.2950516
1.7417875
1.0689413
1.0689414
1.0689414
1.0689414
1.0689415
1.0689417
1.068942
1.0689424
1.0689429
1.0689436
1.0689444
1.0689453
1.0689465
1.0689479
1.0689497
1.0689517
1.0689541
1.068957
1.0689602
1.068964
1.0689681
1.0689727
1.0689775
1.0689826
1.0689876
1.0689924
1.0689967
1.0690001
1.0690026
1.0690045
1.0690109
1.0690474
1.0692206
1.0699168
1.0723515
1.0798817
1.1008269
1.1549758
1.2950937
1.7417145
1.0692762
1.0692763
1.0692764
1.0692764
1.0692766
1.0692768
1.0692772
1.0692777
1.0692784
1.0692793
1.0692803
1.0692816
1.0692833
1.0692855
1.0692882
1.0692916
1.0692958
1.0693009
1.0693071
1.0693143
1.0693225
1.0693319
1.0693422
1.0693534
1.0693651
1.0693772
1.0693891
1.0694003
1.0694105
1.0694197
1.0694327
1.0694745
1.0696512
1.0703473
1.0727753
1.0802865
1.1011922
1.1552733
1.2952908
1.7417688
1.0699427
1.069943
1.0699432
1.0699433
1.0699434
1.0699436
1.069944
1.0699445
1.0699451
1.069946
1.069947
1.0699485
1.0699506
1.0699534
1.0699572
1.0699622
1.0699687
1.0699769
1.069987
1.0699993
1.0700137
1.0700303
1.070049
1.0700697
1.0700921
1.0701157
1.0701399
1.070164
1.0701869
1.0702085
1.0702327
1.0702839
1.070467
1.0711644
1.0735839
1.0810686
1.1019184
1.1559016
1.2957714
1.7420357
1.0711929
1.0711936
1.071194
1.0711941
1.0711941
1.0711942
1.0711943
1.0711946
1.0711949
1.0711953
1.071196
1.0711972
1.0711993
1.0712025
1.0712074
1.0712142
1.0712236
1.0712359
1.0712516
1.0712709
1.0712942
1.0713216
1.0713529
1.071388
1.0714265
1.0714679
1.0715112
1.0715551
1.0715982
1.0716392
1.0716812
1.0717472
1.0719409
1.0726408
1.0750482
1.0824948
1.1032644
1.1571096
1.2967771
1.7427758
1.0734293
1.0734307
1.0734316
1.0734317
1.0734315
1.0734313
1.073431
1.0734306
1.07343
1.0734294
1.073429
1.0734293
1.0734308
1.0734341
1.0734398
1.0734487
1.0734616
1.0734793
1.0735026
1.073532
1.073568
1.0736107
1.0736603
1.0737165
1.0737787
1.0738463
1.0739178
1.0739912
1.0740641
1.074134
1.0742024
1.0742904
1.0744992
1.0752024
1.0775914
1.0849815
1.1056357
1.1592893
1.298694
1.7444205
1.0772741
1.0772767
1.0772784
1.0772788
1.0772784
1.0772778
1.0772768
1.0772753
1.0772731
1.0772706
1.0772682
1.0772666
1.0772666
1.0772692
1.0772754
1.0772865
1.0773038
1.0773286
1.0773621
1.0774054
1.0774591
1.0775235
1.0775989
1.0776848
1.0777807
1.0778853
1.0779968
1.0781121
1.0782272
1.0783379
1.0784433
1.0785616
1.0787902
1.0794956
1.0818548
1.08916
1.1096476
1.1630382
1.302111
1.7476294
1.0836653
1.0836699
1.0836732
1.0836742
1.0836739
1.0836728
1.0836708
1.0836676
1.083663
1.0836574
1.0836517
1.0836469
1.0836443
1.0836453
1.0836516
1.083665
1.0836877
1.0837218
1.083769
1.083831
1.0839088
1.084003
1.0841137
1.0842404
1.0843823
1.0845377
1.0847036
1.0848758
1.085048
1.0852134
1.0853678
1.0855255
1.0857776
1.0864811
1.0887914
1.0959687
1.1162156
1.1692476
1.3079116
1.7533987
1.0939946
1.0940023
1.0940084
1.0940108
1.0940109
1.0940096
1.0940065
1.0940009
1.0939928
1.0939829
1.0939722
1.0939626
1.0939559
1.0939542
1.09396
1.093976
1.0940055
1.0940514
1.0941168
1.0942037
1.0943138
1.0944477
1.0946055
1.0947865
1.0949894
1.0952116
1.0954492
1.0956956
1.095942
1.0961776
1.0963939
1.0965995
1.0968769
1.097569
1.099801
1.1067879
1.1266891
1.1792292
1.3174078
1.7632202
1.1103244
1.1103372
1.1103476
1.1103526
1.1103541
1.1103532
1.110349
1.1103407
1.1103279
1.110312
1.1102945
1.1102781
1.1102656
1.11026
1.1102646
1.1102836
1.1103214
1.1103827
1.1104716
1.1105912
1.1107435
1.1109292
1.1111483
1.1113994
1.1116807
1.1119886
1.1123172
1.1126574
1.1129965
1.1133188
1.1136096
1.1138703
1.1141716
1.1148359
1.116947
1.1236556
1.143066
1.1949371
1.3325571
1.7793291
1.1357569
1.1357771
1.1357943
1.1358037
1.135808
1.1358085
1.1358038
1.1357923
1.1357737
1.1357499
1.1357235
1.1356982
1.135678
1.1356669
1.1356697
1.135692
1.1357403
1.135821
1.1359399
1.1361013
1.1363078
1.1365597
1.1368566
1.1371962
1.1375758
1.1379902
1.1384313
1.1388867
1.1393382
1.1397639
1.1401411
1.1404617
1.1407814
1.1413939
1.1433261
1.1496387
1.1683608
1.2193241
1.3563208
1.8050854
1.1751395
1.1751706
1.1751977
1.1752138
1.175223
1.1752267
1.1752225
1.1752076
1.1751819
1.175148
1.1751101
1.1750733
1.1750432
1.175025
1.1750252
1.1750512
1.1751122
1.175217
1.1753736
1.1755877
1.1758623
1.1761973
1.176591
1.1770402
1.1775405
1.1780848
1.1786624
1.1792559
1.179841
1.1803869
1.1808614
1.1812443
1.1815726
1.1821021
1.1837823
1.1895469
1.2073174
1.2570484
1.3933658
1.8457445
1.2365379
1.2365854
1.2366262
1.236652
1.2366688
1.2366783
1.2366762
1.2366579
1.2366232
1.2365767
1.236524
1.2364723
1.2364295
1.236402
1.2363982
1.2364281
1.2365039
1.236638
1.2368409
1.2371205
1.2374799
1.2379179
1.2384312
1.2390147
1.2396618
1.2403634
1.2411048
1.2418634
1.2426057
1.2432901
1.2438721
1.2443177
1.244641
1.2450514
1.2463934
1.2514223
1.2678932
1.3159367
1.4514836
1.9099027
1.3347357
1.3348093
1.3348688
1.3349083
1.3349369
1.3349561
1.3349589
1.3349368
1.3348901
1.3348268
1.3347541
1.3346825
1.3346227
1.3345822
1.3345717
1.3346048
1.3346976
1.334867
1.3351277
1.3354902
1.3359572
1.3365259
1.3371901
1.3379421
1.3387723
1.3396682
1.3406111
1.3415702
1.3425007
1.3433459
1.3440453
1.3445506
1.344847
1.3450962
1.3459992
1.3500678
1.3647837
1.4104734
1.5450763
2.0130687
1.5010421
1.5011761
1.5012661
1.5013288
1.5013795
1.5014185
1.5014333
1.5014068
1.5013411
1.501252
1.5011476
1.5010443
1.5009587
1.5008978
1.5008753
1.5009108
1.5010267
1.5012469
1.5015923
1.502079
1.5027069
1.5034694
1.5043543
1.505349
1.5064383
1.5076037
1.5088206
1.5100455
1.5112145
1.5122474
1.5130587
1.5135896
1.5137784
1.5137656
1.5140533
1.5168569
1.5292216
1.5715034
1.7046441
2.187046
1.8179669
1.8181719
1.8182792
1.8183574
1.8184249
1.8184811
1.8185062
1.8184666
1.8183684
1.8182433
1.8180933
1.8179432
1.8178197
1.8177224
1.8176693
1.8176877
1.8178066
1.818057
1.8184665
1.8190608
1.8198332
1.820776
1.821872
1.8231097
1.8244718
1.8259374
1.8274819
1.8290504
1.830561
1.8319065
1.8329699
1.8336965
1.8339343
1.8338562
1.8336051
1.834965
1.8442098
1.8810593
2.0102813
2.5101821
2.5953907
2.5955838
2.595662
2.5957233
2.5957744
2.5958214
2.5958396
2.5957663
2.5956131
2.5954418
2.5952289
2.5950114
2.5948327
2.5946701
2.5945508
2.5945078
2.5945788
2.594799
2.5952025
2.5958382
2.5966873
2.5977548
2.5990212
2.6004866
2.6021363
2.6039492
2.6059111
2.6079513
2.609972
2.6118296
2.6133662
2.6145428
2.6150829
2.6152968
2.6148205
2.614985
2.6199274
2.6472342
2.7629509
3.2443016
)
;

boundaryField
{
    piston
    {
        type            calculated;
        value           nonuniform List<scalar> 
40
(
4.3159446
4.3159446
4.3159446
4.3159446
4.3159446
4.3159446
4.3159446
4.3159446
4.3159447
4.3159447
4.3159448
4.3159448
4.3159449
4.3159449
4.315945
4.315945
4.3159451
4.3159451
4.3159451
4.3159451
4.3159452
4.3159453
4.3159455
4.3159461
4.3159462
4.3159462
4.315946
4.3159453
4.3159447
4.3159442
4.3159437
4.3159434
4.3159432
4.3159431
4.315943
4.315943
4.315943
4.3159428
4.315944
4.315945
)
;
    }
    cylinderHead
    {
        type            calculated;
        value           nonuniform List<scalar> 
40
(
3.9871505
3.9871505
3.9871505
3.9871505
3.9871505
3.9871505
3.9871505
3.9871505
3.9871505
3.9871505
3.9871505
3.9871505
3.9871504
3.9871504
3.9871504
3.9871504
3.9871504
3.9871504
3.9871504
3.9871504
3.9871504
3.9871504
3.9871504
3.9871504
3.9871504
3.9871504
3.9871504
3.9871504
3.9871504
3.9871504
3.9871504
3.9871504
3.9871504
3.9871504
3.9871504
3.9871504
3.9871504
3.9871504
3.9871503
3.9871503
)
;
    }
    cylinderWall
    {
        type            calculated;
        value           nonuniform List<scalar> 
120
(
4.8688596
4.8688503
4.8688544
4.8688467
4.868849
4.8688442
4.868844
4.8688418
4.8688402
4.8688386
4.8688371
4.8688355
4.868834
4.8688325
4.868831
4.8688295
4.8688281
4.8688266
4.8688252
4.8688238
4.8688224
4.8688211
4.8688197
4.8688184
4.8688171
4.8688158
4.8688145
4.8688132
4.868812
4.8688108
4.8688095
4.8688083
4.8688072
4.868806
4.8688048
4.8688037
4.8688025
4.8688014
4.8688003
4.8687992
4.8687981
4.868797
4.868796
4.8687949
4.8687939
4.8687928
4.8687918
4.8687908
4.8687898
4.8687889
4.8687879
4.8687869
4.868786
4.8687851
4.8687842
4.8687833
4.8687824
4.8687815
4.8687807
4.8687798
4.868779
4.8687782
4.8687774
4.8687766
4.8687759
4.8687751
4.8687744
4.8687736
4.8687729
4.8687722
4.8687715
4.8687708
4.8687702
4.8687695
4.8687689
4.8687683
4.8687677
4.8687671
4.8687665
4.868766
4.8687654
4.8687649
4.8687643
4.8687638
4.8687633
4.8687629
4.8687624
4.8687619
4.8687615
4.8687611
4.8687607
4.8687603
4.8687599
4.8687595
4.8687592
4.8687588
4.8687585
4.8687582
4.8687579
4.8687576
4.8687573
4.868757
4.8687568
4.8687566
4.8687563
4.8687561
4.8687559
4.8687558
4.8687556
4.8687555
4.8687553
4.8687552
4.8687551
4.868755
4.8687549
4.8687548
4.8687548
4.8687547
4.8687547
4.8687546
)
;
    }
    wedgeFront
    {
        type            wedge;
    }
    wedgeBack
    {
        type            wedge;
    }
    axis
    {
        type            empty;
    }
}


// ************************************************************************* //
