/*--------------------------------*- C++ -*----------------------------------*\
  =========                 |
  \\      /  F ield         | OpenFOAM: The Open Source CFD Toolbox
   \\    /   O peration     | Website:  https://openfoam.org
    \\  /    A nd           | Version:  13
     \\/     M anipulation  |
\*---------------------------------------------------------------------------*/
FoamFile
{
    format      ascii;
    class       volScalarField;
    location    "180";
    object      T;
}
// * * * * * * * * * * * * * * * * * * * * * * * * * * * * * * * * * * * * * //

dimensions      [0 0 0 1 0 0 0];

internalField   nonuniform List<scalar> 
4800
(
855.95828
855.99875
855.92432
855.80076
855.61019
855.36721
855.08783
854.82004
854.59591
854.41807
854.32397
854.35387
854.6286
855.26958
855.91448
856.35797
857.01073
859.00685
863.34117
868.58947
870.93424
871.41804
877.05283
880.65679
873.83096
862.85696
852.01012
845.10586
847.61313
862.59343
884.80475
907.80811
930.9697
954.66739
981.78255
1008.8035
1037.3789
1046.3411
1005.3808
833.11313
1090.5028
1090.7936
1090.7176
1090.4233
1090.0531
1089.65
1089.2275
1088.7862
1088.3556
1087.9932
1087.7324
1087.6446
1087.9521
1089.309
1090.7222
1091.5575
1092.4995
1093.9587
1096.0632
1097.525
1099.4619
1105.766
1120.884
1128.8159
1122.2846
1107.9485
1090.5777
1075.6909
1076.3003
1102.8041
1140.488
1177.5504
1215.7433
1251.4136
1290.2676
1318.8442
1340.259
1326.3316
1260.1063
995.45632
1275.7399
1276.8299
1276.744
1276.1123
1275.7004
1275.6255
1275.7381
1275.6898
1275.496
1275.5147
1275.8584
1276.862
1278.5284
1279.7472
1281.0669
1281.5457
1278.1213
1271.3173
1267.0164
1266.4668
1271.679
1282.149
1287.7429
1287.403
1281.1521
1270.3641
1258.8146
1256.086
1269.1662
1299.1089
1344.9529
1391.7242
1438.896
1478.7975
1516.6306
1539.1517
1555.479
1532.1579
1426.8428
1075.0746
1433.7865
1434.49
1434.4809
1434.021
1433.6284
1433.4362
1433.3652
1433.2202
1433.0462
1433.0927
1433.4881
1434.4147
1435.7391
1436.6999
1436.7829
1434.8466
1429.3528
1420.8911
1413.3854
1409.5814
1411.0239
1410.4337
1407.6556
1406.2689
1406.3122
1406.6296
1409.1571
1421.1957
1448.2418
1484.9753
1533.678
1581.0423
1626.6747
1662.8285
1693.3305
1707.1653
1705.5266
1653.4034
1498.594
1116.8768
1565.5233
1566.0681
1566.1088
1565.7446
1565.2738
1564.83
1564.4067
1563.9435
1563.4935
1563.2086
1563.1889
1563.4701
1563.8139
1563.5465
1561.7139
1557.2583
1549.5451
1539.2165
1528.5617
1520.6005
1513.4522
1503.6781
1498.1251
1501.4445
1512.1267
1528.0801
1548.362
1576.3131
1605.4824
1643.1784
1686.5669
1727.1872
1764.3338
1792.6518
1813.6847
1819.8548
1805.9111
1742.0873
1563.7697
1149.8034
1672.4254
1672.8104
1672.8478
1672.4717
1671.8651
1671.1469
1670.3519
1669.4799
1668.5802
1667.7419
1667.0232
1666.4114
1665.6784
1664.2302
1661.1445
1655.3182
1645.9593
1633.2574
1618.7466
1604.6142
1588.5238
1575.3922
1573.3011
1585.7317
1609.5667
1638.318
1669.1039
1700.8264
1732.965
1767.9176
1803.6443
1835.1634
1861.7406
1880.6028
1891.0223
1887.6661
1859.7399
1778.1494
1585.3042
1167.8757
1756.1623
1756.473
1756.4875
1756.0813
1755.3655
1754.4419
1753.363
1752.1544
1750.8545
1749.5116
1748.1527
1746.7498
1745.1104
1742.7308
1738.7178
1731.8757
1721.1187
1706.088
1687.6827
1667.5431
1646.5479
1634.5974
1639.3799
1661.9926
1695.6626
1732.7918
1769.9669
1800.5535
1830.4925
1859.3617
1885.5771
1906.8051
1922.8008
1932.3318
1934.6999
1924.8458
1890.9489
1802.6978
1605.4942
1185.0073
1819.7206
1819.9426
1819.917
1819.4907
1818.726
1817.7034
1816.476
1815.0758
1813.5296
1811.8622
1810.0884
1808.1878
1806.012
1803.1177
1798.5934
1791.0593
1779.0506
1761.7504
1739.7548
1715.3302
1693.8105
1686.2078
1698.3646
1728.5083
1767.9804
1808.4264
1844.9824
1874.49
1900.2163
1921.8863
1938.92
1950.8354
1957.8811
1960.1683
1956.7355
1942.2643
1903.9558
1812.3301
1614.4643
1194.1289
1866.3522
1866.5024
1866.4418
1866.0262
1865.2863
1864.2803
1863.0526
1861.6301
1860.0288
1858.2586
1856.3266
1854.2201
1851.8202
1848.7166
1843.9738
1836.0619
1823.2365
1804.4351
1780.2952
1753.9843
1734.4822
1731.7996
1749.9682
1784.8772
1827.1577
1868.628
1901.3966
1927.4006
1947.4689
1961.7745
1970.7122
1974.9806
1975.7209
1973.3661
1966.6841
1950.195
1910.0345
1817.6988
1620.675
1200.7281
1899.458
1899.551
1899.469
1899.0924
1898.4336
1897.5311
1896.4168
1895.1088
1893.614
1891.9334
1890.0699
1888.0136
1885.658
1882.6066
1877.9069
1869.9368
1856.7819
1837.2688
1812.385
1786.501
1770.2115
1771.8721
1794.1074
1831.1283
1873.2005
1911.9343
1941.6157
1963.3211
1977.6734
1985.4656
1988.1458
1987.1323
1983.7923
1978.6959
1970.2586
1952.708
1911.7679
1819.8982
1623.5147
1204.6678
1922.1886
1922.2374
1922.1485
1921.8315
1921.2874
1920.5391
1919.6061
1918.4981
1917.2149
1915.7521
1914.109
1912.2753
1910.1512
1907.3548
1902.943
1895.271
1882.3719
1863.112
1838.8577
1814.7112
1801.7137
1806.7584
1831.2577
1868.6099
1909.3247
1943.9234
1969.9171
1987.1177
1996.1557
1998.9015
1997.1045
1992.5244
1986.7395
1980.215
1970.9952
1953.0516
1911.8953
1820.4489
1624.4335
1206.9299
1937.2647
1937.2869
1937.2054
1936.9563
1936.5361
1935.9571
1935.2289
1934.3545
1933.33
1932.1478
1930.8054
1929.2911
1927.5109
1925.1061
1921.178
1914.1303
1902.0335
1883.8333
1861.1749
1839.5636
1829.4785
1836.8136
1862.0692
1898.3203
1936.1345
1967.3334
1989.658
2002.5436
2007.3951
2006.4386
2001.4327
1994.5076
1987.2412
1979.7176
1969.9467
1951.7903
1910.7698
1819.6975
1624.1539
1207.8662
1946.9066
1946.9141
1946.8476
1946.6648
1946.3608
1945.941
1945.4086
1944.7629
1943.9977
1943.1057
1942.0831
1940.92
1939.5328
1937.599
1934.2966
1928.1349
1917.2808
1900.7672
1880.3688
1861.6362
1853.893
1862.5449
1887.5651
1922.2141
1956.4859
1984.5525
2003.5028
2012.7749
2014.5648
2010.7442
2003.4808
1994.8994
1986.4495
1978.1997
1968.105
1949.8661
1909.0411
1818.1457
1622.8884
1207.863
1952.822
1952.8228
1952.7742
1952.6493
1952.4438
1952.159
1951.7952
1951.3492
1950.8153
1950.1873
1949.4631
1948.6366
1947.6407
1946.2023
1943.6035
1938.5023
1929.2021
1914.7907
1896.9933
1881.2956
1875.2967
1884.4651
1908.509
1940.4452
1972.0267
1997.41
2013.4516
2020.0076
2019.4666
2013.4983
2004.53
1994.6531
1985.2767
1976.4856
1966.1733
1947.9031
1907.1838
1816.2979
1621.1318
1207.2101
1956.2666
1956.2654
1956.2336
1956.1553
1956.027
1955.8483
1955.6182
1955.3332
1954.9886
1954.5803
1954.1099
1953.5767
1952.9353
1951.972
1950.0915
1946.1327
1938.5605
1926.4773
1911.3593
1898.256
1894.0719
1903.1472
1925.32
1954.7362
1984.004
2007.1501
2020.9282
2025.6033
2023.2517
2015.7022
2005.4204
1994.4978
1984.2946
1975.0274
1964.5146
1946.1944
1905.4908
1814.4846
1619.2237
1206.1243
1958.1331
1958.1318
1958.1133
1958.069
1957.9967
1957.8955
1957.764
1957.5996
1957.3988
1957.1605
1956.8889
1956.5912
1956.2459
1955.704
1954.503
1951.6813
1945.8862
1936.2138
1923.7777
1912.9059
1909.7671
1918.3648
1938.751
1966.0452
1993.2984
2014.6611
2026.8271
2030.2233
2026.5809
2017.8546
2006.5075
1994.667
1983.7821
1974.0105
1963.2673
1944.8527
1904.1119
1812.9121
1617.4112
1204.8273
1959.0633
1959.0623
1959.0524
1959.0293
1958.9916
1958.9387
1958.8697
1958.7834
1958.6786
1958.557
1958.4262
1958.3014
1958.1842
1957.9895
1957.3883
1955.6261
1951.5481
1944.2492
1934.4431
1925.6504
1923.2516
1931.152
1949.7836
1975.0379
2000.5051
2020.4981
2031.6231
2034.2289
2029.7405
2020.1504
2007.92
1995.2593
1983.7202
1973.4941
1962.4575
1943.901
1903.1134
1811.7057
1615.8712
1203.4981
1959.478
1959.4773
1959.4724
1959.461
1959.4426
1959.4168
1959.3833
1959.3421
1959.2938
1959.2419
1959.1968
1959.1798
1959.2139
1959.2752
1959.1644
1958.3261
1955.8151
1950.7532
1943.4689
1936.6702
1934.9415
1942.0721
1958.9126
1982.1604
2006.0181
2024.9836
2035.5373
2037.7575
2032.8
2022.6102
2009.6502
1996.2375
1984.0511
1973.3889
1962.0805
1943.3621
1902.5661
1810.981
1614.7314
1202.2814
1959.6224
1959.622
1959.6197
1959.6145
1959.6062
1959.5948
1959.5806
1959.5641
1959.5467
1959.5331
1959.5352
1959.5774
1959.6971
1959.9169
1960.1541
1960.0556
1958.8935
1955.8548
1950.9302
1946.0632
1945.0252
1951.4151
1966.4764
1987.7365
2010.0901
2028.2723
2038.6106
2040.7841
2035.6929
2025.1548
2011.6243
1997.5409
1984.7275
1973.5959
1962.0289
1943.1936
1902.4354
1810.7528
1614.1073
1201.2956
1959.6365
1959.6364
1959.6357
1959.634
1959.6313
1959.6276
1959.6232
1959.6189
1959.6166
1959.6213
1959.6453
1959.7146
1959.8743
1960.1772
1960.6272
1961.0513
1960.9554
1959.6481
1956.8872
1953.8876
1953.6246
1959.3901
1972.7413
1992.0174
2012.863
2030.3254
2040.7021
2043.1638
2038.2665
2027.6435
2013.7262
1999.078
1985.6771
1974.0696
1962.1907
1943.2939
1902.6097
1810.9083
1613.952
1200.608
1959.5659
1959.566
1959.5665
1959.5673
1959.5685
1959.5701
1959.5723
1959.576
1959.5832
1959.5987
1959.6345
1959.7163
1959.8923
1960.231
1960.7882
1961.5226
1962.1829
1962.2528
1961.3753
1960.1783
1960.8122
1966.1499
1977.9429
1995.2714
2014.569
2031.2518
2041.7615
2044.7495
2040.3455
2029.9064
2015.8133
2000.7386
1986.8186
1974.7492
1962.5508
1943.653
1903.0863
1811.4789
1614.2316
1200.2977
1959.4378
1959.438
1959.4391
1959.4412
1959.4444
1959.4489
1959.455
1959.4636
1959.4766
1959.4985
1959.5399
1959.6251
1959.8014
1960.1457
1960.7475
1961.6509
1962.7674
1963.8286
1964.4907
1964.9564
1966.615
1971.7951
1982.273
1997.7609
2015.4846
2031.3792
2041.9997
2045.516
2041.7575
2031.765
2017.7248
2002.3941
1988.0594
1975.5513
1963.1275
1944.2146
1903.8309
1812.4463
1615.0095
1200.3172
1959.287
1959.2872
1959.2883
1959.2906
1959.2943
1959.2995
1959.3065
1959.3162
1959.3301
1959.3523
1959.3921
1959.4707
1959.6322
1959.9558
1960.5545
1961.534
1962.9101
1964.5785
1966.3684
1968.2791
1971.0648
1976.3635
1985.8276
1999.6551
2015.7699
2030.8343
2041.4564
2045.4986
2042.4063
2033.0116
2019.2851
2003.8913
1989.2871
1976.4897
1963.842
1944.92
1904.7901
1813.7349
1616.2429
1200.7048
1959.1334
1959.1335
1959.1344
1959.1364
1959.1396
1959.1441
1959.1504
1959.1589
1959.1712
1959.1905
1959.2245
1959.2912
1959.4295
1959.7139
1960.2651
1961.233
1962.7322
1964.753
1967.2346
1970.2122
1974.0653
1979.8118
1988.683
2001.0554
2015.5866
2029.6095
2039.986
2044.4544
2042.1205
2033.5139
2020.3361
2005.1884
1990.4875
1977.435
1964.5881
1945.7085
1905.9131
1815.3004
1617.883
1201.4923
1958.9887
1958.9887
1958.9891
1958.9904
1958.9927
1958.9959
1959.0005
1959.0068
1959.0161
1959.0308
1959.0571
1959.1096
1959.2209
1959.4576
1959.9368
1960.828
1962.3138
1964.5076
1967.3962
1971.0211
1975.6363
1981.8457
1990.4315
2001.7297
2014.9527
2027.8812
2037.8218
2042.5425
2040.9584
2033.2914
2020.7966
2006.0347
1991.4175
1978.2389
1965.2848
1946.517
1907.128
1817.0705
1619.8569
1202.6545
1958.8584
1958.8582
1958.8582
1958.8587
1958.8598
1958.8616
1958.8641
1958.8678
1958.8736
1958.8832
1958.9015
1958.9397
1959.0242
1959.2112
1959.6075
1960.384
1961.7599
1963.9395
1967.0317
1971.0437
1976.1305
1982.6461
1991.0924
2001.6981
2013.8448
2025.7739
2035.1984
2040.0248
2039.0442
2032.2917
2020.612
2006.3556
1991.9412
1978.8038
1965.8641
1947.2872
1908.3709
1818.9669
1622.0831
1204.1534
1958.744
1958.7437
1958.7433
1958.743
1958.7431
1958.7433
1958.7439
1958.7451
1958.7475
1958.7524
1958.7632
1958.7884
1958.8485
1958.9892
1959.3022
1959.9469
1961.154
1963.1838
1966.2453
1970.4439
1975.8182
1982.5482
1990.9182
2001.0204
2012.2685
2023.3082
2032.1915
2036.9994
2036.4693
2030.522
2019.6682
2006.0805
1992.0561
1979.0707
1966.2661
1947.9647
1909.5863
1820.9111
1624.475
1205.9336
1958.6454
1958.6449
1958.6441
1958.6432
1958.6422
1958.6412
1958.6402
1958.6392
1958.6386
1958.6393
1958.6438
1958.6581
1958.6975
1958.7979
1959.0344
1959.5469
1960.5574
1962.351
1965.2088
1969.3237
1974.7809
1981.626
1989.9172
1999.5851
2010.1324
2020.4152
2028.7733
2033.4729
2033.2579
2027.9986
2017.9498
2005.1081
1991.6418
1979.0128
1966.4534
1948.5134
1910.7241
1822.8303
1626.942
1207.9261
1958.5609
1958.5603
1958.5592
1958.5578
1958.5561
1958.554
1958.5516
1958.5488
1958.5458
1958.5432
1958.5426
1958.5483
1958.5712
1958.6383
1958.8091
1959.2002
1960.0109
1961.525
1964.0634
1967.8965
1973.1696
1979.9034
1988.0313
1997.349
2007.3347
2016.9831
2024.855
2029.3937
2029.394
2024.7267
2015.468
2003.4437
1990.6716
1978.5592
1966.4062
1948.8988
1911.7404
1824.6575
1629.3926
1210.0512
1958.489
1958.4884
1958.487
1958.4852
1958.4829
1958.48
1958.4765
1958.4723
1958.4675
1958.4624
1958.458
1958.457
1958.4674
1958.5085
1958.6257
1958.9122
1959.5375
1960.7639
1962.9216
1966.3336
1971.2164
1977.6211
1985.433
1994.3577
2003.8332
2012.9246
2020.3469
2024.6983
2024.8547
2020.7145
2012.2492
2001.1156
1989.1667
1977.7189
1966.0951
1949.0935
1912.6036
1826.3345
1631.7399
1212.2237
1958.4282
1958.4274
1958.4259
1958.4238
1958.421
1958.4176
1958.4133
1958.4081
1958.402
1958.395
1958.3878
1958.3821
1958.3832
1958.4049
1958.4803
1958.6815
1959.1458
1960.1015
1961.8634
1964.777
1969.1186
1974.9987
1982.3144
1990.7362
1999.673
2008.2253
2015.2129
2019.363
2019.6471
2015.9987
2008.3502
1998.1797
1987.1704
1976.5196
1965.5386
1949.1198
1913.2949
1827.812
1633.904
1214.357
1958.3769
1958.3761
1958.3745
1958.3721
1958.3691
1958.3652
1958.3603
1958.3544
1958.3474
1958.3391
1958.33
1958.321
1958.3157
1958.3234
1958.3677
1958.5021
1958.8339
1959.5518
1960.9377
1963.3313
1967.0457
1972.2539
1978.9035
1986.6796
1994.9914
2002.9674
2009.5046
2013.4386
2013.8389
2010.6713
2003.8694
1994.7275
1984.7547
1975.0092
1964.7602
1948.9621
1913.7974
1829.0516
1635.8179
1216.3694
1958.3341
1958.3333
1958.3315
1958.329
1958.3258
1958.3216
1958.3164
1958.31
1958.3023
1958.2933
1958.2829
1958.2718
1958.262
1958.26
1958.282
1958.3663
1958.594
1959.1143
1960.1661
1962.0624
1965.1253
1969.5772
1975.4308
1982.423
1989.9974
1997.3236
2003.3684
2007.0641
2007.5746
2004.8857
1998.9544
1990.8885
1982.0203
1973.2574
1963.8022
1948.6429
1914.1022
1830.0276
1637.4293
1218.1895
1958.2987
1958.2979
1958.2961
1958.2935
1958.2901
1958.2857
1958.2803
1958.2736
1958.2656
1958.2561
1958.245
1958.2325
1958.22
1958.2115
1958.2181
1958.2662
1958.4152
1958.779
1959.5499
1961.0012
1963.4397
1967.1149
1972.1007
1978.2056
1984.9379
1991.5307
1997.0277
2000.4554
2001.0664
1998.8493
1993.7938
1986.8216
1979.09
1971.3494
1962.7182
1948.1931
1914.2202
1830.7315
1638.7046
1219.7618
1958.27
1958.2692
1958.2674
1958.2647
1958.2612
1958.2568
1958.2512
1958.2444
1958.2362
1958.2264
1958.215
1958.2019
1958.1878
1958.1751
1958.1713
1958.1945
1958.2861
1958.5306
1959.0768
1960.1511
1962.0285
1964.9618
1969.0709
1974.2392
1980.0594
1985.85
1990.7472
1993.8742
1994.5671
1992.8016
1988.5984
1982.7011
1976.0973
1969.3789
1961.5677
1947.6504
1914.1863
1831.1519
1639.6251
1221.0467
1958.2473
1958.2465
1958.2447
1958.242
1958.2385
1958.234
1958.2285
1958.2216
1958.2134
1958.2036
1958.192
1958.1787
1958.1638
1958.1488
1958.1383
1958.1447
1958.196
1958.353
1958.7269
1959.4965
1960.8962
1963.1628
1966.442
1970.6833
1975.5707
1980.5247
1984.7876
1987.585
1988.332
1986.9808
1983.5758
1978.6972
1973.1722
1967.4368
1960.4081
1947.0464
1913.9971
1831.293
1640.1675
1222.0167
1958.2302
1958.2293
1958.2276
1958.2249
1958.2214
1958.217
1958.2114
1958.2046
1958.1965
1958.1868
1958.1753
1958.1621
1958.147
1958.1309
1958.1165
1958.1119
1958.1361
1958.2309
1958.4773
1959.011
1960.0229
1961.721
1964.2582
1967.6344
1971.6207
1975.7457
1979.3667
1981.8154
1982.5821
1981.5929
1978.9048
1974.9572
1970.4278
1965.6028
1959.29
1946.418
1913.6895
1831.213
1640.351
1222.67
1958.2182
1958.2174
1958.2156
1958.2131
1958.2096
1958.2052
1958.1998
1958.1932
1958.1852
1958.1757
1958.1646
1958.1516
1958.1367
1958.1203
1958.104
1958.0926
1958.099
1958.151
1958.3063
1958.6643
1959.374
1960.6094
1962.5158
1965.1263
1968.2869
1971.6308
1974.6314
1976.7262
1977.4772
1976.7876
1974.7181
1971.5916
1967.95
1963.9372
1958.2475
1945.7998
1913.2882
1830.9216
1640.2573
1223.0012
1958.2111
1958.2103
1958.2086
1958.2061
1958.2027
1958.1984
1958.1932
1958.1867
1958.179
1958.1698
1958.1589
1958.1463
1958.1318
1958.1155
1958.0984
1958.0834
1958.0786
1958.1026
1958.1946
1958.4263
1958.9092
1959.7833
1961.1767
1963.1408
1965.5806
1968.2229
1970.6499
1972.4006
1973.1042
1972.6492
1971.0929
1968.6677
1965.7923
1962.4799
1957.3162
1945.2057
1912.814
1830.4492
1639.8871
1223.0341
1958.2079
1958.2071
1958.2055
1958.203
1958.1997
1958.1955
1958.1904
1958.1841
1958.1765
1958.1676
1958.1571
1958.1449
1958.1308
1958.1149
1958.0976
1958.0809
1958.07
1958.0768
1958.1266
1958.2702
1958.5887
1959.1907
1960.1833
1961.6242
1963.4615
1965.4999
1967.4185
1968.8481
1969.4803
1969.199
1968.0543
1966.2106
1963.9769
1961.2489
1956.5122
1944.6481
1912.2862
1829.8278
1639.2847
1222.8402
1958.208
1958.2072
1958.2056
1958.2032
1958.2
1958.196
1958.191
1958.1849
1958.1776
1958.1691
1958.159
1958.1473
1958.1339
1958.1186
1958.1017
1958.0843
1958.0698
1958.0664
1958.0899
1958.1739
1958.377
1958.7806
1959.4708
1960.5035
1961.8561
1963.3943
1964.8786
1966.0199
1966.5666
1966.4071
1965.5834
1964.2094
1962.4983
1960.2422
1955.838
1944.1345
1911.7229
1829.0912
1638.497
1222.4443
1958.2115
1958.2108
1958.2092
1958.2069
1958.2039
1958.2
1958.1952
1958.1894
1958.1825
1958.1743
1958.1648
1958.1537
1958.141
1958.1265
1958.1103
1958.093
1958.0766
1958.0667
1958.0745
1958.1203
1958.2447
1958.5077
1958.9768
1959.7011
1960.6764
1961.8139
1962.9394
1963.8311
1964.2879
1964.2099
1963.631
1962.6279
1961.3308
1959.4414
1955.2881
1943.6676
1911.1401
1828.2713
1637.5656
1221.8739
1958.2184
1958.2177
1958.2162
1958.214
1958.2111
1958.2074
1958.2029
1958.1974
1958.1908
1958.1831
1958.174
1958.1636
1958.1516
1958.1379
1958.1226
1958.1058
1958.0889
1958.0754
1958.0731
1958.096
1958.1689
1958.3351
1958.6465
1959.1445
1959.8345
1960.6604
1961.4981
1962.1807
1962.5514
1962.5257
1962.1305
1961.414
1960.436
1958.8215
1954.8483
1943.2467
1910.5511
1827.3973
1636.5306
1221.1622
1958.2282
1958.2276
1958.2261
1958.2241
1958.2213
1958.2178
1958.2135
1958.2082
1958.202
1958.1947
1958.1862
1958.1764
1958.1651
1958.1523
1958.1379
1958.122
1958.1055
1958.0904
1958.0819
1958.0902
1958.1315
1958.2332
1958.4352
1958.7712
1959.2511
1959.8408
1960.4537
1960.9668
1961.261
1961.2681
1961.0088
1960.5089
1959.7703
1958.3561
1954.4997
1942.8679
1909.9668
1826.4946
1635.4283
1220.3438
1958.2406
1958.24
1958.2386
1958.2366
1958.234
1958.2307
1958.2266
1958.2217
1958.2158
1958.2089
1958.201
1958.1918
1958.1812
1958.1693
1958.1559
1958.141
1958.1252
1958.1098
1958.0982
1958.0974
1958.1189
1958.1802
1958.3081
1958.5309
1958.8596
1959.2745
1959.7162
1960.0961
1960.326
1960.3541
1960.193
1959.8535
1959.289
1958.0163
1954.2252
1942.5266
1909.3955
1825.5845
1634.2897
1219.4488
1958.2553
1958.2547
1958.2534
1958.2515
1958.249
1958.2459
1958.2421
1958.2375
1958.2319
1958.2255
1958.218
1958.2094
1958.1996
1958.1886
1958.1761
1958.1624
1958.1476
1958.1326
1958.1198
1958.1138
1958.1228
1958.1595
1958.2399
1958.385
1958.6071
1958.8952
1959.2097
1959.488
1959.6669
1959.7083
1959.6173
1959.3935
1958.9512
1957.7746
1954.0097
1942.2186
1908.8437
1824.6843
1633.141
1218.5045
1958.272
1958.2714
1958.2702
1958.2684
1958.2661
1958.2632
1958.2596
1958.2552
1958.2501
1958.2441
1958.2371
1958.2291
1958.22
1958.2098
1958.1983
1958.1856
1958.172
1958.1579
1958.145
1958.1364
1958.138
1958.1585
1958.2103
1958.3048
1958.453
1958.6511
1958.8732
1959.0765
1959.2166
1959.2661
1959.2242
1959.0812
1958.7229
1957.6062
1953.8395
1941.9398
1908.3162
1823.8076
1632.0038
1217.5353
1958.2905
1958.29
1958.2888
1958.2872
1958.285
1958.2822
1958.2789
1958.2748
1958.27
1958.2644
1958.258
1958.2505
1958.2421
1958.2327
1958.2221
1958.2105
1958.198
1958.1851
1958.1727
1958.1632
1958.1606
1958.1711
1958.204
1958.2678
1958.3675
1958.5031
1958.6598
1958.8091
1958.9206
1958.9748
1958.9664
1958.8777
1958.575
1957.4917
1953.7039
1941.6868
1907.8163
1822.9644
1630.8948
1216.561
1958.3106
1958.3101
1958.3091
1958.3075
1958.3055
1958.3029
1958.2998
1958.296
1958.2916
1958.2863
1958.2803
1958.2735
1958.2657
1958.257
1958.2473
1958.2367
1958.2254
1958.2136
1958.2022
1958.1928
1958.1881
1958.1929
1958.2134
1958.2574
1958.3277
1958.4227
1958.5343
1958.6455
1958.7363
1958.7927
1958.8068
1958.7526
1958.4845
1957.4156
1953.5942
1941.4567
1907.346
1822.1618
1629.8264
1215.5976
1958.3322
1958.3317
1958.3307
1958.3292
1958.3273
1958.325
1958.3221
1958.3186
1958.3144
1958.3096
1958.3041
1958.2977
1958.2906
1958.2826
1958.2737
1958.2641
1958.2539
1958.2433
1958.233
1958.2242
1958.2188
1958.2204
1958.2334
1958.2639
1958.3157
1958.3864
1958.4699
1958.5559
1958.6321
1958.6888
1958.7171
1958.6836
1958.4341
1957.366
1953.5036
1941.2469
1906.9062
1821.4041
1628.8068
1214.657
1958.3549
1958.3545
1958.3536
1958.3522
1958.3504
1958.3482
1958.3455
1958.3423
1958.3385
1958.334
1958.3289
1958.3231
1958.3165
1958.3092
1958.3011
1958.2924
1958.2832
1958.2738
1958.2647
1958.2568
1958.2516
1958.2516
1958.2601
1958.2819
1958.3206
1958.3761
1958.443
1958.5138
1958.5808
1958.6371
1958.673
1958.6505
1958.4088
1957.3335
1953.4272
1941.0555
1906.4973
1820.6937
1627.8415
1213.7484
1958.3787
1958.3783
1958.3775
1958.3762
1958.3746
1958.3726
1958.3701
1958.3671
1958.3636
1958.3595
1958.3547
1958.3494
1958.3434
1958.3367
1958.3293
1958.3215
1958.3132
1958.305
1958.297
1958.2901
1958.2855
1958.285
1958.2911
1958.3074
1958.3372
1958.3812
1958.4371
1958.499
1958.5603
1958.6158
1958.6553
1958.638
1958.3982
1957.3118
1953.3617
1940.881
1906.1187
1820.0314
1626.9336
1212.8783
1958.4035
1958.4031
1958.4023
1958.4011
1958.3996
1958.3978
1958.3955
1958.3927
1958.3895
1958.3857
1958.3814
1958.3765
1958.3709
1958.3648
1958.3582
1958.3511
1958.3438
1958.3366
1958.3297
1958.3239
1958.3201
1958.3197
1958.3247
1958.3378
1958.3616
1958.3976
1958.4446
1958.499
1958.5562
1958.6106
1958.6515
1958.6364
1958.396
1957.2977
1953.3053
1940.7224
1905.7696
1819.4165
1626.084
1212.0506
1958.429
1958.4286
1958.4279
1958.4268
1958.4254
1958.4237
1958.4216
1958.4191
1958.4161
1958.4126
1958.4087
1958.4042
1958.3991
1958.3936
1958.3876
1958.3812
1958.3748
1958.3685
1958.3627
1958.3579
1958.355
1958.3551
1958.3597
1958.3711
1958.3913
1958.4218
1958.4623
1958.5107
1958.5637
1958.6164
1958.6576
1958.6435
1958.401
1957.2897
1953.2568
1940.5783
1905.4484
1818.8473
1625.2914
1211.2673
1958.4552
1958.4548
1958.4541
1958.4531
1958.4519
1958.4503
1958.4483
1958.446
1958.4433
1958.4401
1958.4365
1958.4324
1958.4278
1958.4227
1958.4173
1958.4117
1958.4061
1958.4006
1958.3958
1958.392
1958.39
1958.3907
1958.3955
1958.4061
1958.4242
1958.4511
1958.4872
1958.5311
1958.5806
1958.6313
1958.6719
1958.6572
1958.4112
1957.2865
1953.2152
1940.4477
1905.1532
1818.3206
1624.5527
1210.5282
1958.4818
1958.4815
1958.4809
1958.48
1958.4788
1958.4773
1958.4756
1958.4735
1958.471
1958.4681
1958.4647
1958.461
1958.4568
1958.4523
1958.4474
1958.4424
1958.4375
1958.4329
1958.4289
1958.426
1958.4249
1958.4264
1958.4315
1958.4418
1958.4588
1958.4836
1958.5166
1958.5574
1958.6039
1958.6525
1958.6917
1958.6753
1958.425
1957.287
1953.1794
1940.3292
1904.8819
1817.8333
1623.8644
1209.832
1958.5089
1958.5087
1958.5081
1958.5072
1958.5061
1958.5048
1958.5032
1958.5012
1958.499
1958.4963
1958.4933
1958.4899
1958.4861
1958.482
1958.4777
1958.4733
1958.469
1958.4651
1958.462
1958.4599
1958.4596
1958.4618
1958.4675
1958.4778
1958.4942
1958.5176
1958.5487
1958.587
1958.6312
1958.6776
1958.7148
1958.6962
1958.441
1957.2901
1953.1487
1940.2218
1904.633
1817.3831
1623.2244
1209.1784
1958.5363
1958.5361
1958.5355
1958.5348
1958.5338
1958.5326
1958.5311
1958.5293
1958.5272
1958.5248
1958.5221
1958.519
1958.5156
1958.5119
1958.5081
1958.5042
1958.5005
1958.4973
1958.4949
1958.4936
1958.4941
1958.4969
1958.5031
1958.5137
1958.5298
1958.5523
1958.5819
1958.6184
1958.6604
1958.7048
1958.7398
1958.7185
1958.4585
1957.2953
1953.1225
1940.1248
1904.4052
1816.9686
1622.6319
1208.5679
1958.564
1958.5637
1958.5632
1958.5625
1958.5616
1958.5605
1958.5592
1958.5576
1958.5557
1958.5535
1958.551
1958.5482
1958.5451
1958.5418
1958.5384
1958.5351
1958.532
1958.5294
1958.5276
1958.5271
1958.5282
1958.5317
1958.5384
1958.5492
1958.5651
1958.5871
1958.6155
1958.6504
1958.6906
1958.7328
1958.7657
1958.7417
1958.4769
1957.3022
1953.1003
1940.0374
1904.1972
1816.5879
1622.0849
1207.9997
1958.5918
1958.5915
1958.5911
1958.5904
1958.5896
1958.5886
1958.5874
1958.5859
1958.5842
1958.5822
1958.5799
1958.5774
1958.5747
1958.5717
1958.5688
1958.5659
1958.5633
1958.5613
1958.5601
1958.5602
1958.562
1958.566
1958.5732
1958.5842
1958.6
1958.6215
1958.649
1958.6825
1958.7209
1958.7612
1958.7918
1958.7652
1958.4959
1957.3105
1953.0818
1939.9589
1904.0076
1816.2389
1621.5807
1207.4716
1958.6196
1958.6194
1958.619
1958.6184
1958.6176
1958.6167
1958.6156
1958.6143
1958.6127
1958.6109
1958.6089
1958.6066
1958.6042
1958.6016
1958.599
1958.5966
1958.5945
1958.593
1958.5924
1958.593
1958.5953
1958.5999
1958.6074
1958.6186
1958.6344
1958.6554
1958.6821
1958.7143
1958.7511
1958.7895
1958.818
1958.7888
1958.5152
1957.32
1953.0666
1939.8885
1903.835
1815.919
1621.1162
1206.9813
1958.6475
1958.6473
1958.6469
1958.6464
1958.6457
1958.6449
1958.6438
1958.6426
1958.6412
1958.6396
1958.6378
1958.6357
1958.6336
1958.6313
1958.6291
1958.6271
1958.6254
1958.6244
1958.6243
1958.6255
1958.6283
1958.6333
1958.6411
1958.6525
1958.6682
1958.6888
1958.7146
1958.7456
1958.7809
1958.8175
1958.8439
1958.8124
1958.5348
1957.3305
1953.0544
1939.8255
1903.6779
1815.626
1620.6884
1206.5263
1958.6753
1958.6751
1958.6748
1958.6743
1958.6737
1958.6729
1958.672
1958.6709
1958.6696
1958.6682
1958.6665
1958.6647
1958.6628
1958.6609
1958.659
1958.6573
1958.6561
1958.6556
1958.6559
1958.6575
1958.6608
1958.6662
1958.6743
1958.6858
1958.7013
1958.7215
1958.7465
1958.7764
1958.8103
1958.8451
1958.8697
1958.8359
1958.5546
1957.3418
1953.0449
1939.7693
1903.535
1815.3575
1620.2945
1206.1043
1958.703
1958.7029
1958.7025
1958.7021
1958.7015
1958.7008
1958.7
1958.699
1958.6979
1958.6966
1958.6951
1958.6935
1958.6919
1958.6902
1958.6886
1958.6874
1958.6865
1958.6864
1958.6871
1958.6892
1958.6928
1958.6986
1958.7069
1958.7185
1958.7339
1958.7536
1958.7779
1958.8067
1958.8391
1958.8724
1958.8951
1958.8592
1958.5745
1957.354
1953.0379
1939.7193
1903.4052
1815.1118
1619.9319
1205.7134
1958.7306
1958.7304
1958.7301
1958.7297
1958.7292
1958.7286
1958.7278
1958.7269
1958.7259
1958.7248
1958.7235
1958.7221
1958.7207
1958.7193
1958.718
1958.7171
1958.7166
1958.7168
1958.718
1958.7204
1958.7244
1958.7304
1958.739
1958.7506
1958.7658
1958.785
1958.8086
1958.8364
1958.8675
1958.8992
1958.9203
1958.8824
1958.5945
1957.3668
1953.0331
1939.675
1903.2874
1814.8868
1619.5983
1205.3515
1958.7579
1958.7577
1958.7575
1958.7571
1958.7566
1958.7561
1958.7554
1958.7546
1958.7537
1958.7527
1958.7516
1958.7504
1958.7492
1958.7481
1958.7471
1958.7465
1958.7463
1958.7469
1958.7484
1958.7512
1958.7555
1958.7617
1958.7704
1958.782
1958.797
1958.8159
1958.8387
1958.8655
1958.8954
1958.9256
1958.9451
1958.9053
1958.6145
1957.3803
1953.0303
1939.6358
1903.1805
1814.681
1619.2915
1205.0167
1958.785
1958.7848
1958.7846
1958.7843
1958.7839
1958.7834
1958.7828
1958.7821
1958.7813
1958.7804
1958.7795
1958.7785
1958.7775
1958.7766
1958.7759
1958.7755
1958.7757
1958.7766
1958.7784
1958.7815
1958.786
1958.7925
1958.8013
1958.8129
1958.8277
1958.8461
1958.8682
1958.894
1958.9227
1958.9516
1958.9696
1958.9281
1958.6346
1957.3943
1953.0293
1939.6013
1903.0835
1814.4926
1619.0092
1204.7072
1958.8118
1958.8117
1958.8114
1958.8111
1958.8108
1958.8103
1958.8098
1958.8092
1958.8086
1958.8078
1958.807
1958.8062
1958.8054
1958.8047
1958.8043
1958.8042
1958.8046
1958.8058
1958.8079
1958.8113
1958.8161
1958.8228
1958.8316
1958.8431
1958.8577
1958.8757
1958.8971
1958.922
1958.9496
1958.9772
1958.9937
1958.9506
1958.6546
1957.4087
1953.03
1939.5711
1902.9957
1814.3202
1618.7496
1204.421
1958.8383
1958.8382
1958.838
1958.8377
1958.8374
1958.837
1958.8366
1958.8361
1958.8355
1958.8349
1958.8342
1958.8336
1958.833
1958.8325
1958.8323
1958.8324
1958.8332
1958.8346
1958.837
1958.8406
1958.8456
1958.8524
1958.8614
1958.8728
1958.8871
1958.9046
1958.9255
1958.9495
1958.9759
1959.0023
1959.0175
1958.9729
1958.6745
1957.4235
1953.0321
1939.5448
1902.9162
1814.1626
1618.5108
1204.1564
1958.8644
1958.8643
1958.8642
1958.8639
1958.8637
1958.8633
1958.863
1958.8626
1958.8621
1958.8616
1958.8611
1958.8606
1958.8602
1958.8599
1958.8599
1958.8603
1958.8612
1958.8629
1958.8656
1958.8694
1958.8746
1958.8816
1958.8905
1958.9019
1958.9159
1958.933
1958.9532
1958.9764
1959.0018
1959.027
1959.0409
1958.9949
1958.6943
1957.4385
1953.0355
1939.522
1902.8443
1814.0184
1618.2912
1203.9119
1958.8902
1958.8901
1958.89
1958.8898
1958.8896
1958.8893
1958.889
1958.8887
1958.8883
1958.8879
1958.8875
1958.8872
1958.887
1958.8869
1958.8871
1958.8877
1958.8889
1958.8908
1958.8937
1958.8977
1958.9031
1958.9101
1958.9191
1958.9303
1958.9441
1958.9608
1958.9804
1959.0027
1959.0272
1959.0513
1959.064
1959.0167
1958.714
1957.4539
1953.0401
1939.5024
1902.7794
1813.8866
1618.0893
1203.6861
1958.9156
1958.9156
1958.9154
1958.9153
1958.9151
1958.9149
1958.9147
1958.9144
1958.9141
1958.9138
1958.9136
1958.9134
1958.9133
1958.9134
1958.9138
1958.9146
1958.916
1958.9182
1958.9212
1958.9254
1958.9309
1958.9381
1958.947
1958.9582
1958.9717
1958.988
1959.0069
1959.0285
1959.052
1959.0751
1959.0866
1959.0381
1958.7336
1957.4694
1953.0457
1939.4857
1902.7209
1813.7662
1617.9038
1203.4777
1958.9406
1958.9406
1958.9405
1958.9403
1958.9402
1958.94
1958.9399
1958.9397
1958.9395
1958.9393
1958.9392
1958.9392
1958.9392
1958.9395
1958.9401
1958.9411
1958.9427
1958.945
1958.9483
1958.9526
1958.9583
1958.9654
1958.9744
1958.9854
1958.9987
1959.0145
1959.0329
1959.0537
1959.0764
1959.0984
1959.1089
1959.0592
1958.7529
1957.485
1953.0522
1939.4716
1902.6683
1813.6564
1617.7334
1203.2853
1958.9652
1958.9651
1958.9651
1958.965
1958.9649
1958.9648
1958.9647
1958.9646
1958.9645
1958.9644
1958.9644
1958.9645
1958.9647
1958.9651
1958.9659
1958.967
1958.9688
1958.9713
1958.9747
1958.9792
1958.985
1958.9922
1959.0011
1959.012
1959.0251
1959.0405
1959.0583
1959.0784
1959.1002
1959.1213
1959.1308
1959.08
1958.7721
1957.5007
1953.0595
1939.46
1902.6211
1813.5562
1617.5769
1203.1078
1958.9893
1958.9893
1958.9892
1958.9891
1958.9891
1958.9891
1958.989
1958.989
1958.989
1958.989
1958.9891
1958.9893
1958.9897
1958.9902
1958.9911
1958.9925
1958.9944
1958.9971
1959.0007
1959.0053
1959.0111
1959.0184
1959.0273
1959.038
1959.0508
1959.0658
1959.0831
1959.1025
1959.1235
1959.1437
1959.1522
1959.1004
1958.791
1957.5165
1953.0675
1939.4506
1902.5788
1813.4649
1617.4334
1202.9442
1959.0129
1959.0129
1959.0129
1959.0129
1959.0129
1959.0129
1959.0129
1959.0129
1959.013
1959.0131
1959.0133
1959.0137
1959.0141
1959.0148
1959.0159
1959.0174
1959.0195
1959.0223
1959.026
1959.0308
1959.0367
1959.044
1959.0528
1959.0634
1959.0759
1959.0906
1959.1073
1959.1261
1959.1463
1959.1656
1959.1733
1959.1204
1958.8096
1957.5322
1953.0761
1939.4432
1902.541
1813.3818
1617.3018
1202.7934
1959.0361
1959.0361
1959.0361
1959.0361
1959.0361
1959.0362
1959.0363
1959.0364
1959.0365
1959.0367
1959.037
1959.0375
1959.0381
1959.0389
1959.0401
1959.0417
1959.044
1959.047
1959.0508
1959.0556
1959.0616
1959.0689
1959.0777
1959.0881
1959.1004
1959.1147
1959.1309
1959.1491
1959.1685
1959.1871
1959.1938
1959.1401
1958.828
1957.5478
1953.0853
1939.4376
1902.5074
1813.3064
1617.1812
1202.6545
1959.0587
1959.0587
1959.0588
1959.0588
1959.0589
1959.059
1959.0591
1959.0593
1959.0595
1959.0598
1959.0602
1959.0608
1959.0615
1959.0625
1959.0638
1959.0655
1959.0679
1959.071
1959.075
1959.0799
1959.0859
1959.0932
1959.102
1959.1122
1959.1243
1959.1382
1959.154
1959.1715
1959.1902
1959.208
1959.2139
1959.1593
1958.846
1957.5634
1953.0948
1939.4336
1902.4777
1813.2381
1617.0711
1202.5269
1959.0809
1959.0809
1959.0809
1959.081
1959.0811
1959.0813
1959.0815
1959.0817
1959.082
1959.0824
1959.0829
1959.0835
1959.0843
1959.0854
1959.0869
1959.0888
1959.0913
1959.0945
1959.0985
1959.1036
1959.1096
1959.1169
1959.1256
1959.1357
1959.1475
1959.161
1959.1763
1959.1933
1959.2114
1959.2284
1959.2336
1959.1781
1958.8637
1957.5788
1953.1048
1939.4311
1902.4516
1813.1764
1616.9707
1202.4098
1959.1025
1959.1025
1959.1025
1959.1026
1959.1028
1959.103
1959.1032
1959.1035
1959.1039
1959.1044
1959.1049
1959.1057
1959.1066
1959.1078
1959.1094
1959.1114
1959.114
1959.1173
1959.1215
1959.1266
1959.1327
1959.14
1959.1485
1959.1585
1959.1701
1959.1833
1959.1981
1959.2145
1959.2319
1959.2483
1959.2527
1959.1965
1958.881
1957.5941
1953.1151
1939.43
1902.4289
1813.1209
1616.8793
1202.3026
1959.1235
1959.1235
1959.1236
1959.1237
1959.1239
1959.1242
1959.1245
1959.1248
1959.1252
1959.1258
1959.1264
1959.1273
1959.1283
1959.1296
1959.1313
1959.1334
1959.1361
1959.1396
1959.1438
1959.1489
1959.1551
1959.1624
1959.1708
1959.1807
1959.192
1959.2049
1959.2193
1959.2351
1959.252
1959.2676
1959.2713
1959.2144
1958.898
1957.6092
1953.1256
1939.4302
1902.4092
1813.0711
1616.7965
1202.2046
1959.1439
1959.144
1959.1441
1959.1442
1959.1445
1959.1447
1959.1451
1959.1455
1959.146
1959.1466
1959.1474
1959.1483
1959.1494
1959.1508
1959.1526
1959.1548
1959.1576
1959.1612
1959.1655
1959.1707
1959.1768
1959.1841
1959.1925
1959.2022
1959.2132
1959.2258
1959.2398
1959.2551
1959.2714
1959.2864
1959.2894
1959.2319
1958.9145
1957.624
1953.1363
1939.4315
1902.3925
1813.0268
1616.7216
1202.1154
1959.1638
1959.1638
1959.1639
1959.1641
1959.1644
1959.1647
1959.1651
1959.1656
1959.1661
1959.1668
1959.1676
1959.1686
1959.1698
1959.1713
1959.1732
1959.1756
1959.1785
1959.1821
1959.1865
1959.1917
1959.1979
1959.2051
1959.2134
1959.223
1959.2338
1959.246
1959.2596
1959.2745
1959.2902
1959.3046
1959.307
1959.2488
1958.9306
1957.6386
1953.1472
1939.4339
1902.3784
1812.9877
1616.6544
1202.0344
1959.183
1959.183
1959.1832
1959.1834
1959.1837
1959.1841
1959.1845
1959.185
1959.1857
1959.1864
1959.1873
1959.1884
1959.1897
1959.1912
1959.1932
1959.1956
1959.1987
1959.2023
1959.2068
1959.2121
1959.2183
1959.2254
1959.2337
1959.2431
1959.2537
1959.2656
1959.2788
1959.2932
1959.3084
1959.3222
1959.324
1959.2652
1958.9463
1957.6529
1953.1582
1939.4372
1902.367
1812.9534
1616.5943
1201.9613
1959.2016
1959.2016
1959.2018
1959.202
1959.2024
1959.2028
1959.2033
1959.2038
1959.2045
1959.2053
1959.2063
1959.2074
1959.2088
1959.2105
1959.2125
1959.215
1959.2181
1959.2219
1959.2264
1959.2317
1959.2379
1959.245
1959.2532
1959.2624
1959.2729
1959.2845
1959.2974
1959.3113
1959.3259
1959.3392
1959.3405
1959.2811
1958.9615
1957.6669
1953.1693
1939.4415
1902.3579
1812.9237
1616.5413
1201.8959
1959.2195
1959.2196
1959.2197
1959.22
1959.2204
1959.2208
1959.2214
1959.222
1959.2227
1959.2236
1959.2246
1959.2258
1959.2273
1959.229
1959.2312
1959.2338
1959.2369
1959.2408
1959.2453
1959.2507
1959.2568
1959.2639
1959.272
1959.2811
1959.2913
1959.3027
1959.3152
1959.3287
1959.3429
1959.3556
1959.3564
1959.2965
1958.9762
1957.6805
1953.1803
1939.4465
1902.3511
1812.8985
1616.4948
1201.8377
1959.2367
1959.2368
1959.237
1959.2373
1959.2377
1959.2382
1959.2388
1959.2394
1959.2402
1959.2411
1959.2422
1959.2435
1959.245
1959.2469
1959.2491
1959.2517
1959.255
1959.2589
1959.2635
1959.2688
1959.275
1959.2821
1959.2901
1959.299
1959.309
1959.3201
1959.3323
1959.3454
1959.3591
1959.3714
1959.3716
1959.3112
1958.9905
1957.6938
1953.1914
1939.4524
1902.3466
1812.8775
1616.4547
1201.7866
1959.2533
1959.2534
1959.2536
1959.2539
1959.2543
1959.2548
1959.2555
1959.2562
1959.257
1959.258
1959.2591
1959.2605
1959.2621
1959.264
1959.2663
1959.269
1959.2723
1959.2763
1959.2809
1959.2863
1959.2925
1959.2995
1959.3074
1959.3162
1959.326
1959.3368
1959.3487
1959.3614
1959.3747
1959.3865
1959.3862
1959.3254
1959.0041
1957.7067
1953.2024
1939.4589
1902.3441
1812.8606
1616.4206
1201.7421
1959.2691
1959.2692
1959.2694
1959.2698
1959.2702
1959.2708
1959.2714
1959.2722
1959.2731
1959.2741
1959.2753
1959.2767
1959.2784
1959.2803
1959.2827
1959.2855
1959.2889
1959.2929
1959.2975
1959.3029
1959.3091
1959.3161
1959.3239
1959.3326
1959.3422
1959.3528
1959.3643
1959.3767
1959.3896
1959.4009
1959.4002
1959.339
1959.0173
1957.7192
1953.2134
1939.4662
1902.3436
1812.8476
1616.3924
1201.7041
1959.2842
1959.2843
1959.2845
1959.2849
1959.2854
1959.286
1959.2867
1959.2875
1959.2884
1959.2895
1959.2907
1959.2922
1959.2939
1959.296
1959.2984
1959.3013
1959.3047
1959.3087
1959.3134
1959.3188
1959.325
1959.3319
1959.3396
1959.3482
1959.3577
1959.368
1959.3793
1959.3913
1959.4037
1959.4147
1959.4136
1959.352
1959.0299
1957.7313
1953.2243
1939.4741
1902.3451
1812.8383
1616.3697
1201.6723
1959.2985
1959.2987
1959.2989
1959.2993
1959.2998
1959.3005
1959.3012
1959.302
1959.303
1959.3041
1959.3054
1959.3069
1959.3087
1959.3108
1959.3133
1959.3162
1959.3197
1959.3238
1959.3285
1959.3339
1959.3401
1959.347
1959.3546
1959.3631
1959.3723
1959.3825
1959.3934
1959.4051
1959.4172
1959.4278
1959.4263
1959.3643
1959.042
1957.743
1953.2352
1939.4828
1902.3486
1812.8327
1616.3524
1201.6465
1959.3122
1959.3123
1959.3126
1959.313
1959.3136
1959.3142
1959.315
1959.3159
1959.3169
1959.318
1959.3194
1959.321
1959.3228
1959.3249
1959.3275
1959.3305
1959.334
1959.3381
1959.3428
1959.3483
1959.3544
1959.3612
1959.3688
1959.3771
1959.3863
1959.3962
1959.4069
1959.4183
1959.43
1959.4402
1959.4384
1959.3761
1959.0535
1957.7544
1953.2462
1939.4922
1902.3541
1812.8308
1616.3401
1201.6262
1959.3252
1959.3253
1959.3256
1959.326
1959.3266
1959.3273
1959.3281
1959.329
1959.3301
1959.3313
1959.3327
1959.3343
1959.3362
1959.3384
1959.3409
1959.344
1959.3475
1959.3517
1959.3564
1959.3619
1959.368
1959.3748
1959.3823
1959.3905
1959.3994
1959.4092
1959.4196
1959.4307
1959.4422
1959.452
1959.4499
1959.3874
1959.0647
1957.7656
1953.2574
1939.5028
1902.3621
1812.8327
1616.3331
1201.611
1959.3377
1959.3378
1959.3381
1959.3386
1959.3392
1959.3399
1959.3407
1959.3416
1959.3427
1959.344
1959.3454
1959.347
1959.349
1959.3512
1959.3538
1959.3569
1959.3604
1959.3646
1959.3694
1959.3748
1959.3809
1959.3876
1959.395
1959.4031
1959.4119
1959.4215
1959.4317
1959.4426
1959.4537
1959.4633
1959.4609
1959.3982
1959.0755
1957.7767
1953.2691
1939.5148
1902.373
1812.8394
1616.3317
1201.6009
1959.3498
1959.35
1959.3503
1959.3507
1959.3514
1959.3521
1959.3529
1959.3539
1959.355
1959.3563
1959.3577
1959.3594
1959.3613
1959.3636
1959.3662
1959.3693
1959.3729
1959.377
1959.3818
1959.3872
1959.3932
1959.3999
1959.4072
1959.4152
1959.4239
1959.4333
1959.4433
1959.454
1959.4649
1959.4742
1959.4716
1959.4089
1959.0863
1957.788
1953.2815
1939.5289
1902.3881
1812.8525
1616.3375
1201.5971
1959.362
1959.3622
1959.3625
1959.363
1959.3636
1959.3643
1959.3652
1959.3662
1959.3673
1959.3685
1959.37
1959.3717
1959.3736
1959.3759
1959.3785
1959.3816
1959.3851
1959.3893
1959.394
1959.3994
1959.4053
1959.4119
1959.4191
1959.427
1959.4356
1959.4448
1959.4546
1959.4651
1959.4758
1959.485
1959.4823
1959.4196
1959.0973
1957.7999
1953.2954
1939.546
1902.4087
1812.8741
1616.3535
1201.6006
1959.3748
1959.3749
1959.3753
1959.3757
1959.3764
1959.3771
1959.378
1959.3789
1959.38
1959.3813
1959.3827
1959.3843
1959.3863
1959.3885
1959.391
1959.3941
1959.3976
1959.4017
1959.4063
1959.4116
1959.4174
1959.4239
1959.431
1959.4388
1959.4472
1959.4562
1959.4659
1959.4763
1959.4869
1959.496
1959.4933
1959.4307
1959.109
1957.8129
1953.3111
1939.5667
1902.4362
1812.9068
1616.3835
1201.6157
1959.3888
1959.3889
1959.3892
1959.3897
1959.3903
1959.391
1959.3919
1959.3928
1959.3938
1959.395
1959.3964
1959.398
1959.3998
1959.4019
1959.4044
1959.4073
1959.4107
1959.4146
1959.4191
1959.4242
1959.4299
1959.4362
1959.4431
1959.4507
1959.4589
1959.4678
1959.4774
1959.4876
1959.4982
1959.5074
1959.5049
1959.4426
1959.1216
1957.8272
1953.3291
1939.5916
1902.4716
1812.9526
1616.4314
1201.6477
1959.4044
1959.4045
1959.4048
1959.4053
1959.4059
1959.4065
1959.4073
1959.4082
1959.4091
1959.4102
1959.4114
1959.4129
1959.4145
1959.4165
1959.4188
1959.4214
1959.4246
1959.4283
1959.4325
1959.4373
1959.4427
1959.4487
1959.4553
1959.4626
1959.4705
1959.4792
1959.4887
1959.4988
1959.5094
1959.5187
1959.5165
1959.4548
1959.1348
1957.8427
1953.3492
1939.6206
1902.515
1813.0129
1616.5006
1201.7022
1959.421
1959.4211
1959.4214
1959.4218
1959.4223
1959.4229
1959.4235
1959.4243
1959.4251
1959.426
1959.427
1959.4282
1959.4296
1959.4312
1959.4331
1959.4354
1959.4381
1959.4413
1959.4451
1959.4493
1959.4542
1959.4596
1959.4656
1959.4723
1959.4797
1959.4879
1959.497
1959.5069
1959.5175
1959.5269
1959.5251
1959.4642
1959.1457
1957.8564
1953.3687
1939.6515
1902.5647
1813.0866
1616.5921
1201.7826
1959.4337
1959.4338
1959.4341
1959.4344
1959.4348
1959.4352
1959.4357
1959.4362
1959.4367
1959.4373
1959.438
1959.4388
1959.4397
1959.4408
1959.4422
1959.4439
1959.4459
1959.4484
1959.4513
1959.4547
1959.4587
1959.4632
1959.4684
1959.4743
1959.4809
1959.4884
1959.497
1959.5065
1959.5168
1959.5263
1959.5247
1959.4645
1959.1474
1957.861
1953.3799
1939.6763
1902.6136
1813.1678
1616.7019
1201.8878
1959.4326
1959.4327
1959.4329
1959.4331
1959.4334
1959.4337
1959.434
1959.4342
1959.4345
1959.4347
1959.435
1959.4353
1959.4357
1959.4363
1959.4369
1959.4378
1959.439
1959.4404
1959.4423
1959.4445
1959.4472
1959.4503
1959.4541
1959.4585
1959.4638
1959.47
1959.4773
1959.4858
1959.4954
1959.5044
1959.5028
1959.443
1959.1272
1957.8441
1953.3702
1939.6814
1902.6458
1813.242
1616.8174
1202.0101
1959.397
1959.397
1959.3972
1959.3973
1959.3974
1959.3975
1959.3975
1959.3975
1959.3974
1959.3972
1959.3969
1959.3966
1959.3963
1959.396
1959.3957
1959.3955
1959.3953
1959.3953
1959.3954
1959.3958
1959.3964
1959.3973
1959.3987
1959.4007
1959.4034
1959.4071
1959.412
1959.4183
1959.426
1959.4334
1959.4308
1959.3708
1959.056
1957.7762
1953.3107
1939.6397
1902.6373
1813.2829
1616.9167
1202.1357
1959.281
1959.281
1959.281
1959.2811
1959.281
1959.2809
1959.2806
1959.2802
1959.2797
1959.279
1959.2781
1959.2771
1959.2759
1959.2745
1959.273
1959.2712
1959.2692
1959.267
1959.2647
1959.2622
1959.2595
1959.2569
1959.2543
1959.2521
1959.2504
1959.2495
1959.2499
1959.2517
1959.2553
1959.2591
1959.2536
1959.1917
1958.8767
1957.6
1953.1443
1939.4962
1902.5377
1813.2514
1616.9642
1202.2432
1958.9964
1958.9963
1958.9962
1958.9962
1958.9961
1958.9957
1958.9952
1958.9944
1958.9935
1958.9923
1958.9908
1958.989
1958.9868
1958.9842
1958.9811
1958.9773
1958.9728
1958.9677
1958.9617
1958.9548
1958.9472
1958.9389
1958.93
1958.9207
1958.9115
1958.9028
1958.8949
1958.8886
1958.8841
1958.8806
1958.8688
1958.802
1958.4846
1957.2102
1952.7665
1939.1495
1902.2538
1813.0701
1616.9116
1202.2936
1958.3828
1958.3826
1958.3824
1958.3823
1958.3821
1958.3816
1958.3809
1958.3799
1958.3787
1958.3772
1958.3752
1958.3728
1958.3697
1958.3657
1958.3607
1958.3545
1958.3468
1958.3374
1958.3262
1958.313
1958.2979
1958.2807
1958.2618
1958.2414
1958.2199
1958.1978
1958.176
1958.1554
1958.1369
1958.1199
1958.0961
1958.0196
1957.6962
1956.4229
1951.995
1938.4228
1901.6226
1812.6031
1616.6655
1202.256
1957.1628
1957.1621
1957.1617
1957.1616
1957.1615
1957.1611
1957.1604
1957.1594
1957.1583
1957.1568
1957.1548
1957.1521
1957.1483
1957.1431
1957.1362
1957.127
1957.1151
1957.1001
1957.0816
1957.0593
1957.0329
1957.0025
1956.9682
1956.9304
1956.8895
1956.8463
1956.802
1956.7581
1956.7161
1956.6766
1956.6324
1956.5388
1956.2041
1954.9305
1950.5248
1937.0204
1900.3694
1811.6178
1616.0659
1202.0718
1954.8785
1954.8771
1954.8764
1954.8762
1954.8763
1954.8762
1954.8758
1954.8754
1954.8748
1954.8741
1954.8728
1954.8706
1954.8668
1954.8609
1954.852
1954.8395
1954.8224
1954.8
1954.7714
1954.736
1954.6935
1954.6436
1954.5865
1954.5225
1954.4522
1954.3767
1954.2978
1954.2176
1954.1391
1954.0643
1953.9878
1953.8673
1953.5144
1952.2397
1947.8678
1934.4682
1898.0508
1809.7265
1614.8125
1201.5612
1950.8056
1950.803
1950.8014
1950.8012
1950.8016
1950.802
1950.8024
1950.8032
1950.8042
1950.8054
1950.806
1950.8055
1950.8028
1950.7968
1950.7865
1950.7703
1950.7468
1950.7147
1950.6724
1950.6189
1950.5535
1950.4758
1950.3858
1950.2838
1950.1707
1950.048
1949.9182
1949.7848
1949.6525
1949.5256
1949.4015
1949.2418
1948.863
1947.5885
1943.2707
1930.0345
1893.9798
1806.3237
1612.4289
1200.4283
1943.8431
1943.8384
1943.8352
1943.8346
1943.8352
1943.8364
1943.8382
1943.841
1943.8448
1943.8494
1943.8537
1943.8566
1943.8565
1943.8519
1943.8406
1943.8206
1943.7894
1943.7447
1943.6842
1943.6061
1943.5093
1943.3931
1943.2572
1943.1023
1942.9294
1942.7407
1942.5398
1942.3321
1942.1247
1941.9254
1941.7356
1941.5226
1941.1112
1939.8427
1935.6125
1922.6301
1887.1322
1800.5012
1608.1975
1198.2241
1932.3787
1932.3704
1932.3645
1932.3627
1932.3633
1932.3653
1932.3688
1932.3746
1932.3828
1932.3927
1932.4029
1932.4115
1932.4162
1932.4143
1932.4031
1932.3791
1932.3386
1932.278
1932.1938
1932.0832
1931.9445
1931.7766
1931.5794
1931.3537
1931.1009
1930.8243
1930.5289
1930.2226
1929.9162
1929.622
1929.3475
1929.0672
1928.6193
1927.3706
1923.2808
1910.6856
1876.0279
1790.9395
1601.0651
1194.2815
1914.1335
1914.1199
1914.1093
1914.1052
1914.1049
1914.1072
1914.1126
1914.1224
1914.1365
1914.154
1914.1726
1914.1895
1914.2012
1914.2041
1914.194
1914.166
1914.1144
1914.034
1913.9197
1913.7676
1913.5751
1913.3409
1913.0651
1912.7489
1912.3945
1912.0064
1911.5917
1911.1618
1910.7322
1910.3215
1909.9446
1909.5865
1909.1035
1907.8998
1904.0277
1892.0081
1858.5886
1775.78
1589.5242
1187.6291
1885.9817
1885.9601
1885.9423
1885.9339
1885.9313
1885.933
1885.94
1885.9542
1885.9758
1886.0029
1886.0325
1886.0604
1886.0816
1886.0912
1886.0833
1886.0512
1885.9868
1885.8827
1885.7319
1885.5288
1885.2702
1884.955
1884.5833
1884.1575
1883.6808
1883.1593
1882.603
1882.0273
1881.4539
1880.9093
1880.418
1879.978
1879.4696
1878.3495
1874.7995
1863.6061
1831.9603
1752.4367
1571.4535
1176.8771
1843.7498
1843.7169
1843.689
1843.6738
1843.6669
1843.6661
1843.6736
1843.6924
1843.7225
1843.7612
1843.804
1843.8451
1843.878
1843.8959
1843.8913
1843.8552
1843.7767
1843.6457
1843.4528
1843.1909
1842.8559
1842.4474
1841.9663
1841.4162
1840.8018
1840.1314
1839.4184
1838.683
1837.9542
1837.2679
1836.66
1836.1436
1835.6291
1834.644
1831.5436
1821.4866
1792.2987
1717.3871
1543.9205
1160.0845
1781.96
1781.9127
1781.8717
1781.8472
1781.8333
1781.8278
1781.8341
1781.8567
1781.8957
1781.947
1782.0045
1782.0603
1782.106
1782.1336
1782.1332
1782.0938
1782.0013
1781.8424
1781.605
1781.2806
1780.8646
1780.3574
1779.7616
1779.0823
1778.3265
1777.5049
1776.6339
1775.7396
1774.859
1774.0383
1773.3254
1772.7506
1772.258
1771.4641
1768.9498
1760.3773
1734.4665
1665.8479
1502.8727
1134.5294
1693.4795
1693.4144
1693.3586
1693.3232
1693.3001
1693.2872
1693.29
1693.3151
1693.3626
1693.4263
1693.4985
1693.5692
1693.6279
1693.6656
1693.6708
1693.6298
1693.5259
1693.3424
1693.0645
1692.6819
1692.1903
1691.5916
1690.8905
1690.0941
1689.2119
1688.2565
1687.2479
1686.2173
1685.2099
1684.2823
1683.4942
1682.8913
1682.4542
1681.8995
1680.0888
1673.3372
1651.5992
1591.3011
1442.6973
1096.4179
1568.8885
1568.802
1568.732
1568.6857
1568.652
1568.6295
1568.6262
1568.6522
1568.707
1568.7814
1568.8668
1568.951
1569.0214
1569.0689
1569.0812
1569.0424
1568.9332
1568.7341
1568.4279
1568.0021
1567.454
1566.787
1566.0088
1565.1286
1564.158
1563.1121
1562.0126
1560.8959
1559.814
1558.8326
1558.0215
1557.436
1557.0927
1556.8042
1555.7598
1551.0714
1534.3468
1484.6444
1355.3061
1040.2285
1395.0651
1394.9405
1394.8569
1394.7987
1394.7516
1394.7154
1394.7016
1394.7262
1394.7872
1394.87
1394.967
1395.0631
1395.1426
1395.1992
1395.2202
1395.1871
1395.0794
1394.8748
1394.5539
1394.102
1393.5195
1392.8128
1391.9935
1391.0737
1390.0679
1388.9933
1387.873
1386.7473
1385.6745
1384.728
1383.9856
1383.5001
1383.3276
1383.3393
1383.0764
1380.5201
1369.3577
1332.5148
1228.4391
957.47937
1151.8645
1151.7345
1151.6666
1151.6171
1151.5744
1151.5387
1151.5229
1151.5479
1151.6101
1151.6894
1151.7844
1151.8795
1151.9577
1152.0194
1152.053
1152.0413
1151.966
1151.8073
1151.548
1151.1718
1150.6831
1150.0873
1149.3955
1148.6152
1147.7576
1146.8364
1145.8671
1144.8845
1143.9397
1143.0995
1142.4363
1141.9837
1141.8356
1141.8842
1142.0405
1141.1942
1135.4735
1113.2298
1041.6708
834.22289
806.83475
806.77474
806.75044
806.73136
806.71549
806.70088
806.69524
806.718
806.76561
806.81888
806.88504
806.95269
807.00824
807.05883
807.09595
807.10931
807.08723
807.01873
806.89326
806.69566
806.43187
806.10048
805.70769
805.25369
804.74318
804.18288
803.57745
802.94882
802.32716
801.75651
801.28509
800.92451
800.75909
800.69358
800.83944
800.78906
799.27838
791.03367
757.90395
645.4552
)
;

boundaryField
{
    piston
    {
        type            fixedValue;
        value           uniform 485.2;
    }
    cylinderHead
    {
        type            fixedValue;
        value           uniform 525.2;
    }
    cylinderWall
    {
        type            fixedValue;
        value           uniform 430.1;
    }
    wedgeFront
    {
        type            wedge;
    }
    wedgeBack
    {
        type            wedge;
    }
    axis
    {
        type            empty;
    }
}


// ************************************************************************* //
