/*--------------------------------*- C++ -*----------------------------------*\
  =========                 |
  \\      /  F ield         | OpenFOAM: The Open Source CFD Toolbox
   \\    /   O peration     | Website:  https://openfoam.org
    \\  /    A nd           | Version:  13
     \\/     M anipulation  |
\*---------------------------------------------------------------------------*/
FoamFile
{
    format      ascii;
    class       volScalarField;
    location    "0";
    object      p;
}
// * * * * * * * * * * * * * * * * * * * * * * * * * * * * * * * * * * * * * //

dimensions      [1 -1 -2 0 0 0 0];

internalField   nonuniform List<scalar> 
4800
(
2582792.7
2582792.7
2582792.7
2582792.7
2582792.7
2582792.7
2582792.7
2582792.7
2582792.7
2582792.7
2582792.7
2582792.7
2582792.7
2582792.7
2582792.7
2582792.8
2582792.8
2582792.8
2582792.9
2582792.9
2582793
2582793.1
2582793.2
2582793.2
2582793.2
2582793.4
2582793.5
2582793.3
2582792.8
2582792.1
2582791.3
2582790.6
2582790.5
2582791
2582791.7
2582792
2582792.1
2582792.3
2582793.8
2582796.6
2582793.8
2582793.8
2582793.8
2582793.8
2582793.8
2582793.8
2582793.8
2582793.8
2582793.8
2582793.8
2582793.8
2582793.8
2582793.8
2582793.8
2582793.9
2582793.9
2582793.9
2582793.9
2582794
2582794
2582794.1
2582794.2
2582794.3
2582794.3
2582794.4
2582794.5
2582794.6
2582794.4
2582793.9
2582793.4
2582792.6
2582791.8
2582791.7
2582792.2
2582792.8
2582793.1
2582793.1
2582793.3
2582794.5
2582796.9
2582793.3
2582793.3
2582793.3
2582793.3
2582793.3
2582793.3
2582793.3
2582793.3
2582793.3
2582793.3
2582793.3
2582793.3
2582793.3
2582793.4
2582793.4
2582793.4
2582793.4
2582793.4
2582793.5
2582793.5
2582793.6
2582793.7
2582793.8
2582793.8
2582793.9
2582794
2582794.1
2582793.9
2582793.4
2582792.9
2582792.4
2582791.6
2582791.3
2582791.6
2582792.3
2582792.7
2582792.7
2582793
2582794.6
2582797
2582794.3
2582794.3
2582794.3
2582794.3
2582794.3
2582794.3
2582794.3
2582794.3
2582794.3
2582794.4
2582794.4
2582794.4
2582794.4
2582794.4
2582794.4
2582794.4
2582794.5
2582794.5
2582794.5
2582794.6
2582794.6
2582794.7
2582794.8
2582794.9
2582795
2582795.1
2582795.2
2582795
2582794.4
2582793.6
2582792.8
2582792
2582791.9
2582792.6
2582793.3
2582793.6
2582793.6
2582793.7
2582794.9
2582797.2
2582794.1
2582794.1
2582794.1
2582794.1
2582794.1
2582794.1
2582794.1
2582794.1
2582794.1
2582794.2
2582794.2
2582794.2
2582794.2
2582794.2
2582794.2
2582794.2
2582794.2
2582794.3
2582794.3
2582794.3
2582794.4
2582794.5
2582794.5
2582794.7
2582794.9
2582795
2582795.1
2582794.9
2582794.5
2582793.9
2582793.1
2582792.3
2582792.1
2582792.6
2582793.2
2582793.5
2582793.6
2582793.9
2582795
2582797.3
2582794.8
2582794.8
2582794.8
2582794.8
2582794.8
2582794.8
2582794.8
2582794.8
2582794.8
2582794.8
2582794.8
2582794.8
2582794.8
2582794.8
2582794.8
2582794.8
2582794.8
2582794.8
2582794.9
2582794.9
2582794.9
2582795
2582795
2582795.1
2582795.2
2582795.4
2582795.4
2582795.3
2582794.8
2582794.2
2582793.4
2582792.5
2582792.4
2582793
2582793.6
2582793.9
2582793.9
2582794.2
2582795.2
2582797.4
2582795.1
2582795.1
2582795.1
2582795.1
2582795.1
2582795.1
2582795.1
2582795.1
2582795.1
2582795.1
2582795.1
2582795.1
2582795.1
2582795.1
2582795.1
2582795.1
2582795.2
2582795.2
2582795.2
2582795.2
2582795.2
2582795.3
2582795.3
2582795.4
2582795.6
2582795.7
2582795.8
2582795.6
2582795.2
2582794.5
2582793.6
2582792.8
2582792.7
2582793.3
2582793.9
2582794.2
2582794.2
2582794.4
2582795.3
2582797.5
2582795.4
2582795.4
2582795.4
2582795.4
2582795.4
2582795.4
2582795.4
2582795.4
2582795.4
2582795.4
2582795.4
2582795.4
2582795.4
2582795.5
2582795.5
2582795.5
2582795.5
2582795.5
2582795.5
2582795.5
2582795.6
2582795.6
2582795.7
2582795.7
2582795.9
2582796
2582796.1
2582795.9
2582795.5
2582794.8
2582793.9
2582793
2582792.9
2582793.6
2582794.2
2582794.5
2582794.5
2582794.7
2582795.5
2582797.6
2582795.7
2582795.7
2582795.7
2582795.7
2582795.7
2582795.7
2582795.7
2582795.8
2582795.8
2582795.8
2582795.8
2582795.8
2582795.8
2582795.8
2582795.8
2582795.8
2582795.8
2582795.8
2582795.8
2582795.9
2582795.9
2582795.9
2582796
2582796.1
2582796.2
2582796.3
2582796.4
2582796.2
2582795.8
2582795.1
2582794.1
2582793.3
2582793.2
2582793.9
2582794.6
2582794.9
2582794.8
2582794.9
2582795.6
2582797.7
2582796.1
2582796.1
2582796.1
2582796.1
2582796.1
2582796.1
2582796.1
2582796.1
2582796.1
2582796.1
2582796.1
2582796.1
2582796.1
2582796.1
2582796.1
2582796.1
2582796.1
2582796.1
2582796.2
2582796.2
2582796.2
2582796.2
2582796.3
2582796.4
2582796.5
2582796.6
2582796.7
2582796.5
2582796.1
2582795.3
2582794.3
2582793.5
2582793.5
2582794.2
2582794.9
2582795.2
2582795.1
2582795.2
2582795.8
2582797.8
2582796.4
2582796.4
2582796.4
2582796.4
2582796.4
2582796.4
2582796.4
2582796.4
2582796.4
2582796.4
2582796.4
2582796.4
2582796.4
2582796.4
2582796.4
2582796.4
2582796.4
2582796.4
2582796.5
2582796.5
2582796.5
2582796.6
2582796.6
2582796.7
2582796.8
2582796.9
2582797
2582796.8
2582796.3
2582795.6
2582794.6
2582793.8
2582793.8
2582794.5
2582795.2
2582795.5
2582795.4
2582795.4
2582796
2582797.9
2582796.7
2582796.7
2582796.7
2582796.7
2582796.7
2582796.7
2582796.7
2582796.7
2582796.7
2582796.7
2582796.7
2582796.7
2582796.7
2582796.7
2582796.7
2582796.7
2582796.7
2582796.8
2582796.8
2582796.8
2582796.8
2582796.9
2582796.9
2582797
2582797.1
2582797.2
2582797.2
2582797.1
2582796.6
2582795.9
2582794.8
2582794
2582794.1
2582794.8
2582795.5
2582795.8
2582795.7
2582795.7
2582796.1
2582798
2582797
2582797
2582797
2582797
2582797
2582797
2582797
2582797
2582797
2582797
2582797
2582797
2582797
2582797
2582797
2582797
2582797.1
2582797.1
2582797.1
2582797.1
2582797.1
2582797.2
2582797.2
2582797.3
2582797.4
2582797.5
2582797.5
2582797.3
2582796.9
2582796.1
2582795.1
2582794.3
2582794.4
2582795.1
2582795.8
2582796.1
2582796
2582796
2582796.3
2582798.1
2582797.3
2582797.3
2582797.3
2582797.3
2582797.3
2582797.3
2582797.3
2582797.3
2582797.3
2582797.3
2582797.3
2582797.3
2582797.3
2582797.3
2582797.3
2582797.4
2582797.4
2582797.4
2582797.4
2582797.4
2582797.4
2582797.5
2582797.5
2582797.6
2582797.7
2582797.8
2582797.8
2582797.6
2582797.2
2582796.4
2582795.3
2582794.6
2582794.7
2582795.4
2582796.1
2582796.3
2582796.3
2582796.2
2582796.5
2582798.2
2582797.6
2582797.6
2582797.6
2582797.6
2582797.6
2582797.6
2582797.6
2582797.6
2582797.6
2582797.6
2582797.6
2582797.6
2582797.6
2582797.6
2582797.6
2582797.7
2582797.7
2582797.7
2582797.7
2582797.7
2582797.7
2582797.8
2582797.8
2582797.9
2582798
2582798.1
2582798.1
2582797.9
2582797.4
2582796.6
2582795.6
2582794.9
2582795
2582795.7
2582796.3
2582796.6
2582796.5
2582796.5
2582796.7
2582798.3
2582797.9
2582797.9
2582797.9
2582797.9
2582797.9
2582797.9
2582797.9
2582797.9
2582797.9
2582797.9
2582797.9
2582797.9
2582797.9
2582797.9
2582797.9
2582798
2582798
2582798
2582798
2582798
2582798
2582798.1
2582798.1
2582798.2
2582798.3
2582798.3
2582798.3
2582798.1
2582797.7
2582796.9
2582795.8
2582795.1
2582795.3
2582796
2582796.6
2582796.9
2582796.8
2582796.8
2582796.9
2582798.4
2582798.2
2582798.2
2582798.2
2582798.2
2582798.2
2582798.2
2582798.2
2582798.2
2582798.2
2582798.2
2582798.2
2582798.2
2582798.2
2582798.2
2582798.2
2582798.3
2582798.3
2582798.3
2582798.3
2582798.3
2582798.3
2582798.4
2582798.4
2582798.5
2582798.6
2582798.6
2582798.6
2582798.4
2582797.9
2582797.1
2582796.1
2582795.5
2582795.6
2582796.3
2582796.9
2582797.2
2582797.1
2582797.1
2582797.2
2582798.6
2582798.5
2582798.5
2582798.5
2582798.5
2582798.5
2582798.5
2582798.5
2582798.5
2582798.5
2582798.5
2582798.5
2582798.5
2582798.5
2582798.5
2582798.5
2582798.6
2582798.6
2582798.6
2582798.6
2582798.6
2582798.6
2582798.7
2582798.7
2582798.8
2582798.8
2582798.9
2582798.9
2582798.7
2582798.2
2582797.4
2582796.4
2582795.8
2582795.9
2582796.6
2582797.2
2582797.5
2582797.4
2582797.4
2582797.4
2582798.7
2582798.8
2582798.8
2582798.8
2582798.8
2582798.8
2582798.8
2582798.8
2582798.8
2582798.8
2582798.8
2582798.8
2582798.8
2582798.8
2582798.8
2582798.8
2582798.8
2582798.9
2582798.9
2582798.9
2582798.9
2582798.9
2582799
2582799
2582799.1
2582799.1
2582799.2
2582799.1
2582798.9
2582798.4
2582797.7
2582796.7
2582796.1
2582796.2
2582796.9
2582797.5
2582797.8
2582797.7
2582797.7
2582797.7
2582798.9
2582799.1
2582799.1
2582799.1
2582799.1
2582799.1
2582799.1
2582799.1
2582799.1
2582799.1
2582799.1
2582799.1
2582799.1
2582799.1
2582799.1
2582799.1
2582799.1
2582799.1
2582799.2
2582799.2
2582799.2
2582799.2
2582799.2
2582799.3
2582799.3
2582799.4
2582799.4
2582799.4
2582799.2
2582798.7
2582797.9
2582797
2582796.4
2582796.6
2582797.2
2582797.8
2582798
2582798
2582798
2582797.9
2582799
2582799.4
2582799.4
2582799.4
2582799.4
2582799.4
2582799.4
2582799.4
2582799.4
2582799.4
2582799.4
2582799.4
2582799.4
2582799.4
2582799.4
2582799.4
2582799.4
2582799.4
2582799.4
2582799.5
2582799.5
2582799.5
2582799.5
2582799.6
2582799.6
2582799.7
2582799.7
2582799.7
2582799.4
2582798.9
2582798.2
2582797.3
2582796.7
2582796.9
2582797.5
2582798.1
2582798.3
2582798.3
2582798.3
2582798.2
2582799.2
2582799.7
2582799.7
2582799.7
2582799.7
2582799.7
2582799.7
2582799.7
2582799.7
2582799.7
2582799.7
2582799.7
2582799.7
2582799.7
2582799.7
2582799.7
2582799.7
2582799.7
2582799.7
2582799.7
2582799.8
2582799.8
2582799.8
2582799.8
2582799.9
2582799.9
2582800
2582799.9
2582799.7
2582799.2
2582798.5
2582797.6
2582797.1
2582797.2
2582797.8
2582798.3
2582798.6
2582798.6
2582798.6
2582798.5
2582799.4
2582799.9
2582799.9
2582799.9
2582799.9
2582799.9
2582799.9
2582799.9
2582800
2582800
2582800
2582800
2582800
2582800
2582800
2582800
2582800
2582800
2582800
2582800
2582800
2582800.1
2582800.1
2582800.1
2582800.2
2582800.2
2582800.2
2582800.2
2582799.9
2582799.5
2582798.8
2582797.9
2582797.4
2582797.6
2582798.1
2582798.6
2582798.9
2582798.9
2582798.9
2582798.8
2582799.6
2582800.2
2582800.2
2582800.2
2582800.2
2582800.2
2582800.2
2582800.2
2582800.2
2582800.2
2582800.2
2582800.2
2582800.2
2582800.2
2582800.2
2582800.3
2582800.3
2582800.3
2582800.3
2582800.3
2582800.3
2582800.3
2582800.4
2582800.4
2582800.4
2582800.5
2582800.5
2582800.4
2582800.2
2582799.7
2582799.1
2582798.3
2582797.8
2582797.9
2582798.5
2582798.9
2582799.2
2582799.2
2582799.1
2582799.1
2582799.8
2582800.5
2582800.5
2582800.5
2582800.5
2582800.5
2582800.5
2582800.5
2582800.5
2582800.5
2582800.5
2582800.5
2582800.5
2582800.5
2582800.5
2582800.5
2582800.5
2582800.5
2582800.6
2582800.6
2582800.6
2582800.6
2582800.6
2582800.7
2582800.7
2582800.7
2582800.7
2582800.7
2582800.4
2582800
2582799.4
2582798.6
2582798.1
2582798.3
2582798.8
2582799.2
2582799.4
2582799.4
2582799.4
2582799.3
2582800
2582800.8
2582800.8
2582800.8
2582800.8
2582800.8
2582800.8
2582800.8
2582800.8
2582800.8
2582800.8
2582800.8
2582800.8
2582800.8
2582800.8
2582800.8
2582800.8
2582800.8
2582800.8
2582800.8
2582800.9
2582800.9
2582800.9
2582800.9
2582801
2582801
2582801
2582800.9
2582800.7
2582800.3
2582799.6
2582798.9
2582798.5
2582798.6
2582799.1
2582799.5
2582799.7
2582799.7
2582799.7
2582799.6
2582800.2
2582801
2582801
2582801
2582801
2582801
2582801
2582801
2582801
2582801
2582801.1
2582801.1
2582801.1
2582801.1
2582801.1
2582801.1
2582801.1
2582801.1
2582801.1
2582801.1
2582801.1
2582801.1
2582801.2
2582801.2
2582801.2
2582801.2
2582801.2
2582801.2
2582800.9
2582800.5
2582799.9
2582799.2
2582798.8
2582798.9
2582799.4
2582799.8
2582800
2582800
2582800
2582799.9
2582800.5
2582801.3
2582801.3
2582801.3
2582801.3
2582801.3
2582801.3
2582801.3
2582801.3
2582801.3
2582801.3
2582801.3
2582801.3
2582801.3
2582801.3
2582801.3
2582801.3
2582801.4
2582801.4
2582801.4
2582801.4
2582801.4
2582801.4
2582801.5
2582801.5
2582801.5
2582801.5
2582801.4
2582801.2
2582800.8
2582800.2
2582799.6
2582799.2
2582799.3
2582799.7
2582800
2582800.2
2582800.3
2582800.3
2582800.2
2582800.7
2582801.6
2582801.6
2582801.6
2582801.6
2582801.6
2582801.6
2582801.6
2582801.6
2582801.6
2582801.6
2582801.6
2582801.6
2582801.6
2582801.6
2582801.6
2582801.6
2582801.6
2582801.6
2582801.6
2582801.6
2582801.7
2582801.7
2582801.7
2582801.7
2582801.7
2582801.7
2582801.6
2582801.4
2582801.1
2582800.5
2582799.9
2582799.5
2582799.6
2582800
2582800.3
2582800.5
2582800.5
2582800.6
2582800.5
2582800.9
2582801.8
2582801.8
2582801.8
2582801.8
2582801.8
2582801.8
2582801.8
2582801.8
2582801.8
2582801.8
2582801.8
2582801.8
2582801.9
2582801.9
2582801.9
2582801.9
2582801.9
2582801.9
2582801.9
2582801.9
2582801.9
2582801.9
2582802
2582802
2582802
2582802
2582801.9
2582801.7
2582801.3
2582800.8
2582800.2
2582799.9
2582799.9
2582800.3
2582800.6
2582800.8
2582800.8
2582800.8
2582800.8
2582801.2
2582802.1
2582802.1
2582802.1
2582802.1
2582802.1
2582802.1
2582802.1
2582802.1
2582802.1
2582802.1
2582802.1
2582802.1
2582802.1
2582802.1
2582802.1
2582802.1
2582802.1
2582802.1
2582802.2
2582802.2
2582802.2
2582802.2
2582802.2
2582802.2
2582802.2
2582802.2
2582802.1
2582801.9
2582801.6
2582801.1
2582800.5
2582800.2
2582800.3
2582800.6
2582800.8
2582801
2582801.1
2582801.1
2582801
2582801.4
2582802.3
2582802.4
2582802.4
2582802.4
2582802.4
2582802.4
2582802.4
2582802.4
2582802.4
2582802.4
2582802.4
2582802.4
2582802.4
2582802.4
2582802.4
2582802.4
2582802.4
2582802.4
2582802.4
2582802.4
2582802.4
2582802.4
2582802.5
2582802.5
2582802.5
2582802.5
2582802.4
2582802.2
2582801.8
2582801.3
2582800.8
2582800.5
2582800.6
2582800.8
2582801.1
2582801.3
2582801.3
2582801.4
2582801.3
2582801.7
2582802.6
2582802.6
2582802.6
2582802.6
2582802.6
2582802.6
2582802.6
2582802.6
2582802.6
2582802.6
2582802.6
2582802.6
2582802.6
2582802.6
2582802.6
2582802.6
2582802.6
2582802.6
2582802.7
2582802.7
2582802.7
2582802.7
2582802.7
2582802.7
2582802.7
2582802.7
2582802.6
2582802.4
2582802.1
2582801.6
2582801.1
2582800.8
2582800.9
2582801.1
2582801.4
2582801.5
2582801.6
2582801.6
2582801.6
2582801.9
2582802.9
2582802.9
2582802.9
2582802.9
2582802.9
2582802.9
2582802.9
2582802.9
2582802.9
2582802.9
2582802.9
2582802.9
2582802.9
2582802.9
2582802.9
2582802.9
2582802.9
2582802.9
2582802.9
2582802.9
2582802.9
2582802.9
2582803
2582803
2582803
2582802.9
2582802.8
2582802.6
2582802.3
2582801.9
2582801.4
2582801.2
2582801.2
2582801.4
2582801.6
2582801.8
2582801.8
2582801.9
2582801.9
2582802.2
2582803.1
2582803.1
2582803.1
2582803.1
2582803.1
2582803.1
2582803.1
2582803.1
2582803.1
2582803.1
2582803.1
2582803.1
2582803.1
2582803.1
2582803.1
2582803.1
2582803.1
2582803.1
2582803.1
2582803.2
2582803.2
2582803.2
2582803.2
2582803.2
2582803.2
2582803.2
2582803.1
2582802.9
2582802.6
2582802.2
2582801.7
2582801.5
2582801.5
2582801.7
2582801.9
2582802.1
2582802.1
2582802.2
2582802.1
2582802.4
2582803.3
2582803.3
2582803.3
2582803.3
2582803.3
2582803.3
2582803.3
2582803.3
2582803.3
2582803.4
2582803.4
2582803.4
2582803.4
2582803.4
2582803.4
2582803.4
2582803.4
2582803.4
2582803.4
2582803.4
2582803.4
2582803.4
2582803.4
2582803.4
2582803.4
2582803.4
2582803.3
2582803.1
2582802.8
2582802.4
2582802
2582801.8
2582801.8
2582801.9
2582802.2
2582802.3
2582802.3
2582802.4
2582802.4
2582802.7
2582803.6
2582803.6
2582803.6
2582803.6
2582803.6
2582803.6
2582803.6
2582803.6
2582803.6
2582803.6
2582803.6
2582803.6
2582803.6
2582803.6
2582803.6
2582803.6
2582803.6
2582803.6
2582803.6
2582803.6
2582803.6
2582803.7
2582803.7
2582803.7
2582803.7
2582803.6
2582803.5
2582803.3
2582803
2582802.7
2582802.3
2582802
2582802
2582802.2
2582802.4
2582802.6
2582802.6
2582802.7
2582802.6
2582802.9
2582803.8
2582803.8
2582803.8
2582803.8
2582803.8
2582803.8
2582803.8
2582803.8
2582803.8
2582803.8
2582803.8
2582803.8
2582803.8
2582803.8
2582803.8
2582803.8
2582803.9
2582803.9
2582803.9
2582803.9
2582803.9
2582803.9
2582803.9
2582803.9
2582803.9
2582803.8
2582803.7
2582803.6
2582803.3
2582802.9
2582802.6
2582802.3
2582802.3
2582802.5
2582802.7
2582802.8
2582802.8
2582802.9
2582802.9
2582803.1
2582804.1
2582804.1
2582804.1
2582804.1
2582804.1
2582804.1
2582804.1
2582804.1
2582804.1
2582804.1
2582804.1
2582804.1
2582804.1
2582804.1
2582804.1
2582804.1
2582804.1
2582804.1
2582804.1
2582804.1
2582804.1
2582804.1
2582804.1
2582804.1
2582804.1
2582804.1
2582804
2582803.8
2582803.5
2582803.2
2582802.8
2582802.6
2582802.6
2582802.7
2582802.9
2582803
2582803.1
2582803.2
2582803.1
2582803.4
2582804.3
2582804.3
2582804.3
2582804.3
2582804.3
2582804.3
2582804.3
2582804.3
2582804.3
2582804.3
2582804.3
2582804.3
2582804.3
2582804.3
2582804.3
2582804.3
2582804.3
2582804.3
2582804.3
2582804.3
2582804.3
2582804.4
2582804.4
2582804.4
2582804.3
2582804.3
2582804.2
2582804
2582803.7
2582803.4
2582803.1
2582802.9
2582802.9
2582803
2582803.2
2582803.3
2582803.3
2582803.4
2582803.4
2582803.6
2582804.5
2582804.5
2582804.5
2582804.5
2582804.5
2582804.5
2582804.5
2582804.5
2582804.5
2582804.5
2582804.5
2582804.5
2582804.5
2582804.5
2582804.5
2582804.5
2582804.5
2582804.6
2582804.6
2582804.6
2582804.6
2582804.6
2582804.6
2582804.6
2582804.6
2582804.5
2582804.4
2582804.2
2582804
2582803.7
2582803.4
2582803.2
2582803.1
2582803.2
2582803.4
2582803.5
2582803.6
2582803.7
2582803.6
2582803.9
2582804.7
2582804.7
2582804.7
2582804.7
2582804.8
2582804.8
2582804.8
2582804.8
2582804.8
2582804.8
2582804.8
2582804.8
2582804.8
2582804.8
2582804.8
2582804.8
2582804.8
2582804.8
2582804.8
2582804.8
2582804.8
2582804.8
2582804.8
2582804.8
2582804.8
2582804.7
2582804.6
2582804.4
2582804.2
2582803.9
2582803.6
2582803.4
2582803.4
2582803.5
2582803.6
2582803.8
2582803.8
2582803.9
2582803.9
2582804.1
2582805
2582805
2582805
2582805
2582805
2582805
2582805
2582805
2582805
2582805
2582805
2582805
2582805
2582805
2582805
2582805
2582805
2582805
2582805
2582805
2582805
2582805
2582805
2582805
2582805
2582804.9
2582804.8
2582804.7
2582804.4
2582804.1
2582803.9
2582803.7
2582803.7
2582803.7
2582803.9
2582804
2582804
2582804.1
2582804.1
2582804.3
2582805.2
2582805.2
2582805.2
2582805.2
2582805.2
2582805.2
2582805.2
2582805.2
2582805.2
2582805.2
2582805.2
2582805.2
2582805.2
2582805.2
2582805.2
2582805.2
2582805.2
2582805.2
2582805.2
2582805.2
2582805.2
2582805.2
2582805.2
2582805.2
2582805.2
2582805.1
2582805
2582804.9
2582804.7
2582804.4
2582804.1
2582803.9
2582803.9
2582804
2582804.1
2582804.2
2582804.3
2582804.4
2582804.4
2582804.6
2582805.4
2582805.4
2582805.4
2582805.4
2582805.4
2582805.4
2582805.4
2582805.4
2582805.4
2582805.4
2582805.4
2582805.4
2582805.4
2582805.4
2582805.4
2582805.4
2582805.4
2582805.4
2582805.4
2582805.4
2582805.4
2582805.4
2582805.4
2582805.4
2582805.4
2582805.3
2582805.2
2582805.1
2582804.9
2582804.6
2582804.3
2582804.2
2582804.2
2582804.2
2582804.3
2582804.5
2582804.5
2582804.6
2582804.6
2582804.8
2582805.6
2582805.6
2582805.6
2582805.6
2582805.6
2582805.6
2582805.6
2582805.6
2582805.6
2582805.6
2582805.6
2582805.6
2582805.6
2582805.6
2582805.6
2582805.6
2582805.6
2582805.7
2582805.7
2582805.7
2582805.7
2582805.7
2582805.7
2582805.6
2582805.6
2582805.6
2582805.5
2582805.3
2582805.1
2582804.8
2582804.6
2582804.4
2582804.4
2582804.5
2582804.6
2582804.7
2582804.7
2582804.8
2582804.8
2582805
2582805.8
2582805.8
2582805.8
2582805.8
2582805.8
2582805.8
2582805.8
2582805.8
2582805.8
2582805.8
2582805.8
2582805.8
2582805.8
2582805.9
2582805.9
2582805.9
2582805.9
2582805.9
2582805.9
2582805.9
2582805.9
2582805.9
2582805.9
2582805.8
2582805.8
2582805.8
2582805.7
2582805.5
2582805.3
2582805.1
2582804.8
2582804.7
2582804.6
2582804.7
2582804.8
2582804.9
2582805
2582805.1
2582805.1
2582805.2
2582806.1
2582806.1
2582806.1
2582806.1
2582806.1
2582806.1
2582806.1
2582806.1
2582806.1
2582806.1
2582806.1
2582806.1
2582806.1
2582806.1
2582806.1
2582806.1
2582806.1
2582806.1
2582806.1
2582806.1
2582806.1
2582806.1
2582806.1
2582806
2582806
2582806
2582805.9
2582805.7
2582805.5
2582805.3
2582805.1
2582804.9
2582804.9
2582804.9
2582805
2582805.1
2582805.2
2582805.3
2582805.3
2582805.5
2582806.3
2582806.3
2582806.3
2582806.3
2582806.3
2582806.3
2582806.3
2582806.3
2582806.3
2582806.3
2582806.3
2582806.3
2582806.3
2582806.3
2582806.3
2582806.3
2582806.3
2582806.3
2582806.3
2582806.3
2582806.3
2582806.3
2582806.3
2582806.2
2582806.2
2582806.2
2582806.1
2582805.9
2582805.7
2582805.5
2582805.3
2582805.1
2582805.1
2582805.2
2582805.2
2582805.3
2582805.4
2582805.5
2582805.5
2582805.7
2582806.5
2582806.5
2582806.5
2582806.5
2582806.5
2582806.5
2582806.5
2582806.5
2582806.5
2582806.5
2582806.5
2582806.5
2582806.5
2582806.5
2582806.5
2582806.5
2582806.5
2582806.5
2582806.5
2582806.5
2582806.5
2582806.5
2582806.5
2582806.4
2582806.4
2582806.3
2582806.3
2582806.1
2582805.9
2582805.7
2582805.5
2582805.4
2582805.3
2582805.4
2582805.5
2582805.6
2582805.6
2582805.7
2582805.7
2582805.9
2582806.7
2582806.7
2582806.7
2582806.7
2582806.7
2582806.7
2582806.7
2582806.7
2582806.7
2582806.7
2582806.7
2582806.7
2582806.7
2582806.7
2582806.7
2582806.7
2582806.7
2582806.7
2582806.7
2582806.7
2582806.7
2582806.7
2582806.7
2582806.6
2582806.6
2582806.5
2582806.4
2582806.3
2582806.1
2582805.9
2582805.7
2582805.6
2582805.6
2582805.6
2582805.7
2582805.8
2582805.8
2582805.9
2582805.9
2582806.1
2582806.9
2582806.9
2582806.9
2582806.9
2582806.9
2582806.9
2582806.9
2582806.9
2582806.9
2582806.9
2582806.9
2582806.9
2582806.9
2582806.9
2582806.9
2582806.9
2582806.9
2582806.9
2582806.9
2582806.9
2582806.9
2582806.9
2582806.9
2582806.8
2582806.8
2582806.7
2582806.6
2582806.5
2582806.3
2582806.1
2582805.9
2582805.8
2582805.8
2582805.8
2582805.9
2582806
2582806
2582806.1
2582806.1
2582806.3
2582807.1
2582807.1
2582807.1
2582807.1
2582807.1
2582807.1
2582807.1
2582807.1
2582807.1
2582807.1
2582807.1
2582807.1
2582807.1
2582807.1
2582807.1
2582807.1
2582807.1
2582807.1
2582807.1
2582807.1
2582807.1
2582807.1
2582807
2582807
2582807
2582806.9
2582806.8
2582806.7
2582806.5
2582806.3
2582806.2
2582806
2582806
2582806
2582806.1
2582806.2
2582806.2
2582806.3
2582806.4
2582806.5
2582807.2
2582807.2
2582807.2
2582807.2
2582807.3
2582807.3
2582807.3
2582807.3
2582807.3
2582807.3
2582807.3
2582807.3
2582807.3
2582807.3
2582807.3
2582807.3
2582807.3
2582807.3
2582807.3
2582807.3
2582807.3
2582807.2
2582807.2
2582807.2
2582807.2
2582807.1
2582807
2582806.9
2582806.7
2582806.5
2582806.4
2582806.2
2582806.2
2582806.2
2582806.3
2582806.4
2582806.4
2582806.5
2582806.6
2582806.7
2582807.4
2582807.4
2582807.4
2582807.4
2582807.4
2582807.4
2582807.4
2582807.4
2582807.4
2582807.4
2582807.4
2582807.4
2582807.4
2582807.4
2582807.4
2582807.4
2582807.4
2582807.4
2582807.4
2582807.4
2582807.4
2582807.4
2582807.4
2582807.4
2582807.4
2582807.3
2582807.2
2582807.1
2582806.9
2582806.7
2582806.6
2582806.5
2582806.4
2582806.4
2582806.5
2582806.6
2582806.6
2582806.7
2582806.8
2582806.9
2582807.6
2582807.6
2582807.6
2582807.6
2582807.6
2582807.6
2582807.6
2582807.6
2582807.6
2582807.6
2582807.6
2582807.6
2582807.6
2582807.6
2582807.6
2582807.6
2582807.6
2582807.6
2582807.6
2582807.6
2582807.6
2582807.6
2582807.6
2582807.6
2582807.5
2582807.5
2582807.4
2582807.3
2582807.1
2582806.9
2582806.8
2582806.7
2582806.6
2582806.6
2582806.7
2582806.8
2582806.8
2582806.9
2582807
2582807.1
2582807.8
2582807.8
2582807.8
2582807.8
2582807.8
2582807.8
2582807.8
2582807.8
2582807.8
2582807.8
2582807.8
2582807.8
2582807.8
2582807.8
2582807.8
2582807.8
2582807.8
2582807.8
2582807.8
2582807.8
2582807.8
2582807.8
2582807.8
2582807.8
2582807.7
2582807.6
2582807.6
2582807.4
2582807.3
2582807.1
2582807
2582806.9
2582806.8
2582806.8
2582806.9
2582807
2582807
2582807.1
2582807.2
2582807.3
2582808
2582808
2582808
2582808
2582808
2582808
2582808
2582808
2582808
2582808
2582808
2582808
2582808
2582808
2582808
2582808
2582808
2582808
2582808
2582808
2582808
2582808
2582808
2582807.9
2582807.9
2582807.8
2582807.7
2582807.6
2582807.5
2582807.3
2582807.2
2582807.1
2582807
2582807
2582807.1
2582807.2
2582807.2
2582807.3
2582807.3
2582807.5
2582808.2
2582808.2
2582808.2
2582808.2
2582808.2
2582808.2
2582808.2
2582808.2
2582808.2
2582808.2
2582808.2
2582808.2
2582808.2
2582808.2
2582808.2
2582808.2
2582808.2
2582808.2
2582808.2
2582808.2
2582808.2
2582808.1
2582808.1
2582808.1
2582808.1
2582808
2582807.9
2582807.8
2582807.6
2582807.5
2582807.4
2582807.3
2582807.2
2582807.2
2582807.3
2582807.4
2582807.4
2582807.5
2582807.5
2582807.7
2582808.3
2582808.3
2582808.3
2582808.3
2582808.3
2582808.3
2582808.3
2582808.3
2582808.3
2582808.3
2582808.3
2582808.3
2582808.3
2582808.3
2582808.3
2582808.3
2582808.3
2582808.3
2582808.3
2582808.3
2582808.3
2582808.3
2582808.3
2582808.3
2582808.2
2582808.2
2582808.1
2582808
2582807.8
2582807.7
2582807.5
2582807.4
2582807.4
2582807.4
2582807.5
2582807.5
2582807.6
2582807.7
2582807.7
2582807.9
2582808.5
2582808.5
2582808.5
2582808.5
2582808.5
2582808.5
2582808.5
2582808.5
2582808.5
2582808.5
2582808.5
2582808.5
2582808.5
2582808.5
2582808.5
2582808.5
2582808.5
2582808.5
2582808.5
2582808.5
2582808.5
2582808.5
2582808.5
2582808.4
2582808.4
2582808.3
2582808.2
2582808.1
2582808
2582807.9
2582807.7
2582807.6
2582807.6
2582807.6
2582807.7
2582807.7
2582807.8
2582807.9
2582807.9
2582808.1
2582808.7
2582808.7
2582808.7
2582808.7
2582808.7
2582808.7
2582808.7
2582808.7
2582808.7
2582808.7
2582808.7
2582808.7
2582808.7
2582808.7
2582808.7
2582808.7
2582808.7
2582808.7
2582808.7
2582808.7
2582808.7
2582808.7
2582808.6
2582808.6
2582808.6
2582808.5
2582808.4
2582808.3
2582808.2
2582808
2582807.9
2582807.8
2582807.8
2582807.8
2582807.8
2582807.9
2582808
2582808.1
2582808.1
2582808.3
2582808.9
2582808.9
2582808.9
2582808.9
2582808.9
2582808.9
2582808.9
2582808.9
2582808.9
2582808.9
2582808.9
2582808.9
2582808.9
2582808.9
2582808.9
2582808.9
2582808.8
2582808.8
2582808.8
2582808.8
2582808.8
2582808.8
2582808.8
2582808.8
2582808.7
2582808.7
2582808.6
2582808.5
2582808.3
2582808.2
2582808.1
2582808
2582808
2582808
2582808
2582808.1
2582808.1
2582808.2
2582808.3
2582808.4
2582809
2582809
2582809
2582809
2582809
2582809
2582809
2582809
2582809
2582809
2582809
2582809
2582809
2582809
2582809
2582809
2582809
2582809
2582809
2582809
2582809
2582809
2582809
2582808.9
2582808.9
2582808.8
2582808.7
2582808.6
2582808.5
2582808.4
2582808.3
2582808.2
2582808.1
2582808.2
2582808.2
2582808.3
2582808.3
2582808.4
2582808.4
2582808.6
2582809.2
2582809.2
2582809.2
2582809.2
2582809.2
2582809.2
2582809.2
2582809.2
2582809.2
2582809.2
2582809.2
2582809.2
2582809.2
2582809.2
2582809.2
2582809.2
2582809.2
2582809.2
2582809.2
2582809.2
2582809.1
2582809.1
2582809.1
2582809.1
2582809
2582809
2582808.9
2582808.8
2582808.7
2582808.5
2582808.4
2582808.4
2582808.3
2582808.3
2582808.4
2582808.4
2582808.5
2582808.6
2582808.6
2582808.8
2582809.3
2582809.3
2582809.3
2582809.3
2582809.3
2582809.3
2582809.3
2582809.3
2582809.3
2582809.3
2582809.3
2582809.3
2582809.3
2582809.3
2582809.3
2582809.3
2582809.3
2582809.3
2582809.3
2582809.3
2582809.3
2582809.3
2582809.3
2582809.2
2582809.2
2582809.1
2582809
2582808.9
2582808.8
2582808.7
2582808.6
2582808.5
2582808.5
2582808.5
2582808.5
2582808.6
2582808.7
2582808.7
2582808.8
2582809
2582809.5
2582809.5
2582809.5
2582809.5
2582809.5
2582809.5
2582809.5
2582809.5
2582809.5
2582809.5
2582809.5
2582809.5
2582809.5
2582809.5
2582809.5
2582809.5
2582809.5
2582809.5
2582809.5
2582809.5
2582809.5
2582809.4
2582809.4
2582809.4
2582809.3
2582809.3
2582809.2
2582809.1
2582809
2582808.9
2582808.8
2582808.7
2582808.7
2582808.7
2582808.7
2582808.8
2582808.8
2582808.9
2582808.9
2582809.1
2582809.6
2582809.6
2582809.6
2582809.6
2582809.6
2582809.6
2582809.6
2582809.6
2582809.6
2582809.6
2582809.6
2582809.6
2582809.6
2582809.6
2582809.6
2582809.6
2582809.6
2582809.6
2582809.6
2582809.6
2582809.6
2582809.6
2582809.6
2582809.5
2582809.5
2582809.4
2582809.3
2582809.3
2582809.1
2582809
2582808.9
2582808.9
2582808.8
2582808.8
2582808.9
2582808.9
2582809
2582809.1
2582809.1
2582809.3
2582809.8
2582809.8
2582809.8
2582809.8
2582809.8
2582809.8
2582809.8
2582809.8
2582809.8
2582809.8
2582809.8
2582809.8
2582809.8
2582809.8
2582809.8
2582809.8
2582809.8
2582809.8
2582809.8
2582809.8
2582809.8
2582809.7
2582809.7
2582809.7
2582809.6
2582809.6
2582809.5
2582809.4
2582809.3
2582809.2
2582809.1
2582809
2582809
2582809
2582809
2582809.1
2582809.1
2582809.2
2582809.3
2582809.4
2582809.9
2582809.9
2582809.9
2582809.9
2582809.9
2582809.9
2582809.9
2582809.9
2582809.9
2582809.9
2582809.9
2582809.9
2582809.9
2582809.9
2582809.9
2582809.9
2582809.9
2582809.9
2582809.9
2582809.9
2582809.9
2582809.9
2582809.9
2582809.8
2582809.8
2582809.7
2582809.6
2582809.5
2582809.4
2582809.3
2582809.2
2582809.2
2582809.1
2582809.1
2582809.2
2582809.2
2582809.3
2582809.4
2582809.4
2582809.6
2582810.1
2582810.1
2582810.1
2582810.1
2582810.1
2582810.1
2582810.1
2582810.1
2582810.1
2582810.1
2582810.1
2582810.1
2582810.1
2582810.1
2582810.1
2582810.1
2582810.1
2582810.1
2582810.1
2582810
2582810
2582810
2582810
2582810
2582809.9
2582809.9
2582809.8
2582809.7
2582809.6
2582809.5
2582809.4
2582809.3
2582809.3
2582809.3
2582809.3
2582809.4
2582809.4
2582809.5
2582809.6
2582809.8
2582810.2
2582810.2
2582810.2
2582810.2
2582810.2
2582810.2
2582810.2
2582810.2
2582810.2
2582810.2
2582810.2
2582810.2
2582810.2
2582810.2
2582810.2
2582810.2
2582810.2
2582810.2
2582810.2
2582810.2
2582810.2
2582810.2
2582810.1
2582810.1
2582810.1
2582810
2582809.9
2582809.8
2582809.7
2582809.6
2582809.5
2582809.5
2582809.5
2582809.5
2582809.5
2582809.5
2582809.6
2582809.7
2582809.7
2582809.9
2582810.4
2582810.4
2582810.4
2582810.4
2582810.4
2582810.4
2582810.4
2582810.4
2582810.4
2582810.4
2582810.4
2582810.4
2582810.4
2582810.4
2582810.4
2582810.4
2582810.3
2582810.3
2582810.3
2582810.3
2582810.3
2582810.3
2582810.3
2582810.2
2582810.2
2582810.1
2582810.1
2582810
2582809.9
2582809.8
2582809.7
2582809.6
2582809.6
2582809.6
2582809.6
2582809.7
2582809.7
2582809.8
2582809.9
2582810
2582810.5
2582810.5
2582810.5
2582810.5
2582810.5
2582810.5
2582810.5
2582810.5
2582810.5
2582810.5
2582810.5
2582810.5
2582810.5
2582810.5
2582810.5
2582810.5
2582810.5
2582810.5
2582810.5
2582810.5
2582810.4
2582810.4
2582810.4
2582810.4
2582810.3
2582810.3
2582810.2
2582810.1
2582810
2582809.9
2582809.8
2582809.8
2582809.7
2582809.7
2582809.8
2582809.8
2582809.9
2582810
2582810
2582810.2
2582810.6
2582810.6
2582810.6
2582810.6
2582810.6
2582810.6
2582810.6
2582810.6
2582810.6
2582810.6
2582810.6
2582810.6
2582810.6
2582810.6
2582810.6
2582810.6
2582810.6
2582810.6
2582810.6
2582810.6
2582810.6
2582810.6
2582810.5
2582810.5
2582810.4
2582810.4
2582810.3
2582810.2
2582810.1
2582810.1
2582810
2582809.9
2582809.9
2582809.9
2582809.9
2582810
2582810
2582810.1
2582810.2
2582810.3
2582810.8
2582810.8
2582810.8
2582810.8
2582810.8
2582810.8
2582810.8
2582810.8
2582810.8
2582810.8
2582810.8
2582810.8
2582810.8
2582810.8
2582810.8
2582810.7
2582810.7
2582810.7
2582810.7
2582810.7
2582810.7
2582810.7
2582810.7
2582810.6
2582810.6
2582810.5
2582810.4
2582810.4
2582810.3
2582810.2
2582810.1
2582810.1
2582810
2582810
2582810.1
2582810.1
2582810.2
2582810.2
2582810.3
2582810.5
2582810.9
2582810.9
2582810.9
2582810.9
2582810.9
2582810.9
2582810.9
2582810.9
2582810.9
2582810.9
2582810.9
2582810.9
2582810.9
2582810.9
2582810.9
2582810.9
2582810.9
2582810.9
2582810.9
2582810.8
2582810.8
2582810.8
2582810.8
2582810.7
2582810.7
2582810.6
2582810.6
2582810.5
2582810.4
2582810.3
2582810.2
2582810.2
2582810.2
2582810.2
2582810.2
2582810.2
2582810.3
2582810.4
2582810.4
2582810.6
2582811
2582811
2582811
2582811
2582811
2582811
2582811
2582811
2582811
2582811
2582811
2582811
2582811
2582811
2582811
2582811
2582811
2582811
2582811
2582811
2582810.9
2582810.9
2582810.9
2582810.9
2582810.8
2582810.8
2582810.7
2582810.6
2582810.5
2582810.4
2582810.4
2582810.3
2582810.3
2582810.3
2582810.3
2582810.4
2582810.4
2582810.5
2582810.6
2582810.7
2582811.1
2582811.1
2582811.1
2582811.1
2582811.1
2582811.1
2582811.1
2582811.1
2582811.1
2582811.1
2582811.1
2582811.1
2582811.1
2582811.1
2582811.1
2582811.1
2582811.1
2582811.1
2582811.1
2582811.1
2582811.1
2582811
2582811
2582811
2582810.9
2582810.9
2582810.8
2582810.7
2582810.7
2582810.6
2582810.5
2582810.4
2582810.4
2582810.4
2582810.5
2582810.5
2582810.6
2582810.6
2582810.7
2582810.9
2582811.3
2582811.3
2582811.3
2582811.3
2582811.3
2582811.3
2582811.3
2582811.2
2582811.2
2582811.2
2582811.2
2582811.2
2582811.2
2582811.2
2582811.2
2582811.2
2582811.2
2582811.2
2582811.2
2582811.2
2582811.2
2582811.2
2582811.1
2582811.1
2582811.1
2582811
2582810.9
2582810.9
2582810.8
2582810.7
2582810.6
2582810.6
2582810.6
2582810.6
2582810.6
2582810.6
2582810.7
2582810.8
2582810.8
2582811
2582811.4
2582811.4
2582811.4
2582811.4
2582811.4
2582811.4
2582811.4
2582811.4
2582811.4
2582811.4
2582811.4
2582811.4
2582811.4
2582811.4
2582811.4
2582811.3
2582811.3
2582811.3
2582811.3
2582811.3
2582811.3
2582811.3
2582811.2
2582811.2
2582811.2
2582811.1
2582811
2582811
2582810.9
2582810.8
2582810.7
2582810.7
2582810.7
2582810.7
2582810.7
2582810.7
2582810.8
2582810.9
2582810.9
2582811.1
2582811.5
2582811.5
2582811.5
2582811.5
2582811.5
2582811.5
2582811.5
2582811.5
2582811.5
2582811.5
2582811.5
2582811.5
2582811.5
2582811.5
2582811.5
2582811.5
2582811.5
2582811.4
2582811.4
2582811.4
2582811.4
2582811.4
2582811.4
2582811.3
2582811.3
2582811.2
2582811.2
2582811.1
2582811
2582810.9
2582810.9
2582810.8
2582810.8
2582810.8
2582810.8
2582810.9
2582810.9
2582811
2582811.1
2582811.2
2582811.6
2582811.6
2582811.6
2582811.6
2582811.6
2582811.6
2582811.6
2582811.6
2582811.6
2582811.6
2582811.6
2582811.6
2582811.6
2582811.6
2582811.6
2582811.6
2582811.6
2582811.6
2582811.5
2582811.5
2582811.5
2582811.5
2582811.5
2582811.4
2582811.4
2582811.3
2582811.3
2582811.2
2582811.1
2582811
2582811
2582810.9
2582810.9
2582810.9
2582810.9
2582811
2582811
2582811.1
2582811.2
2582811.3
2582811.7
2582811.7
2582811.7
2582811.7
2582811.7
2582811.7
2582811.7
2582811.7
2582811.7
2582811.7
2582811.7
2582811.7
2582811.7
2582811.7
2582811.7
2582811.7
2582811.7
2582811.7
2582811.6
2582811.6
2582811.6
2582811.6
2582811.6
2582811.5
2582811.5
2582811.4
2582811.4
2582811.3
2582811.2
2582811.2
2582811.1
2582811
2582811
2582811
2582811.1
2582811.1
2582811.2
2582811.2
2582811.3
2582811.5
2582811.8
2582811.8
2582811.8
2582811.8
2582811.8
2582811.8
2582811.8
2582811.8
2582811.8
2582811.8
2582811.8
2582811.8
2582811.8
2582811.8
2582811.8
2582811.8
2582811.8
2582811.8
2582811.8
2582811.7
2582811.7
2582811.7
2582811.7
2582811.6
2582811.6
2582811.5
2582811.5
2582811.4
2582811.3
2582811.3
2582811.2
2582811.2
2582811.1
2582811.1
2582811.2
2582811.2
2582811.3
2582811.3
2582811.4
2582811.6
2582811.9
2582811.9
2582811.9
2582811.9
2582811.9
2582811.9
2582811.9
2582811.9
2582811.9
2582811.9
2582811.9
2582811.9
2582811.9
2582811.9
2582811.9
2582811.9
2582811.9
2582811.9
2582811.9
2582811.8
2582811.8
2582811.8
2582811.8
2582811.7
2582811.7
2582811.6
2582811.6
2582811.5
2582811.4
2582811.4
2582811.3
2582811.3
2582811.2
2582811.2
2582811.3
2582811.3
2582811.4
2582811.5
2582811.5
2582811.7
2582812
2582812
2582812
2582812
2582812
2582812
2582812
2582812
2582812
2582812
2582812
2582812
2582812
2582812
2582812
2582812
2582812
2582812
2582811.9
2582811.9
2582811.9
2582811.9
2582811.9
2582811.8
2582811.8
2582811.7
2582811.7
2582811.6
2582811.5
2582811.5
2582811.4
2582811.4
2582811.3
2582811.4
2582811.4
2582811.4
2582811.5
2582811.6
2582811.6
2582811.8
2582812.1
2582812.1
2582812.1
2582812.1
2582812.1
2582812.1
2582812.1
2582812.1
2582812.1
2582812.1
2582812.1
2582812.1
2582812.1
2582812.1
2582812.1
2582812.1
2582812.1
2582812.1
2582812
2582812
2582812
2582812
2582812
2582811.9
2582811.9
2582811.8
2582811.8
2582811.7
2582811.6
2582811.6
2582811.5
2582811.5
2582811.5
2582811.5
2582811.5
2582811.5
2582811.6
2582811.7
2582811.7
2582811.9
2582812.2
2582812.2
2582812.2
2582812.2
2582812.2
2582812.2
2582812.2
2582812.2
2582812.2
2582812.2
2582812.2
2582812.2
2582812.2
2582812.2
2582812.2
2582812.2
2582812.2
2582812.1
2582812.1
2582812.1
2582812.1
2582812.1
2582812
2582812
2582812
2582811.9
2582811.9
2582811.8
2582811.7
2582811.7
2582811.6
2582811.6
2582811.5
2582811.6
2582811.6
2582811.6
2582811.7
2582811.8
2582811.8
2582812
2582812.3
2582812.3
2582812.3
2582812.3
2582812.3
2582812.3
2582812.3
2582812.3
2582812.3
2582812.3
2582812.3
2582812.3
2582812.3
2582812.3
2582812.3
2582812.2
2582812.2
2582812.2
2582812.2
2582812.2
2582812.2
2582812.2
2582812.1
2582812.1
2582812.1
2582812
2582811.9
2582811.9
2582811.8
2582811.8
2582811.7
2582811.7
2582811.6
2582811.6
2582811.7
2582811.7
2582811.8
2582811.9
2582811.9
2582812.1
2582812.4
2582812.4
2582812.4
2582812.4
2582812.4
2582812.4
2582812.4
2582812.4
2582812.4
2582812.4
2582812.4
2582812.4
2582812.3
2582812.3
2582812.3
2582812.3
2582812.3
2582812.3
2582812.3
2582812.3
2582812.3
2582812.2
2582812.2
2582812.2
2582812.1
2582812.1
2582812
2582812
2582811.9
2582811.8
2582811.8
2582811.8
2582811.7
2582811.7
2582811.8
2582811.8
2582811.9
2582811.9
2582812
2582812.2
2582812.4
2582812.4
2582812.4
2582812.4
2582812.4
2582812.4
2582812.4
2582812.4
2582812.4
2582812.4
2582812.4
2582812.4
2582812.4
2582812.4
2582812.4
2582812.4
2582812.4
2582812.4
2582812.4
2582812.4
2582812.4
2582812.3
2582812.3
2582812.3
2582812.2
2582812.2
2582812.1
2582812.1
2582812
2582811.9
2582811.9
2582811.8
2582811.8
2582811.8
2582811.9
2582811.9
2582812
2582812
2582812.1
2582812.3
2582812.5
2582812.5
2582812.5
2582812.5
2582812.5
2582812.5
2582812.5
2582812.5
2582812.5
2582812.5
2582812.5
2582812.5
2582812.5
2582812.5
2582812.5
2582812.5
2582812.5
2582812.5
2582812.5
2582812.5
2582812.4
2582812.4
2582812.4
2582812.3
2582812.3
2582812.3
2582812.2
2582812.1
2582812.1
2582812
2582812
2582811.9
2582811.9
2582811.9
2582811.9
2582812
2582812
2582812.1
2582812.2
2582812.3
2582812.6
2582812.6
2582812.6
2582812.6
2582812.6
2582812.6
2582812.6
2582812.6
2582812.6
2582812.6
2582812.6
2582812.6
2582812.6
2582812.6
2582812.6
2582812.6
2582812.6
2582812.6
2582812.5
2582812.5
2582812.5
2582812.5
2582812.5
2582812.4
2582812.4
2582812.3
2582812.3
2582812.2
2582812.2
2582812.1
2582812
2582812
2582812
2582812
2582812
2582812.1
2582812.1
2582812.2
2582812.3
2582812.4
2582812.7
2582812.7
2582812.7
2582812.7
2582812.7
2582812.7
2582812.7
2582812.7
2582812.7
2582812.7
2582812.7
2582812.7
2582812.7
2582812.7
2582812.7
2582812.7
2582812.6
2582812.6
2582812.6
2582812.6
2582812.6
2582812.6
2582812.5
2582812.5
2582812.5
2582812.4
2582812.3
2582812.3
2582812.2
2582812.2
2582812.1
2582812.1
2582812.1
2582812.1
2582812.1
2582812.1
2582812.2
2582812.3
2582812.3
2582812.5
2582812.8
2582812.8
2582812.8
2582812.8
2582812.8
2582812.8
2582812.7
2582812.7
2582812.7
2582812.7
2582812.7
2582812.7
2582812.7
2582812.7
2582812.7
2582812.7
2582812.7
2582812.7
2582812.7
2582812.7
2582812.7
2582812.6
2582812.6
2582812.6
2582812.5
2582812.5
2582812.4
2582812.4
2582812.3
2582812.2
2582812.2
2582812.2
2582812.2
2582812.2
2582812.2
2582812.2
2582812.3
2582812.4
2582812.4
2582812.6
2582812.8
2582812.8
2582812.8
2582812.8
2582812.8
2582812.8
2582812.8
2582812.8
2582812.8
2582812.8
2582812.8
2582812.8
2582812.8
2582812.8
2582812.8
2582812.8
2582812.8
2582812.8
2582812.8
2582812.7
2582812.7
2582812.7
2582812.7
2582812.6
2582812.6
2582812.5
2582812.5
2582812.4
2582812.4
2582812.3
2582812.3
2582812.2
2582812.2
2582812.2
2582812.3
2582812.3
2582812.3
2582812.4
2582812.5
2582812.7
2582812.9
2582812.9
2582812.9
2582812.9
2582812.9
2582812.9
2582812.9
2582812.9
2582812.9
2582812.9
2582812.9
2582812.9
2582812.9
2582812.9
2582812.9
2582812.9
2582812.8
2582812.8
2582812.8
2582812.8
2582812.8
2582812.8
2582812.7
2582812.7
2582812.7
2582812.6
2582812.6
2582812.5
2582812.4
2582812.4
2582812.3
2582812.3
2582812.3
2582812.3
2582812.3
2582812.4
2582812.4
2582812.5
2582812.6
2582812.7
2582813
2582813
2582813
2582813
2582813
2582812.9
2582812.9
2582812.9
2582812.9
2582812.9
2582812.9
2582812.9
2582812.9
2582812.9
2582812.9
2582812.9
2582812.9
2582812.9
2582812.9
2582812.9
2582812.9
2582812.8
2582812.8
2582812.8
2582812.7
2582812.7
2582812.6
2582812.6
2582812.5
2582812.5
2582812.4
2582812.4
2582812.4
2582812.4
2582812.4
2582812.4
2582812.5
2582812.6
2582812.6
2582812.8
2582813
2582813
2582813
2582813
2582813
2582813
2582813
2582813
2582813
2582813
2582813
2582813
2582813
2582813
2582813
2582813
2582813
2582813
2582812.9
2582812.9
2582812.9
2582812.9
2582812.9
2582812.8
2582812.8
2582812.7
2582812.7
2582812.6
2582812.6
2582812.5
2582812.5
2582812.4
2582812.4
2582812.4
2582812.5
2582812.5
2582812.6
2582812.6
2582812.7
2582812.9
2582813.1
2582813.1
2582813.1
2582813.1
2582813.1
2582813.1
2582813.1
2582813.1
2582813.1
2582813.1
2582813.1
2582813.1
2582813.1
2582813.1
2582813
2582813
2582813
2582813
2582813
2582813
2582813
2582812.9
2582812.9
2582812.9
2582812.8
2582812.8
2582812.7
2582812.7
2582812.6
2582812.6
2582812.5
2582812.5
2582812.5
2582812.5
2582812.5
2582812.6
2582812.6
2582812.7
2582812.7
2582812.9
2582813.1
2582813.1
2582813.1
2582813.1
2582813.1
2582813.1
2582813.1
2582813.1
2582813.1
2582813.1
2582813.1
2582813.1
2582813.1
2582813.1
2582813.1
2582813.1
2582813.1
2582813.1
2582813.1
2582813
2582813
2582813
2582813
2582812.9
2582812.9
2582812.8
2582812.8
2582812.7
2582812.7
2582812.6
2582812.6
2582812.6
2582812.5
2582812.6
2582812.6
2582812.6
2582812.7
2582812.8
2582812.8
2582813
2582813.2
2582813.2
2582813.2
2582813.2
2582813.2
2582813.2
2582813.2
2582813.2
2582813.2
2582813.2
2582813.2
2582813.2
2582813.2
2582813.2
2582813.2
2582813.1
2582813.1
2582813.1
2582813.1
2582813.1
2582813.1
2582813
2582813
2582813
2582812.9
2582812.9
2582812.8
2582812.8
2582812.7
2582812.7
2582812.6
2582812.6
2582812.6
2582812.6
2582812.6
2582812.7
2582812.7
2582812.8
2582812.9
2582813
2582813.2
2582813.2
2582813.2
2582813.2
2582813.2
2582813.2
2582813.2
2582813.2
2582813.2
2582813.2
2582813.2
2582813.2
2582813.2
2582813.2
2582813.2
2582813.2
2582813.2
2582813.2
2582813.2
2582813.1
2582813.1
2582813.1
2582813.1
2582813
2582813
2582812.9
2582812.9
2582812.8
2582812.8
2582812.7
2582812.7
2582812.7
2582812.7
2582812.7
2582812.7
2582812.7
2582812.8
2582812.9
2582812.9
2582813.1
2582813.3
2582813.3
2582813.3
2582813.3
2582813.3
2582813.3
2582813.3
2582813.3
2582813.3
2582813.3
2582813.3
2582813.3
2582813.3
2582813.3
2582813.2
2582813.2
2582813.2
2582813.2
2582813.2
2582813.2
2582813.2
2582813.1
2582813.1
2582813.1
2582813
2582813
2582812.9
2582812.9
2582812.8
2582812.8
2582812.7
2582812.7
2582812.7
2582812.7
2582812.7
2582812.8
2582812.8
2582812.9
2582813
2582813.1
2582813.3
2582813.3
2582813.3
2582813.3
2582813.3
2582813.3
2582813.3
2582813.3
2582813.3
2582813.3
2582813.3
2582813.3
2582813.3
2582813.3
2582813.3
2582813.3
2582813.3
2582813.3
2582813.3
2582813.2
2582813.2
2582813.2
2582813.2
2582813.1
2582813.1
2582813
2582813
2582812.9
2582812.9
2582812.8
2582812.8
2582812.8
2582812.8
2582812.8
2582812.8
2582812.8
2582812.9
2582813
2582813
2582813.2
2582813.4
2582813.4
2582813.4
2582813.4
2582813.4
2582813.4
2582813.4
2582813.4
2582813.4
2582813.4
2582813.3
2582813.3
2582813.3
2582813.3
2582813.3
2582813.3
2582813.3
2582813.3
2582813.3
2582813.3
2582813.3
2582813.2
2582813.2
2582813.2
2582813.1
2582813.1
2582813
2582813
2582812.9
2582812.9
2582812.8
2582812.8
2582812.8
2582812.8
2582812.8
2582812.9
2582812.9
2582813
2582813.1
2582813.2
2582813.4
2582813.4
2582813.4
2582813.4
2582813.4
2582813.4
2582813.4
2582813.4
2582813.4
2582813.4
2582813.4
2582813.4
2582813.4
2582813.4
2582813.4
2582813.4
2582813.4
2582813.3
2582813.3
2582813.3
2582813.3
2582813.3
2582813.2
2582813.2
2582813.2
2582813.1
2582813.1
2582813
2582813
2582812.9
2582812.9
2582812.8
2582812.8
2582812.8
2582812.9
2582812.9
2582813
2582813
2582813.1
2582813.3
2582813.4
2582813.4
2582813.4
2582813.4
2582813.4
2582813.4
2582813.4
2582813.4
2582813.4
2582813.4
2582813.4
2582813.4
2582813.4
2582813.4
2582813.4
2582813.4
2582813.4
2582813.4
2582813.4
2582813.3
2582813.3
2582813.3
2582813.3
2582813.2
2582813.2
2582813.1
2582813.1
2582813
2582813
2582812.9
2582812.9
2582812.9
2582812.9
2582812.9
2582812.9
2582812.9
2582813
2582813.1
2582813.1
2582813.3
2582813.5
2582813.5
2582813.5
2582813.5
2582813.5
2582813.5
2582813.5
2582813.5
2582813.5
2582813.5
2582813.5
2582813.5
2582813.4
2582813.4
2582813.4
2582813.4
2582813.4
2582813.4
2582813.4
2582813.4
2582813.4
2582813.3
2582813.3
2582813.3
2582813.2
2582813.2
2582813.1
2582813.1
2582813
2582813
2582812.9
2582812.9
2582812.9
2582812.9
2582812.9
2582813
2582813
2582813.1
2582813.2
2582813.3
2582813.5
2582813.5
2582813.5
2582813.5
2582813.5
2582813.5
2582813.5
2582813.5
2582813.5
2582813.5
2582813.5
2582813.5
2582813.5
2582813.5
2582813.5
2582813.5
2582813.4
2582813.4
2582813.4
2582813.4
2582813.4
2582813.4
2582813.3
2582813.3
2582813.3
2582813.2
2582813.2
2582813.1
2582813.1
2582813
2582813
2582812.9
2582812.9
2582812.9
2582813
2582813
2582813.1
2582813.1
2582813.2
2582813.4
2582813.5
2582813.5
2582813.5
2582813.5
2582813.5
2582813.5
2582813.5
2582813.5
2582813.5
2582813.5
2582813.5
2582813.5
2582813.5
2582813.5
2582813.5
2582813.5
2582813.5
2582813.5
2582813.4
2582813.4
2582813.4
2582813.4
2582813.4
2582813.3
2582813.3
2582813.2
2582813.2
2582813.1
2582813.1
2582813
2582813
2582813
2582813
2582813
2582813
2582813
2582813.1
2582813.2
2582813.2
2582813.4
2582813.5
2582813.5
2582813.5
2582813.5
2582813.5
2582813.5
2582813.5
2582813.5
2582813.5
2582813.5
2582813.5
2582813.5
2582813.5
2582813.5
2582813.5
2582813.5
2582813.5
2582813.5
2582813.5
2582813.5
2582813.4
2582813.4
2582813.4
2582813.3
2582813.3
2582813.3
2582813.2
2582813.2
2582813.1
2582813.1
2582813
2582813
2582813
2582813
2582813
2582813.1
2582813.1
2582813.2
2582813.2
2582813.4
2582813.6
2582813.6
2582813.6
2582813.6
2582813.6
2582813.6
2582813.6
2582813.6
2582813.6
2582813.6
2582813.6
2582813.6
2582813.5
2582813.5
2582813.5
2582813.5
2582813.5
2582813.5
2582813.5
2582813.5
2582813.5
2582813.4
2582813.4
2582813.4
2582813.3
2582813.3
2582813.2
2582813.2
2582813.1
2582813.1
2582813
2582813
2582813
2582813
2582813
2582813.1
2582813.1
2582813.2
2582813.3
2582813.4
2582813.6
2582813.6
2582813.6
2582813.6
2582813.6
2582813.6
2582813.6
2582813.6
2582813.6
2582813.6
2582813.6
2582813.6
2582813.6
2582813.6
2582813.6
2582813.5
2582813.5
2582813.5
2582813.5
2582813.5
2582813.5
2582813.4
2582813.4
2582813.4
2582813.3
2582813.3
2582813.2
2582813.2
2582813.1
2582813.1
2582813.1
2582813
2582813
2582813
2582813.1
2582813.1
2582813.2
2582813.2
2582813.3
2582813.4
2582813.6
2582813.6
2582813.6
2582813.6
2582813.6
2582813.6
2582813.6
2582813.6
2582813.6
2582813.6
2582813.6
2582813.6
2582813.6
2582813.6
2582813.6
2582813.6
2582813.6
2582813.5
2582813.5
2582813.5
2582813.5
2582813.5
2582813.4
2582813.4
2582813.4
2582813.3
2582813.3
2582813.2
2582813.2
2582813.1
2582813.1
2582813.1
2582813
2582813.1
2582813.1
2582813.1
2582813.2
2582813.2
2582813.3
2582813.5
2582813.6
2582813.6
2582813.6
2582813.6
2582813.6
2582813.6
2582813.6
2582813.6
2582813.6
2582813.6
2582813.6
2582813.6
2582813.6
2582813.6
2582813.6
2582813.6
2582813.6
2582813.6
2582813.5
2582813.5
2582813.5
2582813.5
2582813.4
2582813.4
2582813.4
2582813.3
2582813.3
2582813.2
2582813.2
2582813.1
2582813.1
2582813.1
2582813.1
2582813.1
2582813.1
2582813.1
2582813.2
2582813.3
2582813.3
2582813.5
2582813.6
2582813.6
2582813.6
2582813.6
2582813.6
2582813.6
2582813.6
2582813.6
2582813.6
2582813.6
2582813.6
2582813.6
2582813.6
2582813.6
2582813.6
2582813.6
2582813.6
2582813.6
2582813.5
2582813.5
2582813.5
2582813.5
2582813.5
2582813.4
2582813.4
2582813.3
2582813.3
2582813.2
2582813.2
2582813.1
2582813.1
2582813.1
2582813.1
2582813.1
2582813.1
2582813.1
2582813.2
2582813.3
2582813.3
2582813.5
2582813.6
2582813.6
2582813.6
2582813.6
2582813.6
2582813.6
2582813.6
2582813.6
2582813.6
2582813.6
2582813.6
2582813.6
2582813.6
2582813.6
2582813.6
2582813.6
2582813.6
2582813.6
2582813.6
2582813.5
2582813.5
2582813.5
2582813.5
2582813.4
2582813.4
2582813.3
2582813.3
2582813.2
2582813.2
2582813.1
2582813.1
2582813.1
2582813.1
2582813.1
2582813.1
2582813.1
2582813.2
2582813.3
2582813.3
2582813.5
2582813.6
2582813.6
2582813.6
2582813.6
2582813.6
2582813.6
2582813.6
2582813.6
2582813.6
2582813.6
2582813.6
2582813.6
2582813.6
2582813.6
2582813.6
2582813.6
2582813.6
2582813.6
2582813.6
2582813.5
2582813.5
2582813.5
2582813.5
2582813.4
2582813.4
2582813.3
2582813.3
2582813.2
2582813.2
2582813.2
2582813.1
2582813.1
2582813.1
2582813.1
2582813.1
2582813.2
2582813.2
2582813.3
2582813.3
2582813.5
)
;

boundaryField
{
    piston
    {
        type            zeroGradient;
    }
    cylinderHead
    {
        type            zeroGradient;
    }
    cylinderWall
    {
        type            zeroGradient;
    }
    wedgeFront
    {
        type            wedge;
    }
    wedgeBack
    {
        type            wedge;
    }
    axis
    {
        type            empty;
    }
}


// ************************************************************************* //
