/*--------------------------------*- C++ -*----------------------------------*\
  =========                 |
  \\      /  F ield         | OpenFOAM: The Open Source CFD Toolbox
   \\    /   O peration     | Website:  https://openfoam.org
    \\  /    A nd           | Version:  13
     \\/     M anipulation  |
\*---------------------------------------------------------------------------*/
FoamFile
{
    format      ascii;
    class       volScalarField;
    location    "0";
    object      rho;
}
// * * * * * * * * * * * * * * * * * * * * * * * * * * * * * * * * * * * * * //

dimensions      [1 -3 0 0 0 0 0];

internalField   nonuniform List<scalar> 
4800
(
15.43309
15.425007
15.422881
15.423948
15.424426
15.424624
15.424915
15.425217
15.425562
15.426052
15.426756
15.427579
15.4287
15.430259
15.432249
15.434899
15.438535
15.44354
15.4505
15.460485
15.475277
15.497945
15.531162
15.577145
15.638477
15.698723
15.688684
15.564014
15.842671
16.418424
16.246092
16.035243
15.685793
15.339813
15.043376
14.769717
14.499971
14.045328
13.478088
12.770952
11.782345
11.797949
11.803309
11.800558
11.798891
11.797762
11.796583
11.795226
11.79362
11.791711
11.789445
11.786761
11.783581
11.779811
11.775317
11.769918
11.763362
11.7553
11.745212
11.732292
11.71521
11.691716
11.660549
11.619011
11.548858
11.393262
11.10376
11.005801
11.57676
13.075746
13.454349
12.950202
12.339741
11.94628
11.779981
11.74367
11.684984
11.580445
11.44337
11.310499
11.336158
11.35066
11.355535
11.353008
11.351528
11.350559
11.349544
11.348379
11.346993
11.345331
11.343351
11.340999
11.338193
11.334844
11.330827
11.325963
11.32001
11.312624
11.303295
11.291215
11.27501
11.251858
11.216559
11.16226
11.074609
10.918045
10.712198
10.704226
11.235538
12.135736
12.314058
11.823311
11.412915
11.237451
11.21267
11.223383
11.228827
11.229332
11.236783
11.270019
11.407017
11.419606
11.423675
11.421522
11.420312
11.419543
11.418737
11.417809
11.416697
11.415354
11.413745
11.411825
11.409514
11.406734
11.403372
11.39926
11.394173
11.387785
11.379603
11.368821
11.353835
11.331947
11.29977
11.254127
11.167593
11.004428
10.807705
10.807383
11.197274
11.715712
11.752203
11.375114
11.15155
11.106765
11.12754
11.149584
11.170785
11.197138
11.230932
11.27835
11.544284
11.554192
11.557246
11.555592
11.554688
11.554115
11.553514
11.55282
11.551983
11.550968
11.549745
11.548279
11.546503
11.544352
11.541732
11.538499
11.53446
11.529332
11.522674
11.51365
11.50084
11.482675
11.457912
11.413756
11.319627
11.137602
10.909492
10.866629
11.147622
11.473129
11.452129
11.19053
11.089518
11.106529
11.140344
11.163394
11.18447
11.212192
11.245282
11.284186
11.653537
11.660161
11.662109
11.66103
11.660445
11.660065
11.659666
11.659203
11.658643
11.657963
11.657141
11.656151
11.654945
11.653478
11.651679
11.649442
11.646624
11.64301
11.638231
11.631591
11.622494
11.609837
11.590343
11.547932
11.454164
11.257934
10.987774
10.887167
11.089438
11.317444
11.284562
11.115084
11.08662
11.129793
11.166872
11.193569
11.212942
11.236362
11.263646
11.289337
11.720496
11.724169
11.725203
11.724617
11.724296
11.724078
11.72385
11.723583
11.723261
11.722869
11.722394
11.721821
11.72112
11.720263
11.719206
11.717883
11.716204
11.714025
11.711061
11.707115
11.701645
11.694079
11.678322
11.64358
11.560282
11.363126
11.055701
10.892894
11.03338
11.211776
11.187057
11.083294
11.0922
11.140314
11.180649
11.222912
11.245821
11.264119
11.284231
11.294076
11.754308
11.756009
11.756468
11.756199
11.756048
11.755939
11.755826
11.755693
11.755533
11.755338
11.755103
11.754818
11.754469
11.75404
11.753509
11.752841
11.751984
11.750849
11.749352
11.74736
11.744638
11.739859
11.729166
11.704591
11.638216
11.454556
11.122228
10.896777
10.982848
11.135695
11.125754
11.063378
11.0822
11.118098
11.167432
11.24359
11.279694
11.293898
11.306213
11.298535
11.768717
11.769386
11.769558
11.769449
11.769386
11.769338
11.769287
11.769228
11.769158
11.769072
11.76897
11.768846
11.768694
11.768508
11.768276
11.767982
11.767603
11.767101
11.766458
11.765584
11.764318
11.761545
11.755346
11.739978
11.691858
11.53258
11.191352
10.905588
10.938121
11.076347
11.081173
11.039207
11.045683
11.056432
11.12516
11.251844
11.312135
11.324791
11.328925
11.302779
11.773983
11.77421
11.774263
11.774222
11.774196
11.774175
11.774153
11.774129
11.774099
11.774065
11.774024
11.773975
11.773915
11.773843
11.773753
11.773638
11.773489
11.773302
11.773057
11.772723
11.772129
11.770744
11.767578
11.758886
11.726653
11.59725
11.263995
10.923294
10.898935
11.025456
11.042398
11.004864
10.985033
10.969574
11.070571
11.250551
11.341506
11.356253
11.351831
11.306844
11.775635
11.7757
11.77571
11.775693
11.775681
11.775671
11.775661
11.77565
11.775637
11.775622
11.775606
11.775587
11.775565
11.775539
11.775506
11.775466
11.775415
11.775352
11.775269
11.775152
11.77489
11.774287
11.772831
11.768301
11.748066
11.648968
11.339168
10.952547
10.865643
10.977991
11.004082
10.961514
10.912787
10.885868
11.034067
11.250636
11.367916
11.388137
11.374536
11.310748
11.776053
11.776067
11.776064
11.776055
11.776047
11.776041
11.776035
11.776028
11.776021
11.776013
11.776006
11.775997
11.775988
11.775978
11.775967
11.775953
11.775937
11.775919
11.775894
11.775853
11.775755
11.775523
11.774913
11.772708
11.760664
11.688749
11.41469
10.995186
10.839627
10.931264
10.964077
10.913229
10.842156
10.827927
11.040589
11.266338
11.394065
11.420689
11.396753
11.314502
11.776104
11.776103
11.776097
11.77609
11.776084
11.776079
11.776074
11.776068
11.776063
11.776057
11.776052
11.776047
11.776042
11.776037
11.776032
11.776027
11.776023
11.776018
11.776011
11.775999
11.77597
11.775894
11.775664
11.774655
11.767797
11.718126
11.48766
11.052188
10.823387
10.884415
10.921664
10.863545
10.780273
10.804629
11.093533
11.306029
11.425421
11.454474
11.418288
11.318114
11.776062
11.776058
11.776051
11.776044
11.776038
11.776033
11.776028
11.776023
11.776018
11.776013
11.776009
11.776005
11.776001
11.775997
11.775994
11.775991
11.775989
11.775988
11.775987
11.775986
11.775981
11.775965
11.775892
11.77546
11.771705
11.738945
11.555003
11.123379
10.820399
10.838202
10.876636
10.814325
10.728793
10.819789
11.17681
11.367167
11.467185
11.490235
11.439002
11.321588
11.776003
11.775998
11.775991
11.775985
11.775979
11.775974
11.775969
11.775964
11.775959
11.775954
11.77595
11.775946
11.775942
11.775938
11.775935
11.775933
11.775931
11.775931
11.775931
11.775933
11.775937
11.77594
11.775927
11.775759
11.77378
11.753102
11.613989
11.206987
10.834753
10.795166
10.829352
10.766553
10.689517
10.877235
11.269594
11.439073
11.515916
11.5283
11.458791
11.324929
11.775946
11.775942
11.775935
11.775928
11.775923
11.775917
11.775913
11.775907
11.775902
11.775897
11.775893
11.775889
11.775885
11.775881
11.775878
11.775875
11.775873
11.775872
11.775873
11.775876
11.775881
11.77589
11.775898
11.775845
11.774845
11.762342
11.66278
11.299391
10.870495
10.759839
10.781376
10.721637
10.665362
10.972673
11.358431
11.511086
11.569231
11.567883
11.477547
11.328141
11.775895
11.775891
11.775884
11.775878
11.775872
11.775867
11.775862
11.775857
11.775851
11.775846
11.775842
11.775837
11.775833
11.775829
11.775826
11.775823
11.775821
11.775819
11.775819
11.775822
11.775827
11.775836
11.77585
11.775846
11.775366
11.768126
11.700735
11.395142
10.930581
10.738738
10.736429
10.683208
10.670547
11.087816
11.438758
11.576197
11.621861
11.6075
11.495157
11.331227
11.775851
11.775846
11.77584
11.775833
11.775827
11.775822
11.775817
11.775812
11.775806
11.775801
11.775796
11.775792
11.775788
11.775783
11.77578
11.775777
11.775774
11.775772
11.775772
11.775774
11.775778
11.775786
11.7758
11.775814
11.775603
11.771595
11.728452
11.487671
11.015587
10.739689
10.700906
10.657169
10.732959
11.201342
11.510307
11.631125
11.667848
11.645229
11.511497
11.334192
11.775811
11.775807
11.7758
11.775793
11.775788
11.775782
11.775777
11.775772
11.775766
11.775761
11.775756
11.775752
11.775747
11.775743
11.775739
11.775735
11.775732
11.77573
11.77573
11.775731
11.775734
11.775741
11.775753
11.775772
11.775694
11.773582
11.747444
11.570479
11.12241
10.770303
10.683564
10.652432
10.845505
11.30657
11.574987
11.675454
11.704438
11.678354
11.526461
11.337038
11.775776
11.775772
11.775765
11.775758
11.775752
11.775747
11.775742
11.775737
11.775731
11.775726
11.775721
11.775716
11.775711
11.775707
11.775703
11.775699
11.775695
11.775693
11.775692
11.775693
11.775695
11.7757
11.775711
11.77573
11.775714
11.774662
11.759671
11.63864
11.243736
10.835372
10.69372
10.686986
10.980527
11.406215
11.63044
11.709311
11.73099
11.703877
11.53995
11.33977
11.775745
11.77574
11.775734
11.775727
11.775721
11.775716
11.775711
11.775705
11.775699
11.775694
11.775689
11.775684
11.775679
11.775674
11.77567
11.775666
11.775663
11.77566
11.775659
11.775659
11.77566
11.775664
11.775672
11.77569
11.7757
11.775214
11.767076
11.690046
11.367256
10.933424
10.741453
10.768456
11.124833
11.496739
11.675338
11.733692
11.748533
11.720232
11.551886
11.342395
11.775717
11.775713
11.775706
11.775699
11.775693
11.775688
11.775683
11.775677
11.775671
11.775666
11.77566
11.775655
11.77565
11.775646
11.775641
11.775637
11.775633
11.775631
11.775629
11.775628
11.775628
11.775631
11.775638
11.775653
11.775673
11.775472
11.771298
11.725382
11.47842
11.057866
10.832064
10.892138
11.266678
11.574814
11.709632
11.750252
11.759183
11.730766
11.561233
11.344917
11.775691
11.775687
11.775681
11.775674
11.775668
11.775663
11.775657
11.775652
11.775646
11.77564
11.775635
11.77563
11.775625
11.77562
11.775615
11.775611
11.775607
11.775604
11.775602
11.7756
11.7756
11.775602
11.775607
11.775619
11.775641
11.775575
11.77356
11.747646
11.571341
11.195035
10.958086
11.043747
11.396442
11.638229
11.734277
11.760872
11.765208
11.737593
11.568118
11.347346
11.775669
11.775665
11.775658
11.775651
11.775646
11.77564
11.775635
11.775629
11.775623
11.775617
11.775612
11.775607
11.775601
11.775596
11.775592
11.775587
11.775583
11.77558
11.775578
11.775576
11.775575
11.775575
11.775579
11.775589
11.775609
11.775602
11.774696
11.760853
11.643256
11.330961
11.105142
11.204306
11.507339
11.686409
11.750928
11.767311
11.768422
11.741914
11.572787
11.349692
11.775648
11.775644
11.775638
11.775631
11.775625
11.77562
11.775614
11.775608
11.775602
11.775597
11.775591
11.775586
11.77558
11.775575
11.775571
11.775566
11.775562
11.775559
11.775556
11.775553
11.775552
11.775552
11.775554
11.775562
11.775578
11.775594
11.775225
11.768232
11.694896
11.453971
11.256317
11.355765
11.595867
11.72066
11.761538
11.77101
11.770053
11.74454
11.576473
11.351786
11.775629
11.775626
11.775619
11.775612
11.775606
11.775601
11.775595
11.775589
11.775583
11.775578
11.775572
11.775567
11.775561
11.775556
11.775551
11.775547
11.775542
11.775539
11.775536
11.775533
11.775531
11.77553
11.775531
11.775537
11.77555
11.775572
11.775445
11.772114
11.729341
11.556422
11.396473
11.485217
11.661749
11.743491
11.767922
11.773025
11.770844
11.746069
11.579584
11.353608
11.775612
11.775608
11.775602
11.775595
11.775589
11.775584
11.775578
11.775572
11.775566
11.77556
11.775554
11.775549
11.775544
11.775538
11.775533
11.775529
11.775525
11.775521
11.775517
11.775514
11.775512
11.77551
11.77551
11.775514
11.775525
11.775546
11.77552
11.774032
11.750691
11.635194
11.515071
11.586534
11.707455
11.757773
11.77155
11.774064
11.771211
11.746929
11.582228
11.355194
11.775596
11.775592
11.775586
11.775579
11.775573
11.775568
11.775562
11.775556
11.77555
11.775544
11.775538
11.775533
11.775527
11.775522
11.775517
11.775512
11.775508
11.775504
11.7755
11.775497
11.775494
11.775492
11.775491
11.775494
11.775502
11.77552
11.77553
11.774917
11.762997
11.691196
11.607313
11.659692
11.737047
11.76617
11.773496
11.774571
11.771375
11.747414
11.584492
11.356575
11.775581
11.775577
11.775571
11.775564
11.775558
11.775553
11.775547
11.775541
11.775535
11.775529
11.775523
11.775518
11.775512
11.775507
11.775502
11.775497
11.775493
11.775489
11.775485
11.775481
11.775478
11.775475
11.775474
11.775475
11.775481
11.775496
11.775516
11.775291
11.769595
11.728031
11.673504
11.708658
11.754955
11.770812
11.77448
11.774801
11.771446
11.74771
11.586441
11.357778
11.775567
11.775563
11.775557
11.77555
11.775544
11.775539
11.775533
11.775527
11.775521
11.775515
11.775509
11.775504
11.775498
11.775493
11.775488
11.775483
11.775479
11.775474
11.77547
11.775467
11.775463
11.77546
11.775458
11.775458
11.775462
11.775473
11.775493
11.775429
11.772887
11.750466
11.717448
11.739148
11.765103
11.773228
11.774947
11.774896
11.771477
11.747926
11.58813
11.358824
11.775554
11.77555
11.775544
11.775537
11.775531
11.775526
11.77552
11.775514
11.775508
11.775501
11.775496
11.77549
11.775485
11.775479
11.775474
11.77547
11.775465
11.775461
11.775457
11.775453
11.775449
11.775446
11.775443
11.775442
11.775444
11.775453
11.77547
11.775465
11.774411
11.763131
11.744492
11.756854
11.770494
11.774409
11.775153
11.774928
11.771492
11.748116
11.589597
11.359736
11.775542
11.775538
11.775531
11.775525
11.775519
11.775513
11.775507
11.775501
11.775495
11.775489
11.775483
11.775478
11.775472
11.775467
11.775462
11.775457
11.775452
11.775448
11.775444
11.77544
11.775436
11.775432
11.775429
11.775427
11.775428
11.775434
11.775447
11.77546
11.77506
11.769762
11.759943
11.766459
11.77318
11.774949
11.775234
11.774933
11.771502
11.748307
11.590877
11.36053
11.77553
11.775526
11.775519
11.775513
11.775507
11.775501
11.775495
11.775489
11.775483
11.775477
11.775471
11.775466
11.77546
11.775455
11.77545
11.775445
11.77544
11.775436
11.775432
11.775428
11.775423
11.775419
11.775416
11.775414
11.775413
11.775417
11.775427
11.775442
11.775308
11.772985
11.768151
11.771332
11.774434
11.775177
11.775259
11.774927
11.77151
11.748506
11.591994
11.361222
11.775519
11.775515
11.775508
11.775501
11.775495
11.77549
11.775484
11.775478
11.775471
11.775465
11.77546
11.775454
11.775449
11.775443
11.775438
11.775433
11.775429
11.775424
11.77542
11.775416
11.775412
11.775407
11.775404
11.775401
11.7754
11.775402
11.775408
11.775421
11.775386
11.774435
11.772207
11.773644
11.774979
11.775263
11.775261
11.774917
11.771519
11.748712
11.592972
11.361825
11.775508
11.775504
11.775497
11.775491
11.775484
11.775479
11.775473
11.775467
11.775461
11.775454
11.775449
11.775443
11.775438
11.775432
11.775427
11.775422
11.775418
11.775413
11.775409
11.775405
11.7754
11.775396
11.775392
11.775389
11.775387
11.775387
11.775391
11.7754
11.775398
11.775036
11.774071
11.774668
11.775197
11.775288
11.775254
11.774906
11.771528
11.748921
11.593828
11.362351
11.775497
11.775493
11.775487
11.77548
11.775474
11.775468
11.775462
11.775456
11.77545
11.775444
11.775438
11.775432
11.775427
11.775422
11.775417
11.775412
11.775407
11.775403
11.775398
11.775394
11.77539
11.775385
11.775381
11.775377
11.775375
11.775374
11.775375
11.775382
11.775387
11.77526
11.774864
11.775087
11.775273
11.775289
11.775244
11.774895
11.771537
11.74913
11.594579
11.362809
11.775487
11.775483
11.775477
11.77547
11.775464
11.775458
11.775452
11.775446
11.77544
11.775433
11.775428
11.775422
11.775417
11.775411
11.775406
11.775402
11.775397
11.775393
11.775388
11.775384
11.775379
11.775375
11.77537
11.775366
11.775363
11.775361
11.775361
11.775365
11.77537
11.775328
11.775173
11.775241
11.775292
11.775281
11.775234
11.774885
11.771547
11.749335
11.595238
11.363207
11.775477
11.775473
11.775467
11.77546
11.775454
11.775448
11.775442
11.775436
11.77543
11.775423
11.775418
11.775412
11.775407
11.775402
11.775397
11.775392
11.775387
11.775383
11.775378
11.775374
11.775369
11.775365
11.77536
11.775356
11.775352
11.775349
11.775348
11.775349
11.775352
11.775339
11.775278
11.775288
11.77529
11.775271
11.775224
11.774876
11.771557
11.749533
11.595816
11.363554
11.775468
11.775463
11.775457
11.77545
11.775444
11.775438
11.775432
11.775426
11.77542
11.775414
11.775408
11.775402
11.775397
11.775392
11.775387
11.775382
11.775377
11.775373
11.775368
11.775364
11.77536
11.775355
11.77535
11.775346
11.775342
11.775338
11.775336
11.775335
11.775336
11.775331
11.775304
11.775295
11.775281
11.775261
11.775215
11.774867
11.771566
11.749721
11.596324
11.363855
11.775458
11.775454
11.775447
11.775441
11.775435
11.775429
11.775423
11.775417
11.77541
11.775404
11.775398
11.775393
11.775388
11.775382
11.775377
11.775373
11.775368
11.775364
11.775359
11.775355
11.77535
11.775345
11.775341
11.775336
11.775332
11.775328
11.775325
11.775323
11.775322
11.775318
11.775303
11.775289
11.775271
11.775252
11.775207
11.774858
11.771576
11.7499
11.59677
11.364116
11.775449
11.775445
11.775438
11.775431
11.775425
11.77542
11.775414
11.775407
11.775401
11.775395
11.775389
11.775384
11.775378
11.775373
11.775368
11.775363
11.775359
11.775354
11.77535
11.775345
11.775341
11.775336
11.775331
11.775327
11.775322
11.775318
11.775314
11.775311
11.775309
11.775304
11.775293
11.775278
11.775261
11.775243
11.775199
11.77485
11.771585
11.750067
11.597162
11.364342
11.77544
11.775436
11.775429
11.775422
11.775416
11.775411
11.775404
11.775398
11.775392
11.775386
11.77538
11.775375
11.775369
11.775364
11.775359
11.775354
11.77535
11.775345
11.775341
11.775336
11.775332
11.775327
11.775322
11.775317
11.775312
11.775308
11.775304
11.7753
11.775297
11.775292
11.775282
11.775267
11.775251
11.775234
11.775191
11.774843
11.771594
11.750223
11.597507
11.364537
11.775431
11.775427
11.77542
11.775413
11.775407
11.775402
11.775395
11.775389
11.775383
11.775377
11.775371
11.775366
11.77536
11.775355
11.77535
11.775346
11.775341
11.775336
11.775332
11.775328
11.775323
11.775318
11.775313
11.775308
11.775303
11.775298
11.775294
11.77529
11.775286
11.77528
11.775271
11.775257
11.775242
11.775226
11.775183
11.774835
11.771602
11.750368
11.597811
11.364705
11.775422
11.775418
11.775411
11.775405
11.775399
11.775393
11.775387
11.77538
11.775374
11.775368
11.775362
11.775357
11.775352
11.775346
11.775342
11.775337
11.775332
11.775328
11.775323
11.775319
11.775314
11.77531
11.775305
11.7753
11.775294
11.775289
11.775285
11.77528
11.775276
11.77527
11.77526
11.775248
11.775234
11.775219
11.775176
11.774828
11.77161
11.750503
11.598078
11.364849
11.775414
11.77541
11.775403
11.775396
11.77539
11.775384
11.775378
11.775372
11.775365
11.775359
11.775354
11.775348
11.775343
11.775338
11.775333
11.775328
11.775324
11.775319
11.775315
11.77531
11.775306
11.775301
11.775296
11.775291
11.775286
11.775281
11.775276
11.775271
11.775266
11.77526
11.775251
11.775239
11.775226
11.775211
11.775169
11.774821
11.771616
11.750626
11.598312
11.364971
11.775405
11.775401
11.775394
11.775387
11.775381
11.775376
11.775369
11.775363
11.775357
11.775351
11.775345
11.77534
11.775334
11.775329
11.775325
11.77532
11.775315
11.775311
11.775306
11.775302
11.775297
11.775293
11.775288
11.775283
11.775277
11.775272
11.775267
11.775262
11.775257
11.775251
11.775242
11.77523
11.775218
11.775204
11.775162
11.774814
11.771623
11.75074
11.598519
11.365075
11.775397
11.775393
11.775386
11.775379
11.775373
11.775367
11.775361
11.775355
11.775348
11.775343
11.775337
11.775331
11.775326
11.775321
11.775316
11.775312
11.775307
11.775302
11.775298
11.775294
11.775289
11.775284
11.775279
11.775274
11.775269
11.775264
11.775259
11.775254
11.775249
11.775242
11.775233
11.775222
11.77521
11.775197
11.775156
11.774807
11.771628
11.750844
11.5987
11.365161
11.775389
11.775384
11.775378
11.775371
11.775365
11.775359
11.775353
11.775346
11.77534
11.775334
11.775328
11.775323
11.775318
11.775313
11.775308
11.775303
11.775299
11.775294
11.77529
11.775286
11.775281
11.775276
11.775271
11.775266
11.775261
11.775256
11.775251
11.775246
11.77524
11.775233
11.775225
11.775214
11.775203
11.77519
11.775149
11.774801
11.771633
11.750939
11.598859
11.365232
11.77538
11.775376
11.775369
11.775363
11.775357
11.775351
11.775344
11.775338
11.775332
11.775326
11.77532
11.775315
11.77531
11.775305
11.7753
11.775295
11.775291
11.775286
11.775282
11.775278
11.775273
11.775268
11.775263
11.775258
11.775253
11.775248
11.775243
11.775238
11.775232
11.775225
11.775217
11.775207
11.775196
11.775184
11.775143
11.774794
11.771638
11.751025
11.598998
11.36529
11.775372
11.775368
11.775361
11.775355
11.775348
11.775343
11.775336
11.77533
11.775324
11.775318
11.775312
11.775307
11.775302
11.775297
11.775292
11.775287
11.775283
11.775278
11.775274
11.77527
11.775265
11.77526
11.775255
11.77525
11.775245
11.77524
11.775235
11.77523
11.775224
11.775218
11.775209
11.775199
11.775189
11.775177
11.775136
11.774788
11.771641
11.751104
11.59912
11.365335
11.775364
11.77536
11.775354
11.775347
11.775341
11.775335
11.775328
11.775322
11.775316
11.77531
11.775304
11.775299
11.775294
11.775289
11.775284
11.775279
11.775275
11.77527
11.775266
11.775262
11.775257
11.775253
11.775248
11.775243
11.775237
11.775232
11.775228
11.775222
11.775217
11.77521
11.775202
11.775192
11.775182
11.77517
11.77513
11.774782
11.771645
11.751176
11.599225
11.365369
11.775357
11.775352
11.775346
11.775339
11.775333
11.775327
11.775321
11.775314
11.775308
11.775302
11.775297
11.775291
11.775286
11.775281
11.775276
11.775272
11.775267
11.775263
11.775259
11.775254
11.77525
11.775245
11.77524
11.775235
11.77523
11.775225
11.77522
11.775215
11.775209
11.775202
11.775194
11.775185
11.775175
11.775164
11.775124
11.774775
11.771647
11.751241
11.599317
11.365393
11.775349
11.775345
11.775338
11.775331
11.775325
11.775319
11.775313
11.775307
11.7753
11.775294
11.775289
11.775284
11.775278
11.775273
11.775268
11.775264
11.775259
11.775255
11.775251
11.775246
11.775242
11.775237
11.775233
11.775228
11.775223
11.775218
11.775213
11.775207
11.775202
11.775195
11.775187
11.775178
11.775169
11.775158
11.775117
11.774769
11.771649
11.7513
11.599396
11.365407
11.775341
11.775337
11.77533
11.775323
11.775317
11.775311
11.775305
11.775299
11.775293
11.775287
11.775281
11.775276
11.775271
11.775266
11.775261
11.775256
11.775252
11.775248
11.775243
11.775239
11.775235
11.77523
11.775225
11.77522
11.775215
11.77521
11.775205
11.7752
11.775194
11.775188
11.77518
11.775171
11.775162
11.775151
11.775111
11.774763
11.77165
11.751353
11.599464
11.365414
11.775334
11.77533
11.775323
11.775316
11.77531
11.775304
11.775298
11.775291
11.775285
11.775279
11.775274
11.775268
11.775263
11.775258
11.775253
11.775249
11.775244
11.77524
11.775236
11.775232
11.775227
11.775223
11.775218
11.775213
11.775208
11.775203
11.775198
11.775193
11.775187
11.775181
11.775173
11.775164
11.775156
11.775145
11.775105
11.774757
11.771651
11.751401
11.599521
11.365412
11.775326
11.775322
11.775315
11.775308
11.775302
11.775296
11.77529
11.775284
11.775278
11.775272
11.775266
11.775261
11.775256
11.775251
11.775246
11.775242
11.775237
11.775233
11.775229
11.775224
11.77522
11.775216
11.775211
11.775206
11.775201
11.775196
11.775191
11.775186
11.77518
11.775174
11.775166
11.775158
11.775149
11.775139
11.775099
11.774751
11.771651
11.751444
11.599569
11.365403
11.775319
11.775315
11.775308
11.775301
11.775295
11.775289
11.775283
11.775277
11.775271
11.775265
11.775259
11.775254
11.775249
11.775244
11.775239
11.775234
11.77523
11.775226
11.775221
11.775217
11.775213
11.775208
11.775204
11.775199
11.775194
11.775189
11.775184
11.775179
11.775173
11.775167
11.775159
11.775151
11.775143
11.775133
11.775093
11.774745
11.771651
11.751482
11.599609
11.365388
11.775312
11.775308
11.775301
11.775294
11.775288
11.775282
11.775276
11.775269
11.775263
11.775257
11.775252
11.775246
11.775241
11.775236
11.775232
11.775227
11.775223
11.775218
11.775214
11.77521
11.775206
11.775201
11.775197
11.775192
11.775187
11.775182
11.775177
11.775172
11.775166
11.77516
11.775152
11.775144
11.775136
11.775127
11.775087
11.774739
11.77165
11.751516
11.599641
11.365366
11.775305
11.775301
11.775294
11.775287
11.77528
11.775275
11.775269
11.775262
11.775256
11.77525
11.775245
11.775239
11.775234
11.775229
11.775225
11.77522
11.775216
11.775211
11.775207
11.775203
11.775199
11.775194
11.77519
11.775185
11.77518
11.775175
11.77517
11.775165
11.775159
11.775153
11.775146
11.775138
11.77513
11.775121
11.775081
11.774733
11.771649
11.751547
11.599667
11.365338
11.775298
11.775294
11.775287
11.77528
11.775273
11.775268
11.775261
11.775255
11.775249
11.775243
11.775238
11.775232
11.775227
11.775222
11.775218
11.775213
11.775209
11.775204
11.7752
11.775196
11.775192
11.775188
11.775183
11.775178
11.775173
11.775168
11.775163
11.775158
11.775152
11.775146
11.775139
11.775132
11.775124
11.775115
11.775076
11.774728
11.771648
11.751573
11.599686
11.365304
11.775291
11.775287
11.77528
11.775273
11.775266
11.775261
11.775255
11.775248
11.775242
11.775236
11.775231
11.775225
11.77522
11.775215
11.775211
11.775206
11.775202
11.775198
11.775194
11.775189
11.775185
11.775181
11.775176
11.775171
11.775166
11.775162
11.775157
11.775151
11.775146
11.775139
11.775132
11.775125
11.775118
11.775109
11.77507
11.774722
11.771646
11.751597
11.599699
11.365265
11.775284
11.77528
11.775273
11.775266
11.77526
11.775254
11.775248
11.775241
11.775235
11.775229
11.775224
11.775219
11.775214
11.775209
11.775204
11.775199
11.775195
11.775191
11.775187
11.775183
11.775178
11.775174
11.775169
11.775165
11.77516
11.775155
11.77515
11.775145
11.775139
11.775133
11.775126
11.775119
11.775112
11.775103
11.775064
11.774716
11.771644
11.751617
11.599707
11.365221
11.775277
11.775273
11.775266
11.775259
11.775253
11.775247
11.775241
11.775235
11.775229
11.775223
11.775217
11.775212
11.775207
11.775202
11.775197
11.775193
11.775188
11.775184
11.77518
11.775176
11.775172
11.775167
11.775163
11.775158
11.775153
11.775148
11.775143
11.775138
11.775132
11.775126
11.77512
11.775113
11.775106
11.775097
11.775059
11.77471
11.771641
11.751634
11.59971
11.365171
11.775271
11.775267
11.775259
11.775252
11.775246
11.77524
11.775234
11.775228
11.775222
11.775216
11.775211
11.775205
11.7752
11.775195
11.775191
11.775186
11.775182
11.775178
11.775174
11.775169
11.775165
11.775161
11.775156
11.775152
11.775147
11.775142
11.775137
11.775132
11.775126
11.77512
11.775113
11.775107
11.7751
11.775092
11.775053
11.774705
11.771638
11.751648
11.599708
11.365117
11.775264
11.77526
11.775253
11.775246
11.77524
11.775234
11.775228
11.775222
11.775215
11.77521
11.775204
11.775199
11.775194
11.775189
11.775184
11.77518
11.775175
11.775171
11.775167
11.775163
11.775159
11.775154
11.77515
11.775145
11.77514
11.775135
11.77513
11.775125
11.77512
11.775114
11.775107
11.775101
11.775094
11.775086
11.775047
11.774699
11.771635
11.751659
11.599703
11.365058
11.775258
11.775254
11.775247
11.775239
11.775233
11.775227
11.775221
11.775215
11.775209
11.775203
11.775198
11.775192
11.775187
11.775183
11.775178
11.775173
11.775169
11.775165
11.775161
11.775157
11.775152
11.775148
11.775144
11.775139
11.775134
11.775129
11.775124
11.775119
11.775113
11.775107
11.775101
11.775095
11.775088
11.77508
11.775042
11.774694
11.771631
11.751668
11.599693
11.364993
11.775252
11.775247
11.77524
11.775233
11.775227
11.775221
11.775215
11.775209
11.775203
11.775197
11.775191
11.775186
11.775181
11.775176
11.775171
11.775167
11.775163
11.775158
11.775154
11.77515
11.775146
11.775142
11.775137
11.775133
11.775128
11.775123
11.775118
11.775113
11.775107
11.775101
11.775095
11.775089
11.775083
11.775075
11.775037
11.774688
11.771628
11.751675
11.599679
11.364924
11.775245
11.775241
11.775234
11.775227
11.775221
11.775215
11.775209
11.775203
11.775196
11.775191
11.775185
11.77518
11.775175
11.77517
11.775165
11.775161
11.775157
11.775152
11.775148
11.775144
11.77514
11.775136
11.775131
11.775126
11.775122
11.775117
11.775112
11.775106
11.775101
11.775095
11.775089
11.775083
11.775077
11.775069
11.775031
11.774683
11.771624
11.75168
11.599661
11.36485
11.775239
11.775235
11.775228
11.775221
11.775214
11.775209
11.775203
11.775196
11.77519
11.775184
11.775179
11.775174
11.775169
11.775164
11.775159
11.775155
11.77515
11.775146
11.775142
11.775138
11.775134
11.77513
11.775125
11.77512
11.775115
11.775111
11.775106
11.7751
11.775095
11.775089
11.775083
11.775077
11.775072
11.775064
11.775026
11.774678
11.771619
11.751683
11.59964
11.364771
11.775233
11.775229
11.775222
11.775215
11.775208
11.775203
11.775197
11.77519
11.775184
11.775178
11.775173
11.775168
11.775163
11.775158
11.775153
11.775149
11.775144
11.77514
11.775136
11.775132
11.775128
11.775124
11.775119
11.775114
11.77511
11.775105
11.7751
11.775094
11.775089
11.775083
11.775078
11.775072
11.775066
11.775059
11.775021
11.774672
11.771615
11.751684
11.599616
11.364686
11.775227
11.775223
11.775216
11.775209
11.775202
11.775197
11.775191
11.775184
11.775178
11.775173
11.775167
11.775162
11.775157
11.775152
11.775147
11.775143
11.775139
11.775134
11.77513
11.775126
11.775122
11.775118
11.775113
11.775108
11.775104
11.775099
11.775094
11.775089
11.775083
11.775078
11.775072
11.775066
11.775061
11.775054
11.775016
11.774667
11.77161
11.751683
11.599588
11.364597
11.775222
11.775217
11.77521
11.775203
11.775197
11.775191
11.775185
11.775179
11.775172
11.775167
11.775161
11.775156
11.775151
11.775146
11.775141
11.775137
11.775133
11.775129
11.775124
11.77512
11.775116
11.775112
11.775107
11.775103
11.775098
11.775093
11.775088
11.775083
11.775078
11.775072
11.775066
11.775061
11.775056
11.775048
11.775011
11.774662
11.771606
11.751681
11.599557
11.364501
11.775216
11.775211
11.775204
11.775197
11.775191
11.775185
11.775179
11.775173
11.775167
11.775161
11.775155
11.77515
11.775145
11.77514
11.775136
11.775131
11.775127
11.775123
11.775119
11.775115
11.77511
11.775106
11.775102
11.775097
11.775092
11.775087
11.775082
11.775077
11.775072
11.775066
11.775061
11.775055
11.77505
11.775043
11.775006
11.774657
11.771601
11.751677
11.599523
11.364401
11.77521
11.775206
11.775199
11.775191
11.775185
11.775179
11.775173
11.775167
11.775161
11.775155
11.77515
11.775145
11.77514
11.775135
11.77513
11.775126
11.775122
11.775117
11.775113
11.775109
11.775105
11.775101
11.775096
11.775091
11.775086
11.775081
11.775077
11.775071
11.775066
11.775061
11.775055
11.77505
11.775045
11.775038
11.775001
11.774652
11.771596
11.751671
11.599486
11.364294
11.775205
11.7752
11.775193
11.775186
11.77518
11.775174
11.775168
11.775162
11.775156
11.77515
11.775144
11.775139
11.775134
11.775129
11.775125
11.77512
11.775116
11.775112
11.775108
11.775104
11.775099
11.775095
11.775091
11.775086
11.775081
11.775076
11.775071
11.775066
11.775061
11.775055
11.77505
11.775045
11.77504
11.775034
11.774996
11.774647
11.77159
11.751665
11.599446
11.364181
11.775199
11.775195
11.775188
11.77518
11.775174
11.775168
11.775162
11.775156
11.77515
11.775144
11.775139
11.775134
11.775129
11.775124
11.775119
11.775115
11.775111
11.775106
11.775102
11.775098
11.775094
11.77509
11.775085
11.77508
11.775076
11.775071
11.775066
11.775061
11.775055
11.77505
11.775045
11.77504
11.775035
11.775029
11.774991
11.774642
11.771585
11.751656
11.599402
11.364061
11.775194
11.77519
11.775182
11.775175
11.775169
11.775163
11.775157
11.775151
11.775145
11.775139
11.775134
11.775128
11.775123
11.775119
11.775114
11.77511
11.775105
11.775101
11.775097
11.775093
11.775089
11.775084
11.77508
11.775075
11.77507
11.775065
11.77506
11.775055
11.77505
11.775045
11.77504
11.775035
11.77503
11.775024
11.774986
11.774637
11.771579
11.751647
11.599355
11.363934
11.775189
11.775184
11.775177
11.77517
11.775164
11.775158
11.775152
11.775146
11.775139
11.775134
11.775128
11.775123
11.775118
11.775114
11.775109
11.775104
11.7751
11.775096
11.775092
11.775088
11.775084
11.775079
11.775075
11.77507
11.775065
11.77506
11.775055
11.77505
11.775045
11.77504
11.775035
11.77503
11.775025
11.775019
11.774982
11.774632
11.771574
11.751636
11.599305
11.3638
11.775184
11.775179
11.775172
11.775165
11.775158
11.775153
11.775147
11.775141
11.775134
11.775129
11.775123
11.775118
11.775113
11.775109
11.775104
11.775099
11.775095
11.775091
11.775087
11.775083
11.775078
11.775074
11.77507
11.775065
11.77506
11.775055
11.77505
11.775045
11.77504
11.775035
11.77503
11.775025
11.775021
11.775015
11.774977
11.774627
11.771568
11.751624
11.599252
11.363658
11.775179
11.775174
11.775167
11.77516
11.775153
11.775148
11.775142
11.775136
11.775129
11.775124
11.775118
11.775113
11.775108
11.775104
11.775099
11.775094
11.77509
11.775086
11.775082
11.775078
11.775073
11.775069
11.775065
11.77506
11.775055
11.77505
11.775045
11.77504
11.775035
11.77503
11.775025
11.77502
11.775016
11.77501
11.774973
11.774623
11.771562
11.751611
11.599195
11.363507
11.775174
11.775169
11.775162
11.775155
11.775148
11.775143
11.775137
11.775131
11.775124
11.775119
11.775113
11.775108
11.775103
11.775099
11.775094
11.775089
11.775085
11.775081
11.775077
11.775073
11.775069
11.775064
11.77506
11.775055
11.77505
11.775045
11.77504
11.775035
11.77503
11.775025
11.77502
11.775016
11.775012
11.775006
11.774968
11.774618
11.771556
11.751596
11.599134
11.363346
11.775169
11.775165
11.775157
11.77515
11.775144
11.775138
11.775132
11.775126
11.77512
11.775114
11.775109
11.775104
11.775099
11.775094
11.775089
11.775085
11.77508
11.775076
11.775072
11.775068
11.775064
11.775059
11.775055
11.77505
11.775045
11.77504
11.775035
11.77503
11.775025
11.77502
11.775015
11.775011
11.775007
11.775001
11.774964
11.774613
11.771549
11.75158
11.59907
11.363175
11.775164
11.77516
11.775152
11.775145
11.775139
11.775133
11.775127
11.775121
11.775115
11.775109
11.775104
11.775099
11.775094
11.775089
11.775084
11.77508
11.775076
11.775071
11.775067
11.775063
11.775059
11.775054
11.77505
11.775045
11.77504
11.775035
11.77503
11.775025
11.77502
11.775015
11.775011
11.775007
11.775003
11.774997
11.77496
11.774609
11.771543
11.751563
11.599001
11.362992
11.77516
11.775155
11.775148
11.77514
11.775134
11.775129
11.775123
11.775117
11.77511
11.775105
11.775099
11.775094
11.775089
11.775085
11.77508
11.775075
11.775071
11.775067
11.775063
11.775059
11.775054
11.77505
11.775045
11.775041
11.775036
11.775031
11.775026
11.775021
11.775016
11.775011
11.775006
11.775002
11.774998
11.774993
11.774956
11.774604
11.771536
11.751544
11.598929
11.362797
11.775155
11.775151
11.775143
11.775136
11.77513
11.775124
11.775118
11.775112
11.775106
11.7751
11.775095
11.77509
11.775085
11.77508
11.775076
11.775071
11.775067
11.775062
11.775058
11.775054
11.77505
11.775045
11.775041
11.775036
11.775031
11.775026
11.775021
11.775016
11.775011
11.775006
11.775002
11.774998
11.774994
11.774989
11.774952
11.7746
11.771529
11.751524
11.598851
11.362587
11.775151
11.775146
11.775139
11.775131
11.775125
11.77512
11.775114
11.775108
11.775102
11.775096
11.775091
11.775086
11.775081
11.775076
11.775071
11.775067
11.775062
11.775058
11.775054
11.77505
11.775045
11.775041
11.775036
11.775032
11.775027
11.775022
11.775017
11.775012
11.775007
11.775002
11.774998
11.774994
11.77499
11.774985
11.774948
11.774596
11.771523
11.751502
11.598769
11.362361
11.775146
11.775142
11.775135
11.775127
11.775121
11.775116
11.77511
11.775103
11.775097
11.775092
11.775086
11.775081
11.775076
11.775072
11.775067
11.775062
11.775058
11.775054
11.77505
11.775045
11.775041
11.775037
11.775032
11.775027
11.775022
11.775017
11.775012
11.775007
11.775003
11.774998
11.774993
11.77499
11.774986
11.774981
11.774944
11.774591
11.771515
11.751479
11.598682
11.362116
11.775142
11.775138
11.77513
11.775123
11.775117
11.775111
11.775105
11.775099
11.775093
11.775088
11.775082
11.775077
11.775072
11.775068
11.775063
11.775058
11.775054
11.77505
11.775045
11.775041
11.775037
11.775032
11.775028
11.775023
11.775018
11.775013
11.775008
11.775003
11.774998
11.774994
11.774989
11.774986
11.774982
11.774977
11.77494
11.774587
11.771508
11.751454
11.59859
11.36185
11.775138
11.775134
11.775126
11.775119
11.775113
11.775107
11.775101
11.775095
11.775089
11.775084
11.775078
11.775073
11.775068
11.775064
11.775059
11.775054
11.77505
11.775046
11.775041
11.775037
11.775033
11.775028
11.775024
11.775019
11.775014
11.775009
11.775004
11.774999
11.774994
11.77499
11.774985
11.774982
11.774978
11.774973
11.774936
11.774583
11.771501
11.751428
11.598491
11.361559
11.775134
11.77513
11.775122
11.775115
11.775109
11.775103
11.775097
11.775091
11.775085
11.77508
11.775075
11.77507
11.775065
11.77506
11.775055
11.775051
11.775046
11.775042
11.775037
11.775033
11.775029
11.775024
11.77502
11.775015
11.77501
11.775005
11.775
11.774995
11.77499
11.774986
11.774982
11.774978
11.774975
11.774969
11.774932
11.774579
11.771493
11.751399
11.598386
11.361239
11.77513
11.775126
11.775118
11.775111
11.775105
11.7751
11.775094
11.775088
11.775082
11.775076
11.775071
11.775066
11.775061
11.775056
11.775051
11.775047
11.775042
11.775038
11.775034
11.775029
11.775025
11.775021
11.775016
11.775011
11.775006
11.775001
11.774996
11.774991
11.774986
11.774982
11.774978
11.774974
11.774971
11.774966
11.774929
11.774575
11.771485
11.751369
11.598273
11.360884
11.775127
11.775123
11.775115
11.775108
11.775102
11.775096
11.77509
11.775084
11.775078
11.775072
11.775067
11.775062
11.775057
11.775052
11.775048
11.775043
11.775039
11.775034
11.77503
11.775026
11.775021
11.775017
11.775012
11.775007
11.775002
11.774997
11.774992
11.774987
11.774983
11.774978
11.774974
11.774971
11.774967
11.774962
11.774925
11.774571
11.771477
11.751336
11.598154
11.360486
11.775123
11.775119
11.775111
11.775104
11.775098
11.775092
11.775087
11.77508
11.775074
11.775069
11.775064
11.775059
11.775054
11.775049
11.775044
11.77504
11.775035
11.775031
11.775026
11.775022
11.775018
11.775013
11.775009
11.775004
11.774999
11.774993
11.774989
11.774984
11.774979
11.774975
11.77497
11.774967
11.774964
11.774959
11.774922
11.774567
11.771468
11.7513
11.598026
11.360037
11.77512
11.775115
11.775108
11.7751
11.775094
11.775089
11.775083
11.775077
11.775071
11.775066
11.77506
11.775055
11.77505
11.775046
11.775041
11.775036
11.775032
11.775027
11.775023
11.775019
11.775014
11.77501
11.775005
11.775
11.774995
11.77499
11.774985
11.77498
11.774975
11.774971
11.774967
11.774964
11.774961
11.774955
11.774919
11.774563
11.771459
11.751262
11.597888
11.359525
11.775117
11.775112
11.775105
11.775097
11.775091
11.775086
11.77508
11.775074
11.775068
11.775062
11.775057
11.775052
11.775047
11.775043
11.775038
11.775033
11.775029
11.775024
11.77502
11.775016
11.775011
11.775006
11.775002
11.774997
11.774992
11.774987
11.774982
11.774977
11.774972
11.774968
11.774964
11.77496
11.774957
11.774952
11.774916
11.774559
11.77145
11.751222
11.597741
11.358933
11.775114
11.775109
11.775102
11.775094
11.775088
11.775083
11.775077
11.775071
11.775065
11.775059
11.775054
11.775049
11.775044
11.775039
11.775035
11.77503
11.775026
11.775021
11.775017
11.775012
11.775008
11.775003
11.774998
11.774993
11.774988
11.774983
11.774978
11.774973
11.774969
11.774964
11.77496
11.774957
11.774954
11.774949
11.774912
11.774555
11.771441
11.751177
11.597584
11.358242
11.775111
11.775106
11.775099
11.775091
11.775085
11.77508
11.775074
11.775068
11.775062
11.775057
11.775051
11.775047
11.775042
11.775037
11.775032
11.775027
11.775023
11.775018
11.775014
11.775009
11.775005
11.775
11.774995
11.77499
11.774985
11.77498
11.774975
11.77497
11.774966
11.774961
11.774957
11.774954
11.774951
11.774946
11.77491
11.774551
11.771431
11.75113
11.597414
11.357425
11.775108
11.775104
11.775096
11.775089
11.775083
11.775077
11.775072
11.775066
11.77506
11.775054
11.775049
11.775044
11.775039
11.775034
11.775029
11.775025
11.77502
11.775016
11.775011
11.775007
11.775002
11.774998
11.774993
11.774988
11.774983
11.774977
11.774972
11.774968
11.774963
11.774958
11.774955
11.774951
11.774949
11.774944
11.774907
11.774548
11.771421
11.751078
11.597233
11.356448
11.775106
11.775101
11.775094
11.775086
11.775081
11.775075
11.775069
11.775063
11.775057
11.775052
11.775047
11.775042
11.775037
11.775032
11.775027
11.775022
11.775018
11.775013
11.775009
11.775004
11.775
11.774995
11.77499
11.774985
11.77498
11.774975
11.77497
11.774965
11.77496
11.774956
11.774952
11.774949
11.774946
11.774941
11.774904
11.774544
11.77141
11.751022
11.597037
11.355265
11.775104
11.775099
11.775092
11.775084
11.775079
11.775073
11.775067
11.775061
11.775055
11.77505
11.775045
11.77504
11.775035
11.77503
11.775025
11.77502
11.775016
11.775011
11.775007
11.775002
11.774998
11.774993
11.774988
11.774983
11.774978
11.774972
11.774967
11.774962
11.774958
11.774954
11.77495
11.774947
11.774944
11.774939
11.774902
11.774541
11.771398
11.75096
11.596827
11.353817
11.775102
11.775097
11.77509
11.775083
11.775077
11.775071
11.775066
11.775059
11.775054
11.775048
11.775043
11.775038
11.775033
11.775028
11.775023
11.775019
11.775014
11.77501
11.775005
11.775
11.774996
11.774991
11.774986
11.774981
11.774976
11.77497
11.774965
11.77496
11.774956
11.774952
11.774948
11.774945
11.774942
11.774937
11.7749
11.774538
11.771386
11.750893
11.596603
11.352025
11.775101
11.775096
11.775089
11.775081
11.775076
11.77507
11.775064
11.775058
11.775052
11.775047
11.775042
11.775037
11.775032
11.775027
11.775022
11.775017
11.775013
11.775008
11.775003
11.774999
11.774994
11.774989
11.774984
11.774979
11.774974
11.774969
11.774963
11.774959
11.774954
11.77495
11.774946
11.774943
11.77494
11.774936
11.774899
11.774535
11.771374
11.750819
11.596362
11.349786
11.7751
11.775095
11.775088
11.77508
11.775074
11.775069
11.775063
11.775057
11.775051
11.775046
11.775041
11.775036
11.775031
11.775026
11.775021
11.775016
11.775012
11.775007
11.775002
11.774998
11.774993
11.774988
11.774983
11.774978
11.774973
11.774967
11.774962
11.774957
11.774953
11.774948
11.774945
11.774942
11.774939
11.774934
11.774897
11.774533
11.771361
11.750738
11.596107
11.346966
11.775099
11.775095
11.775087
11.77508
11.775074
11.775069
11.775063
11.775057
11.775051
11.775045
11.77504
11.775035
11.77503
11.775025
11.775021
11.775016
11.775011
11.775006
11.775002
11.774997
11.774992
11.774987
11.774982
11.774977
11.774972
11.774966
11.774961
11.774956
11.774952
11.774947
11.774944
11.774941
11.774938
11.774934
11.774896
11.774531
11.771346
11.750647
11.595838
11.343387
11.775099
11.775094
11.775087
11.77508
11.775074
11.775068
11.775062
11.775057
11.775051
11.775045
11.77504
11.775035
11.77503
11.775025
11.77502
11.775016
11.775011
11.775006
11.775001
11.774997
11.774992
11.774987
11.774982
11.774977
11.774971
11.774966
11.774961
11.774956
11.774951
11.774947
11.774943
11.77494
11.774938
11.774933
11.774895
11.774528
11.771331
11.750545
11.595557
11.338822
11.775099
11.775094
11.775087
11.775079
11.775074
11.775068
11.775063
11.775056
11.775051
11.775045
11.77504
11.775035
11.77503
11.775025
11.77502
11.775016
11.775011
11.775006
11.775001
11.774997
11.774992
11.774987
11.774982
11.774976
11.774971
11.774966
11.77496
11.774955
11.774951
11.774947
11.774943
11.77494
11.774937
11.774933
11.774895
11.774526
11.771315
11.750431
11.595268
11.332973
11.775097
11.775093
11.775085
11.775078
11.775072
11.775067
11.775061
11.775055
11.775049
11.775044
11.775039
11.775034
11.775029
11.775024
11.775019
11.775014
11.77501
11.775005
11.775
11.774996
11.774991
11.774986
11.774981
11.774976
11.77497
11.774965
11.77496
11.774955
11.77495
11.774946
11.774942
11.774939
11.774937
11.774932
11.774894
11.774523
11.771296
11.7503
11.594974
11.32546
11.775087
11.775082
11.775075
11.775068
11.775062
11.775057
11.775051
11.775045
11.775039
11.775034
11.775029
11.775025
11.77502
11.775015
11.77501
11.775006
11.775001
11.774997
11.774993
11.774988
11.774984
11.77498
11.774975
11.77497
11.774965
11.77496
11.774955
11.77495
11.774946
11.774941
11.774938
11.774934
11.774932
11.774927
11.774888
11.774515
11.771269
11.750144
11.594667
11.315802
11.775038
11.775033
11.775026
11.775019
11.775013
11.775008
11.775003
11.774997
11.774992
11.774987
11.774982
11.774978
11.774974
11.77497
11.774966
11.774963
11.77496
11.774956
11.774954
11.774951
11.774948
11.774946
11.774943
11.774939
11.774936
11.774933
11.774929
11.774925
11.774921
11.774916
11.774912
11.774908
11.774904
11.774898
11.774858
11.774481
11.771213
11.749937
11.594297
11.303404
11.774834
11.774828
11.774821
11.774815
11.77481
11.774805
11.774801
11.774796
11.774792
11.774789
11.774786
11.774784
11.774782
11.774781
11.77478
11.77478
11.774781
11.774783
11.774785
11.774788
11.774791
11.774795
11.774798
11.774802
11.774804
11.774806
11.774807
11.774806
11.774804
11.774799
11.774794
11.774787
11.774779
11.774768
11.774722
11.774335
11.771039
11.749587
11.593676
11.287562
11.774072
11.774065
11.774057
11.774052
11.774049
11.774047
11.774045
11.774044
11.774043
11.774045
11.774048
11.774052
11.774058
11.774065
11.774075
11.774087
11.7741
11.774117
11.774136
11.774157
11.77418
11.774204
11.774229
11.774254
11.774277
11.774297
11.774312
11.774322
11.774326
11.774322
11.774312
11.774296
11.774275
11.774247
11.774183
11.773768
11.770426
11.748762
11.592211
11.267511
11.771508
11.771494
11.771488
11.771486
11.771488
11.771491
11.771497
11.771505
11.771516
11.77153
11.771549
11.771571
11.771598
11.77163
11.771668
11.771713
11.771764
11.771823
11.771889
11.771962
11.772042
11.772126
11.772213
11.7723
11.772382
11.772456
11.772516
11.772559
11.77258
11.772579
11.772555
11.772511
11.772451
11.772375
11.772257
11.771762
11.768329
11.746398
11.588294
11.242598
11.763805
11.763774
11.763768
11.763776
11.763789
11.763808
11.763832
11.763863
11.763901
11.763947
11.764004
11.764071
11.76415
11.764242
11.76435
11.764475
11.764618
11.76478
11.764963
11.765166
11.765386
11.765621
11.765864
11.766108
11.766341
11.766553
11.766729
11.766856
11.766926
11.766931
11.766873
11.766758
11.766599
11.766397
11.766141
11.76544
11.761811
11.739511
11.578103
11.212779
11.743595
11.743525
11.74352
11.743548
11.743585
11.743635
11.743697
11.743775
11.743868
11.743981
11.744116
11.744275
11.74446
11.744677
11.744929
11.745219
11.745552
11.745929
11.746354
11.746825
11.747338
11.747887
11.748459
11.749034
11.74959
11.750097
11.750522
11.750835
11.75101
11.751034
11.750905
11.750644
11.750274
11.749804
11.749253
11.748093
11.744064
11.721208
11.554121
11.179922
11.699148
11.699004
11.698997
11.699059
11.699136
11.699238
11.699365
11.699521
11.699705
11.699926
11.700191
11.700499
11.700859
11.701278
11.701764
11.702322
11.702961
11.703687
11.704502
11.705408
11.706397
11.707458
11.708567
11.709688
11.710777
11.711776
11.712622
11.713253
11.713617
11.713686
11.713457
11.712966
11.712256
11.711343
11.710296
11.708321
11.703617
11.679933
11.505846
11.151098
11.62422
11.623971
11.623958
11.624063
11.624189
11.624352
11.624556
11.624803
11.625094
11.625441
11.625854
11.626333
11.626888
11.627533
11.628275
11.629127
11.630097
11.631196
11.632429
11.633796
11.63529
11.636893
11.638573
11.640278
11.641944
11.643484
11.644804
11.64581
11.646421
11.646591
11.646309
11.645624
11.644589
11.643213
11.641607
11.638598
11.633074
11.608436
11.430932
11.146479
11.55459
11.554253
11.554229
11.554361
11.554518
11.55472
11.554967
11.555265
11.555614
11.556025
11.556507
11.557062
11.557698
11.558427
11.559258
11.5602
11.56126
11.56245
11.563771
11.565224
11.566803
11.56849
11.570255
11.572051
11.573818
11.575476
11.576934
11.578101
11.578895
11.579264
11.579178
11.578669
11.577734
11.576358
11.574577
11.570966
11.564967
11.539894
11.372944
11.217863
11.644699
11.644359
11.64432
11.644437
11.644581
11.644759
11.644967
11.645217
11.645509
11.645837
11.646208
11.646627
11.647091
11.647598
11.648152
11.648753
11.649396
11.650081
11.650805
11.651562
11.652348
11.653157
11.653982
11.654819
11.655662
11.656506
11.657342
11.658159
11.658936
11.659639
11.66021
11.660593
11.660627
11.66025
11.659163
11.656255
11.650681
11.626723
11.495443
11.493446
12.296393
12.296149
12.296098
12.296158
12.296252
12.29635
12.296447
12.296564
12.2967
12.296823
12.296935
12.29705
12.297141
12.297189
12.297188
12.297124
12.296975
12.296718
12.296345
12.295838
12.295197
12.294431
12.293571
12.292681
12.291841
12.291175
12.290813
12.290882
12.291471
12.292586
12.294131
12.295914
12.297545
12.298944
12.2992
12.298348
12.294024
12.273609
12.196861
12.303263
14.48615
14.486053
14.486007
14.486011
14.486049
14.486066
14.486058
14.486055
14.486054
14.48601
14.485926
14.485819
14.485654
14.485408
14.485069
14.484622
14.484039
14.483289
14.482365
14.481246
14.479933
14.478439
14.476811
14.475136
14.473525
14.472147
14.471186
14.470823
14.471191
14.472314
14.474093
14.476297
14.478489
14.480664
14.48162
14.482599
14.480169
14.46844
14.448741
14.58438
)
;

boundaryField
{
    piston
    {
        type            calculated;
        value           nonuniform List<scalar> 
40
(
18.502574
18.502574
18.502574
18.502574
18.502574
18.502574
18.502574
18.502574
18.502574
18.502574
18.502574
18.502574
18.502574
18.502574
18.502575
18.502575
18.502575
18.502575
18.502575
18.502576
18.502576
18.502577
18.502578
18.502578
18.502578
18.502579
18.50258
18.502578
18.502575
18.50257
18.502564
18.502559
18.502558
18.502562
18.502567
18.502569
18.50257
18.502572
18.502582
18.502602
)
;
    }
    cylinderHead
    {
        type            calculated;
        value           nonuniform List<scalar> 
40
(
17.09353
17.09353
17.09353
17.09353
17.09353
17.09353
17.09353
17.09353
17.09353
17.09353
17.09353
17.09353
17.09353
17.09353
17.093529
17.093529
17.093529
17.093529
17.093529
17.093529
17.093529
17.093529
17.093529
17.093528
17.093528
17.093528
17.093527
17.093527
17.093527
17.093527
17.093526
17.093526
17.093526
17.093526
17.093526
17.093526
17.093527
17.093527
17.093528
17.093529
)
;
    }
    cylinderWall
    {
        type            calculated;
        value           nonuniform List<scalar> 
120
(
20.872966
20.872968
20.872969
20.872971
20.872972
20.872972
20.872973
20.872974
20.872975
20.872975
20.872976
20.872977
20.872978
20.872979
20.87298
20.872981
20.872982
20.872983
20.872984
20.872986
20.872987
20.872989
20.87299
20.872992
20.872993
20.872995
20.872997
20.872999
20.873001
20.873003
20.873005
20.873007
20.873009
20.873011
20.873013
20.873015
20.873017
20.873019
20.873021
20.873023
20.873025
20.873026
20.873028
20.87303
20.873032
20.873034
20.873036
20.873037
20.873039
20.873041
20.873043
20.873044
20.873046
20.873048
20.873049
20.873051
20.873053
20.873054
20.873056
20.873057
20.873059
20.87306
20.873061
20.873063
20.873064
20.873066
20.873067
20.873068
20.87307
20.873071
20.873072
20.873073
20.873074
20.873076
20.873077
20.873078
20.873079
20.87308
20.873081
20.873082
20.873083
20.873084
20.873085
20.873086
20.873087
20.873088
20.873088
20.873089
20.87309
20.873091
20.873092
20.873092
20.873093
20.873094
20.873094
20.873095
20.873096
20.873096
20.873097
20.873097
20.873098
20.873098
20.873099
20.873099
20.873099
20.8731
20.8731
20.8731
20.873101
20.873101
20.873101
20.873101
20.873102
20.873102
20.873102
20.873102
20.873102
20.873102
20.873102
20.873102
)
;
    }
    wedgeFront
    {
        type            wedge;
    }
    wedgeBack
    {
        type            wedge;
    }
    axis
    {
        type            empty;
    }
}


// ************************************************************************* //
