/*--------------------------------*- C++ -*----------------------------------*\
  =========                 |
  \\      /  F ield         | OpenFOAM: The Open Source CFD Toolbox
   \\    /   O peration     | Website:  https://openfoam.org
    \\  /    A nd           | Version:  13
     \\/     M anipulation  |
\*---------------------------------------------------------------------------*/
FoamFile
{
    format      ascii;
    class       volScalarField;
    location    "0";
    object      T;
}
// * * * * * * * * * * * * * * * * * * * * * * * * * * * * * * * * * * * * * //

dimensions      [0 0 0 1 0 0 0];

internalField   nonuniform List<scalar> 
4800
(
581.70134
582.00614
582.08639
582.0461
582.02806
582.02059
582.00963
581.99824
581.98522
581.96671
581.94017
581.90914
581.86684
581.80805
581.73302
581.63319
581.49618
581.30773
581.0459
580.67064
580.11565
579.26715
578.02826
576.32196
574.06172
571.8587
572.22468
576.8082
566.66262
546.79104
552.59101
559.85691
572.32946
585.23812
596.77068
607.82793
619.13553
639.17679
666.0776
702.95953
761.94113
760.93333
760.58777
760.7651
760.87261
760.94538
761.02145
761.10902
761.21266
761.33591
761.4822
761.65564
761.86121
762.10498
762.39584
762.74557
763.17069
763.69408
764.35007
765.19183
766.30757
767.84743
769.89981
772.65222
777.34564
787.96179
808.5059
815.70205
775.47196
686.57276
667.25253
693.22824
727.52299
751.48473
762.09373
764.45014
768.28953
775.22506
784.51148
793.72832
791.93066
790.91885
790.57929
790.75531
790.85842
790.92591
790.99664
791.07783
791.17449
791.29035
791.4285
791.59262
791.78855
792.02251
792.3033
792.64355
793.06042
793.57816
794.2332
795.08292
796.22562
797.86397
800.37494
804.26837
810.63384
822.25834
838.05898
838.68311
799.02281
739.75323
729.04061
759.30042
786.60396
798.88624
800.65213
799.88795
799.50019
799.46429
798.93465
796.57929
787.01164
786.14402
785.864
786.0121
786.09538
786.14831
786.20383
786.26774
786.34433
786.43679
786.54769
786.68001
786.83938
787.03116
787.26316
787.54717
787.89882
788.34077
788.90758
789.65578
790.6981
792.22537
794.48132
797.70355
803.88465
815.80408
830.65349
830.67813
801.7536
766.27455
763.89505
789.21817
805.04019
808.28654
806.77769
805.18267
803.65458
801.76315
799.35099
795.99097
777.65359
776.98673
776.78144
776.89258
776.95337
776.99191
777.03233
777.07905
777.13534
777.20364
777.28592
777.38456
777.50416
777.64903
777.82554
778.04354
778.31599
778.66215
779.11207
779.72272
780.59125
781.82609
783.51586
786.54705
793.08768
806.04937
822.90334
826.14921
805.3247
782.47647
783.91106
802.23614
809.54346
808.3037
805.85039
804.18661
802.67122
800.68671
798.33097
795.57934
770.36324
769.92558
769.797
769.86819
769.90682
769.93193
769.95827
769.98884
770.0258
770.07076
770.12508
770.19047
770.27013
770.36714
770.48606
770.63402
770.82049
771.05979
771.37638
771.81677
772.42087
773.26293
774.56354
777.4082
783.77243
797.43393
817.04073
824.59083
809.5502
793.24045
795.55157
807.6816
809.75519
806.61428
803.93617
802.01884
800.63317
798.96447
797.02946
795.21634
765.96224
765.72225
765.65474
765.69301
765.71398
765.7282
765.74313
765.76052
765.78157
765.80721
765.83822
765.87569
765.92147
765.9775
766.04654
766.13303
766.24288
766.3854
766.57937
766.83777
767.19625
767.69259
768.72844
771.02222
776.57787
790.05192
812.02081
824.15738
813.66341
800.71661
802.48558
809.99831
809.3479
805.85263
802.94561
799.922
798.2925
796.99577
795.57554
794.88268
763.759
763.64847
763.61867
763.63616
763.64599
763.65301
763.66039
763.66899
763.6794
763.69205
763.70736
763.72587
763.74855
763.7764
763.8109
763.85437
763.91003
763.98387
764.08118
764.21075
764.3879
764.69906
765.3962
767.00327
771.37771
783.74583
807.16387
823.86378
817.4072
806.18736
806.90741
811.45654
810.07834
807.46296
803.89608
798.45098
795.8953
794.8944
794.02879
794.56905
762.82401
762.7806
762.76948
762.77651
762.78064
762.78377
762.78704
762.79084
762.79543
762.80095
762.80761
762.81563
762.82548
762.83757
762.8526
762.87164
762.89625
762.92875
762.97046
763.02716
763.10925
763.28917
763.6917
764.69147
767.83874
778.44344
802.1785
823.1983
820.74973
810.50704
810.15375
813.23335
812.75655
811.96655
806.95072
797.86537
793.61289
792.72608
792.43702
794.27069
762.48287
762.46819
762.46478
762.46744
762.46912
762.47048
762.47187
762.47347
762.47538
762.47763
762.48028
762.48344
762.48729
762.49199
762.49783
762.50523
762.51488
762.52706
762.54289
762.56456
762.60306
762.69274
762.89801
763.46195
765.56051
774.10271
797.00521
821.86399
823.70073
814.24823
812.99862
815.77129
817.24399
818.39585
810.92983
797.95711
791.55781
790.52988
790.83804
793.98518
762.37603
762.37183
762.37114
762.37224
762.37302
762.37368
762.37433
762.37506
762.37591
762.37685
762.37791
762.37912
762.38057
762.38228
762.38438
762.387
762.3903
762.39436
762.39973
762.40733
762.42429
762.46335
762.5577
762.85126
764.16521
770.66604
791.72155
819.66897
826.22459
817.76889
815.82957
818.99752
822.65447
824.68897
813.61274
797.95124
789.71895
788.31666
789.25945
793.71114
762.34904
762.34817
762.34833
762.34893
762.34942
762.34983
762.35024
762.35067
762.35115
762.35163
762.35214
762.35266
762.35326
762.35391
762.35467
762.35555
762.35657
762.35778
762.35938
762.36204
762.36842
762.38342
762.4229
762.56573
763.34672
768.04326
786.48343
816.49041
828.20772
821.26457
818.80637
822.62123
828.0137
829.10203
813.13223
796.83918
787.90666
786.06988
787.72093
793.44783
762.34584
762.3459
762.34627
762.34675
762.34714
762.34749
762.34782
762.34817
762.34852
762.34887
762.3492
762.34952
762.34986
762.35017
762.35051
762.35083
762.35114
762.35147
762.35188
762.35266
762.35458
762.3595
762.37438
762.43975
762.88409
766.11787
781.48774
812.27941
829.45047
824.79956
821.98621
826.38354
832.76691
830.88992
809.25161
794.04189
785.7444
783.75145
786.23532
793.19467
762.34867
762.34895
762.34938
762.34981
762.35019
762.35051
762.35083
762.35116
762.35149
762.3518
762.35209
762.35235
762.35262
762.35286
762.35307
762.35325
762.35338
762.35347
762.35356
762.35364
762.35391
762.35502
762.35974
762.38774
762.63094
764.75922
776.93328
807.08088
829.67965
828.31655
825.38923
830.14476
836.76289
829.7258
803.22213
789.77126
782.88279
781.31224
784.81167
792.95132
762.35258
762.35288
762.35333
762.35375
762.35412
762.35444
762.35476
762.35509
762.35542
762.35573
762.35601
762.35628
762.35653
762.35676
762.35695
762.3571
762.35721
762.35727
762.35728
762.35712
762.35689
762.35671
762.35755
762.36843
762.49663
763.83812
772.98745
801.05986
828.58054
831.61878
828.99319
833.82827
839.83751
825.3439
796.60913
784.80682
779.57001
778.73251
783.45642
792.71742
762.35634
762.35663
762.35707
762.3575
762.35787
762.35819
762.35851
762.35884
762.35918
762.3595
762.35979
762.36006
762.36032
762.36056
762.36076
762.36093
762.36106
762.36114
762.36112
762.36092
762.36058
762.36004
762.35954
762.36293
762.42776
763.23819
769.75376
794.509
825.85622
834.34924
832.68218
837.32151
841.73968
818.16535
790.3788
779.89718
775.97756
776.06794
782.17616
792.4927
762.35971
762.35999
762.36043
762.36086
762.36123
762.36156
762.36188
762.36222
762.36256
762.36289
762.36319
762.36348
762.36374
762.364
762.36421
762.36441
762.36455
762.36466
762.36465
762.36448
762.36416
762.36358
762.36271
762.36301
762.39406
762.86314
767.25689
787.833
821.31659
835.9888
836.16822
840.3336
841.33072
809.66906
784.82856
775.51073
772.4636
773.41926
780.97799
792.27687
762.3627
762.36297
762.36341
762.36384
762.36421
762.36455
762.36487
762.36522
762.36556
762.3659
762.36622
762.36651
762.36678
762.36706
762.36729
762.3675
762.36768
762.3678
762.36781
762.36769
762.36742
762.36691
762.36602
762.36515
762.37881
762.63841
765.44378
781.48737
814.97862
835.91485
838.94409
842.38691
836.43851
801.46315
779.95009
771.84847
769.4191
770.91355
779.8695
792.06971
762.36535
762.36562
762.36606
762.36649
762.36686
762.36721
762.36753
762.36788
762.36823
762.36858
762.3689
762.3692
762.36949
762.36978
762.37002
762.37026
762.37046
762.37059
762.37062
762.37056
762.37036
762.36993
762.36913
762.36792
762.37299
762.5098
764.20637
775.89443
807.15144
833.53884
840.30602
842.76158
827.75869
794.00416
775.59187
768.91797
767.01386
768.727
778.85713
791.8709
762.36771
762.36797
762.36841
762.36885
762.36922
762.36956
762.3699
762.37025
762.37061
762.37096
762.37129
762.3716
762.3719
762.3722
762.37246
762.37271
762.37293
762.37308
762.37314
762.37312
762.37298
762.37265
762.37197
762.37076
762.37181
762.43991
763.41185
771.35056
798.44187
828.53339
839.50803
840.03688
817.58027
787.06783
771.894
766.69477
765.27792
767.05069
777.94678
791.68014
762.36982
762.37008
762.37052
762.37096
762.37133
762.37167
762.37202
762.37238
762.37274
762.37309
762.37343
762.37375
762.37406
762.37437
762.37464
762.3749
762.37514
762.3753
762.37539
762.37542
762.37534
762.37509
762.37454
762.37344
762.37278
762.40428
762.9315
767.9587
789.76586
821.10311
835.7775
833.68154
806.97512
780.87062
768.92573
765.10179
764.13527
765.98044
777.14304
791.49703
762.37172
762.37198
762.37241
762.37285
762.37322
762.37357
762.37391
762.37428
762.37465
762.37501
762.37535
762.37568
762.376
762.37631
762.3766
762.37688
762.37712
762.3773
762.37741
762.37748
762.37746
762.37729
762.37685
762.37592
762.37464
762.38766
762.65796
765.64442
782.1174
811.86271
828.78629
824.21509
796.81562
775.60357
766.67384
764.02355
763.44328
765.29266
776.51488
791.32114
762.37343
762.37369
762.37412
762.37455
762.37493
762.37528
762.37563
762.376
762.37638
762.37674
762.37709
762.37742
762.37775
762.37807
762.37836
762.37866
762.3789
762.37909
762.37924
762.37934
762.37937
762.37927
762.37894
762.37817
762.37679
762.38104
762.51149
764.19348
775.8368
801.91532
819.25504
812.9003
787.74288
771.37747
765.0637
763.33377
763.05244
764.84763
776.0528
791.15178
762.37498
762.37523
762.37566
762.3761
762.37648
762.37683
762.37718
762.37756
762.37794
762.37831
762.37866
762.37899
762.37934
762.37966
762.37996
762.38027
762.38052
762.38072
762.3809
762.38103
762.3811
762.38106
762.38083
762.38021
762.37895
762.37937
762.438
763.33537
771.04495
792.29562
808.40646
801.25145
780.15143
768.19744
763.97969
762.91615
762.84409
764.56629
775.7398
790.98832
762.37639
762.37664
762.37708
762.37751
762.37789
762.37824
762.3786
762.37898
762.37937
762.37974
762.3801
762.38043
762.38078
762.38111
762.38142
762.38173
762.38199
762.38221
762.38241
762.38256
762.38267
762.38269
762.38254
762.38206
762.38098
762.37996
762.40386
762.85682
767.6404
783.78686
797.54947
790.56479
774.19556
765.95261
763.29059
762.67648
762.73846
764.39538
775.49289
790.84249
762.37769
762.37794
762.37837
762.37881
762.37919
762.37954
762.3799
762.38028
762.38067
762.38105
762.38141
762.38175
762.3821
762.38244
762.38276
762.38306
762.38333
762.38357
762.38378
762.38396
762.3841
762.38417
762.3841
762.38374
762.38286
762.38145
762.38966
762.60534
765.38615
776.83846
787.74113
781.6543
769.82191
764.46361
762.87659
762.54603
762.68731
764.296
775.28458
790.71566
762.37888
762.37914
762.37957
762.38
762.38038
762.38074
762.3811
762.38149
762.38188
762.38226
762.38262
762.38297
762.38332
762.38366
762.38399
762.38429
762.38457
762.38482
762.38505
762.38525
762.38541
762.38553
762.38552
762.38528
762.38458
762.38321
762.38489
762.48116
763.99561
771.57927
779.62799
774.81928
766.81661
763.53506
762.6416
762.47878
762.6636
764.24012
775.10768
790.60523
762.37999
762.38025
762.38067
762.38111
762.38149
762.38185
762.38222
762.3826
762.383
762.38338
762.38375
762.3841
762.38445
762.3848
762.38513
762.38543
762.38571
762.38597
762.38621
762.38643
762.38663
762.38678
762.38682
762.38668
762.38615
762.38497
762.38428
762.42394
763.19644
767.88337
773.43251
769.95788
764.88335
762.99029
762.51564
762.44608
762.65308
764.20865
774.95633
790.50917
762.38103
762.38129
762.38171
762.38215
762.38253
762.38289
762.38326
762.38365
762.38405
762.38443
762.3848
762.38516
762.38551
762.38586
762.38619
762.3865
762.38678
762.38704
762.3873
762.38753
762.38775
762.38793
762.38803
762.38796
762.38758
762.38663
762.38529
762.39978
762.76865
765.47171
769.04708
766.73799
763.71817
762.68944
762.45196
762.43126
762.64855
764.18946
774.826
790.42556
762.38201
762.38227
762.38269
762.38313
762.38352
762.38387
762.38425
762.38464
762.38504
762.38543
762.3858
762.38615
762.38651
762.38685
762.38719
762.38749
762.38778
762.38805
762.38832
762.38856
762.3888
762.38901
762.38914
762.38915
762.38889
762.38816
762.38682
762.39094
762.55546
764.0103
766.163
764.74664
763.05957
762.53306
762.42178
762.4252
762.64662
764.17553
774.7132
790.3528
762.38293
762.38319
762.38362
762.38406
762.38444
762.3848
762.38518
762.38558
762.38597
762.38637
762.38674
762.38709
762.38745
762.38779
762.38813
762.38843
762.38873
762.389
762.38928
762.38953
762.38978
762.39001
762.39019
762.39024
762.39009
762.38955
762.38842
762.3887
762.45684
763.18782
764.39884
763.595
762.71017
762.45666
762.40855
762.42319
762.64571
764.1632
774.61519
790.28944
762.38381
762.38408
762.3845
762.38494
762.38532
762.38568
762.38607
762.38647
762.38686
762.38726
762.38762
762.38799
762.38834
762.38868
762.38902
762.38933
762.38963
762.3899
762.39018
762.39044
762.39071
762.39096
762.39116
762.39127
762.39121
762.39082
762.38995
762.38905
762.41487
762.75789
763.39462
762.97177
762.53626
762.42177
762.40339
762.42295
762.64517
764.15086
774.52977
790.23426
762.38466
762.38492
762.38535
762.38577
762.38616
762.38652
762.38691
762.38731
762.38771
762.38811
762.38847
762.38884
762.38919
762.38954
762.38987
762.39018
762.39048
762.39076
762.39104
762.39131
762.39159
762.39185
762.39208
762.39223
762.39224
762.39199
762.39135
762.39029
762.39887
762.54919
762.86229
762.65601
762.45515
762.40708
762.40185
762.42342
762.6447
764.13803
774.45518
790.1862
762.38547
762.38572
762.38616
762.38658
762.38698
762.38733
762.38772
762.38813
762.38853
762.38892
762.38929
762.38966
762.39001
762.39035
762.39068
762.391
762.3913
762.39158
762.39186
762.39214
762.39242
762.39269
762.39294
762.39313
762.39321
762.39308
762.39263
762.39173
762.39389
762.45532
762.59954
762.50634
762.41991
762.40161
762.40181
762.42413
762.64423
764.12472
774.38994
790.14433
762.38625
762.3865
762.38693
762.38736
762.38776
762.38812
762.38851
762.38891
762.38931
762.3897
762.39007
762.39044
762.39079
762.39114
762.39147
762.39178
762.39208
762.39237
762.39265
762.39294
762.39322
762.3935
762.39377
762.39399
762.39411
762.39408
762.3938
762.39312
762.39319
762.41651
762.47889
762.44016
762.4059
762.40008
762.40234
762.42491
762.64372
764.11118
774.33283
790.10786
762.387
762.38726
762.38768
762.38812
762.38851
762.38887
762.38926
762.38967
762.39007
762.39046
762.39083
762.3912
762.39156
762.3919
762.39223
762.39253
762.39283
762.39313
762.39341
762.3937
762.39399
762.39428
762.39455
762.3948
762.39497
762.39501
762.39487
762.39441
762.39397
762.40212
762.42761
762.41312
762.40106
762.40009
762.40303
762.42567
762.64319
764.09766
774.28276
790.07611
762.38773
762.388
762.38841
762.38885
762.38924
762.38961
762.39
762.39041
762.3908
762.3912
762.39158
762.39193
762.3923
762.39263
762.39296
762.39327
762.39356
762.39386
762.39415
762.39443
762.39473
762.39503
762.39531
762.39558
762.39578
762.39589
762.39585
762.39558
762.39515
762.39773
762.4077
762.40319
762.39991
762.40065
762.40376
762.4264
762.64263
764.08442
774.23886
790.04848
762.38844
762.38871
762.38912
762.38956
762.38996
762.39032
762.39072
762.39112
762.39152
762.39192
762.39229
762.39265
762.39301
762.39335
762.39367
762.39398
762.39428
762.39457
762.39487
762.39515
762.39545
762.39575
762.39604
762.39633
762.39656
762.39671
762.39677
762.39664
762.39635
762.3971
762.40098
762.40022
762.40013
762.40137
762.40446
762.42708
762.64207
764.07164
774.20033
790.02446
762.38914
762.3894
762.38982
762.39026
762.39066
762.39102
762.39141
762.39182
762.39222
762.39261
762.39299
762.39335
762.39371
762.39404
762.39436
762.39467
762.39497
762.39526
762.39556
762.39584
762.39614
762.39645
762.39675
762.39705
762.3973
762.3975
762.39762
762.3976
762.39747
762.39771
762.39935
762.39986
762.40078
762.40209
762.40512
762.42773
762.64152
764.05944
774.1665
790.0036
762.38981
762.39008
762.39051
762.39093
762.39134
762.3917
762.3921
762.3925
762.39291
762.3933
762.39368
762.39404
762.39439
762.39472
762.39504
762.39535
762.39566
762.39594
762.39624
762.39652
762.39682
762.39713
762.39744
762.39774
762.39802
762.39825
762.39843
762.39849
762.39848
762.39864
762.39951
762.40038
762.40152
762.40279
762.40575
762.42834
762.64097
764.04791
774.13679
789.98551
762.39047
762.39074
762.39117
762.39161
762.392
762.39237
762.39277
762.39317
762.39358
762.39397
762.39435
762.3947
762.39505
762.39539
762.3957
762.39602
762.39632
762.39661
762.39689
762.39719
762.39749
762.3978
762.39811
762.39842
762.39871
762.39898
762.39919
762.39932
762.3994
762.39959
762.40022
762.40113
762.40226
762.40344
762.40635
762.42894
762.64044
764.03709
774.11067
789.96987
762.39112
762.3914
762.39183
762.39226
762.39266
762.39303
762.39343
762.39384
762.39423
762.39463
762.39501
762.39535
762.39571
762.39604
762.39636
762.39667
762.39697
762.39726
762.39754
762.39784
762.39813
762.39845
762.39876
762.39907
762.39939
762.39967
762.39991
762.40009
762.40024
762.40048
762.40103
762.4019
762.40296
762.40407
762.40693
762.42951
762.63995
764.027
774.08772
789.95637
762.39177
762.39204
762.39247
762.3929
762.3933
762.39368
762.39408
762.39448
762.39488
762.39528
762.39565
762.396
762.39635
762.39668
762.397
762.39731
762.39761
762.3979
762.39818
762.39848
762.39877
762.39909
762.3994
762.39972
762.40005
762.40034
762.4006
762.40081
762.40101
762.4013
762.40183
762.40264
762.40361
762.40466
762.40748
762.43006
762.63949
764.01764
774.06754
789.94477
762.3924
762.39267
762.3931
762.39354
762.39393
762.39431
762.39471
762.39512
762.39551
762.39591
762.39629
762.39663
762.39699
762.39732
762.39763
762.39794
762.39824
762.39853
762.39881
762.3991
762.3994
762.39971
762.40003
762.40035
762.40069
762.40099
762.40126
762.4015
762.40173
762.40205
762.40257
762.40333
762.40423
762.40523
762.40802
762.43059
762.63907
764.00899
774.04979
789.93485
762.39302
762.39329
762.39373
762.39416
762.39456
762.39494
762.39534
762.39575
762.39614
762.39654
762.39691
762.39726
762.39761
762.39794
762.39825
762.39856
762.39886
762.39914
762.39943
762.39971
762.40001
762.40033
762.40065
762.40097
762.40131
762.40162
762.4019
762.40215
762.40241
762.40275
762.40327
762.40398
762.40483
762.40578
762.40854
762.43111
762.63868
764.00103
774.0342
789.92641
762.39364
762.3939
762.39434
762.39478
762.39518
762.39556
762.39595
762.39636
762.39676
762.39715
762.39752
762.39788
762.39822
762.39855
762.39886
762.39917
762.39946
762.39975
762.40004
762.40032
762.40062
762.40093
762.40125
762.40158
762.40192
762.40223
762.40252
762.40278
762.40306
762.40341
762.40392
762.40461
762.40541
762.40631
762.40905
762.43162
762.63834
763.99372
774.0205
789.9193
762.39424
762.3945
762.39495
762.39538
762.39578
762.39616
762.39656
762.39697
762.39737
762.39776
762.39813
762.39848
762.39882
762.39915
762.39946
762.39977
762.40006
762.40035
762.40064
762.40091
762.40121
762.40153
762.40185
762.40218
762.40251
762.40283
762.40311
762.40339
762.40368
762.40404
762.40455
762.4052
762.40596
762.40683
762.40955
762.43212
762.63804
763.98702
774.00847
789.91337
762.39484
762.3951
762.39554
762.39598
762.39638
762.39676
762.39716
762.39757
762.39797
762.39836
762.39873
762.39908
762.39941
762.39974
762.40005
762.40036
762.40065
762.40094
762.40123
762.4015
762.4018
762.40212
762.40244
762.40277
762.40309
762.40341
762.4037
762.40398
762.40428
762.40465
762.40515
762.40578
762.40651
762.40734
762.41004
762.43262
762.63778
763.98091
773.99793
789.90849
762.39543
762.39569
762.39613
762.39657
762.39697
762.39735
762.39775
762.39816
762.39856
762.39895
762.39932
762.39967
762.4
762.40033
762.40064
762.40095
762.40124
762.40152
762.40181
762.40209
762.40238
762.4027
762.40301
762.40334
762.40367
762.40398
762.40426
762.40455
762.40486
762.40524
762.40573
762.40634
762.40703
762.40784
762.41052
762.4331
762.63756
763.97533
773.98871
789.90457
762.39601
762.39627
762.39672
762.39716
762.39755
762.39794
762.39834
762.39874
762.39914
762.39953
762.3999
762.40025
762.40058
762.40091
762.40122
762.40152
762.40182
762.4021
762.40238
762.40266
762.40295
762.40327
762.40358
762.40391
762.40423
762.40454
762.40482
762.40512
762.40543
762.40581
762.40629
762.40688
762.40755
762.40834
762.411
762.43358
762.63739
763.97027
773.98066
789.90149
762.39658
762.39684
762.39729
762.39773
762.39812
762.39851
762.39891
762.39932
762.39972
762.4001
762.40047
762.40081
762.40115
762.40147
762.4018
762.40209
762.40238
762.40267
762.40294
762.40323
762.40352
762.40383
762.40413
762.40446
762.40478
762.40509
762.40537
762.40567
762.40598
762.40636
762.40684
762.40741
762.40806
762.40883
762.41148
762.43405
762.63725
763.96567
773.97367
789.89919
762.39714
762.39741
762.39785
762.39829
762.39869
762.39907
762.39948
762.39988
762.40029
762.40067
762.40104
762.40138
762.40172
762.40204
762.40236
762.40265
762.40294
762.40323
762.4035
762.40379
762.40408
762.40438
762.40468
762.40501
762.40532
762.40563
762.40591
762.40621
762.40653
762.40691
762.40738
762.40794
762.40856
762.40931
762.41194
762.43451
762.63715
763.9615
773.96761
789.8976
762.3977
762.39797
762.3984
762.39885
762.39925
762.39963
762.40003
762.40044
762.40085
762.40123
762.40159
762.40193
762.40228
762.4026
762.40291
762.4032
762.40349
762.40378
762.40405
762.40434
762.40462
762.40492
762.40522
762.40554
762.40586
762.40616
762.40645
762.40675
762.40707
762.40745
762.40792
762.40846
762.40906
762.40978
762.4124
762.43497
762.63709
763.95773
773.96241
789.89664
762.39825
762.39852
762.39895
762.3994
762.39981
762.40018
762.40058
762.40099
762.4014
762.40178
762.40214
762.40248
762.40283
762.40315
762.40345
762.40375
762.40404
762.40432
762.40459
762.40487
762.40516
762.40546
762.40576
762.40607
762.40638
762.40668
762.40697
762.40728
762.4076
762.40798
762.40844
762.40897
762.40955
762.41025
762.41286
762.43543
762.63707
763.95434
773.95796
789.89627
762.39879
762.39906
762.3995
762.39995
762.40035
762.40073
762.40113
762.40154
762.40194
762.40232
762.40269
762.40302
762.40337
762.40368
762.40399
762.40429
762.40458
762.40486
762.40513
762.4054
762.40569
762.40598
762.40628
762.40659
762.4069
762.4072
762.4075
762.4078
762.40813
762.4085
762.40895
762.40947
762.41003
762.41072
762.41332
762.43588
762.63708
763.95129
773.95419
789.89644
762.39932
762.39959
762.40004
762.40049
762.40088
762.40126
762.40166
762.40208
762.40248
762.40286
762.40322
762.40356
762.40389
762.40422
762.40453
762.40482
762.40511
762.40539
762.40566
762.40593
762.40621
762.4065
762.4068
762.40711
762.40742
762.40772
762.40801
762.40832
762.40864
762.40902
762.40946
762.40997
762.41051
762.41118
762.41377
762.43633
762.63712
763.94856
773.95103
789.89711
762.39985
762.40012
762.40057
762.40102
762.40142
762.4018
762.40219
762.4026
762.403
762.40338
762.40374
762.40409
762.40442
762.40474
762.40505
762.40534
762.40564
762.40591
762.40618
762.40645
762.40673
762.40702
762.40732
762.40762
762.40793
762.40823
762.40852
762.40883
762.40916
762.40953
762.40996
762.41046
762.41098
762.41163
762.41421
762.43677
762.63719
763.94612
773.94843
789.89825
762.40037
762.40064
762.4011
762.40154
762.40195
762.40232
762.40271
762.40312
762.40352
762.4039
762.40426
762.40461
762.40494
762.40526
762.40557
762.40586
762.40615
762.40642
762.40669
762.40696
762.40724
762.40753
762.40782
762.40812
762.40843
762.40873
762.40902
762.40934
762.40966
762.41003
762.41046
762.41094
762.41145
762.41208
762.41465
762.43721
762.63729
763.94395
773.94634
789.89983
762.40088
762.40115
762.40161
762.40206
762.40247
762.40284
762.40323
762.40364
762.40404
762.40442
762.40478
762.40512
762.40545
762.40577
762.40608
762.40637
762.40666
762.40693
762.4072
762.40747
762.40774
762.40803
762.40832
762.40862
762.40893
762.40923
762.40952
762.40983
762.41016
762.41053
762.41095
762.41141
762.41191
762.41253
762.41509
762.43765
762.63742
763.94203
773.9447
789.90183
762.40139
762.40166
762.40212
762.40257
762.40297
762.40334
762.40374
762.40415
762.40455
762.40493
762.40528
762.40563
762.40595
762.40628
762.40658
762.40687
762.40716
762.40743
762.4077
762.40796
762.40824
762.40852
762.40882
762.40912
762.40942
762.40972
762.41001
762.41033
762.41065
762.41102
762.41143
762.41189
762.41237
762.41297
762.41552
762.43808
762.63757
763.94035
773.94348
789.90422
762.40189
762.40216
762.40262
762.40307
762.40347
762.40384
762.40424
762.40465
762.40505
762.40542
762.40578
762.40613
762.40645
762.40677
762.40708
762.40737
762.40766
762.40792
762.40819
762.40845
762.40872
762.40901
762.40931
762.40961
762.40991
762.41021
762.4105
762.41081
762.41114
762.4115
762.41191
762.41235
762.41282
762.41341
762.41594
762.4385
762.63774
763.93889
773.94265
789.907
762.40238
762.40265
762.40311
762.40356
762.40396
762.40434
762.40474
762.40515
762.40554
762.40591
762.40627
762.40662
762.40695
762.40727
762.40757
762.40786
762.40814
762.40841
762.40868
762.40894
762.40921
762.40949
762.40979
762.41009
762.41039
762.41069
762.41098
762.41129
762.41162
762.41198
762.41238
762.41281
762.41326
762.41384
762.41637
762.43893
762.63794
763.93764
773.94217
789.91013
762.40287
762.40314
762.4036
762.40405
762.40445
762.40482
762.40522
762.40563
762.40602
762.4064
762.40676
762.4071
762.40743
762.40775
762.40805
762.40834
762.40862
762.40889
762.40916
762.40942
762.40969
762.40997
762.41027
762.41056
762.41086
762.41116
762.41146
762.41177
762.41209
762.41245
762.41285
762.41327
762.4137
762.41427
762.41678
762.43934
762.63816
763.93659
773.94203
789.91362
762.40334
762.40361
762.40407
762.40452
762.40493
762.4053
762.4057
762.4061
762.4065
762.40688
762.40724
762.40758
762.4079
762.40822
762.40852
762.40882
762.40909
762.40937
762.40963
762.40989
762.41016
762.41044
762.41073
762.41103
762.41133
762.41163
762.41193
762.41224
762.41256
762.41292
762.4133
762.41372
762.41414
762.41469
762.4172
762.43976
762.6384
763.93572
773.94219
789.91746
762.40381
762.40407
762.40454
762.40499
762.4054
762.40578
762.40617
762.40657
762.40697
762.40735
762.40771
762.40804
762.40837
762.40869
762.409
762.40929
762.40955
762.40984
762.41009
762.41035
762.41063
762.4109
762.41119
762.41149
762.41179
762.41209
762.41239
762.4127
762.41302
762.41337
762.41375
762.41416
762.41457
762.41511
762.4176
762.44017
762.63867
763.93503
773.94263
789.92165
762.40427
762.40454
762.405
762.40546
762.40587
762.40624
762.40663
762.40703
762.40744
762.40781
762.40817
762.4085
762.40883
762.40915
762.40946
762.40975
762.41001
762.41029
762.41055
762.41081
762.41108
762.41136
762.41165
762.41195
762.41225
762.41255
762.41285
762.41316
762.41347
762.41382
762.41419
762.41459
762.41499
762.41552
762.41801
762.44057
762.63894
763.93449
773.94335
789.92617
762.40472
762.40499
762.40545
762.40592
762.40632
762.4067
762.40708
762.40749
762.40789
762.40826
762.40863
762.40896
762.40928
762.4096
762.40991
762.4102
762.41047
762.41075
762.411
762.41126
762.41153
762.41181
762.4121
762.4124
762.41269
762.413
762.4133
762.41361
762.41392
762.41426
762.41463
762.41502
762.41541
762.41592
762.41841
762.44097
762.63923
763.9341
773.94432
789.93103
762.40517
762.40544
762.4059
762.40637
762.40677
762.40714
762.40753
762.40794
762.40834
762.40871
762.40908
762.40941
762.40973
762.41005
762.41035
762.41064
762.41091
762.41119
762.41145
762.41171
762.41198
762.41226
762.41254
762.41284
762.41314
762.41344
762.41374
762.41405
762.41436
762.4147
762.41507
762.41544
762.41582
762.41632
762.4188
762.44137
762.63954
763.93384
773.94554
789.93624
762.40561
762.40588
762.40634
762.40681
762.40722
762.40758
762.40798
762.40838
762.40878
762.40916
762.40951
762.40985
762.41017
762.41049
762.41079
762.41107
762.41135
762.41163
762.41189
762.41215
762.41242
762.41269
762.41298
762.41328
762.41357
762.41388
762.41418
762.41448
762.4148
762.41514
762.41549
762.41586
762.41622
762.41671
762.41919
762.44177
762.63986
763.9337
773.94698
789.94179
762.40603
762.40632
762.40678
762.40724
762.40765
762.40802
762.40841
762.40882
762.40922
762.40959
762.40994
762.41028
762.4106
762.41093
762.41122
762.41151
762.41179
762.41206
762.41232
762.41258
762.41284
762.41312
762.41341
762.4137
762.414
762.41431
762.4146
762.41491
762.41523
762.41556
762.41592
762.41627
762.41662
762.4171
762.41957
762.44215
762.64019
763.93368
773.94866
789.94771
762.40646
762.40675
762.40721
762.40767
762.40808
762.40845
762.40884
762.40925
762.40964
762.41002
762.41037
762.41071
762.41103
762.41135
762.41165
762.41193
762.41221
762.41248
762.41274
762.413
762.41327
762.41354
762.41383
762.41413
762.41442
762.41473
762.41503
762.41533
762.41565
762.41598
762.41633
762.41667
762.41702
762.41749
762.41995
762.44254
762.64053
763.93378
773.95055
789.95398
762.40688
762.40716
762.40763
762.4081
762.4085
762.40887
762.40926
762.40967
762.41006
762.41044
762.41079
762.41113
762.41145
762.41176
762.41206
762.41235
762.41262
762.41289
762.41316
762.41342
762.41369
762.41396
762.41425
762.41454
762.41484
762.41515
762.41544
762.41575
762.41606
762.41639
762.41673
762.41707
762.4174
762.41787
762.42032
762.44291
762.64089
763.93398
773.95265
789.96064
762.40729
762.40758
762.40804
762.40851
762.40891
762.40929
762.40967
762.41008
762.41047
762.41085
762.4112
762.41154
762.41186
762.41217
762.41247
762.41276
762.41303
762.4133
762.41357
762.41383
762.4141
762.41437
762.41466
762.41496
762.41525
762.41556
762.41585
762.41616
762.41647
762.4168
762.41713
762.41746
762.41778
762.41824
762.42069
762.44329
762.64125
763.93428
773.95497
789.9677
762.40769
762.40798
762.40845
762.40892
762.40932
762.40969
762.41008
762.41048
762.41088
762.41125
762.41161
762.41194
762.41226
762.41257
762.41288
762.41316
762.41344
762.41371
762.41396
762.41423
762.4145
762.41477
762.41506
762.41536
762.41566
762.41596
762.41626
762.41656
762.41687
762.4172
762.41752
762.41785
762.41816
762.4186
762.42104
762.44366
762.64162
763.93466
773.9575
789.97516
762.40809
762.40838
762.40885
762.40931
762.40971
762.41009
762.41048
762.41088
762.41128
762.41165
762.412
762.41233
762.41265
762.41297
762.41327
762.41355
762.41383
762.41411
762.41436
762.41462
762.4149
762.41517
762.41545
762.41575
762.41605
762.41636
762.41665
762.41696
762.41727
762.41759
762.41791
762.41822
762.41853
762.41896
762.4214
762.44402
762.642
763.93514
773.96023
789.98306
762.40847
762.40877
762.40924
762.4097
762.41011
762.41048
762.41087
762.41127
762.41167
762.41204
762.41239
762.41272
762.41304
762.41335
762.41366
762.41394
762.41422
762.41449
762.41475
762.41501
762.41528
762.41556
762.41584
762.41614
762.41644
762.41674
762.41704
762.41735
762.41765
762.41797
762.41829
762.4186
762.41889
762.41931
762.42175
762.44438
762.6424
763.93572
773.96318
789.99142
762.40885
762.40914
762.40962
762.41009
762.41049
762.41086
762.41125
762.41165
762.41206
762.41242
762.41277
762.41311
762.41343
762.41373
762.41404
762.41432
762.4146
762.41487
762.41513
762.41539
762.41566
762.41594
762.41622
762.41652
762.41682
762.41712
762.41742
762.41773
762.41803
762.41835
762.41866
762.41896
762.41925
762.41966
762.42209
762.44474
762.6428
763.93637
773.96634
790.00027
762.40924
762.40952
762.41
762.41047
762.41087
762.41124
762.41163
762.41202
762.41243
762.41279
762.41315
762.41348
762.4138
762.4141
762.41441
762.4147
762.41498
762.41524
762.4155
762.41576
762.41603
762.41631
762.41659
762.41689
762.4172
762.4175
762.4178
762.4181
762.41841
762.41872
762.41902
762.41932
762.4196
762.42
762.42243
762.4451
762.64321
763.93711
773.96972
790.00965
762.40961
762.40988
762.41037
762.41084
762.41123
762.41161
762.412
762.41239
762.41279
762.41316
762.41352
762.41384
762.41416
762.41446
762.41477
762.41506
762.41534
762.41561
762.41586
762.41613
762.41639
762.41667
762.41696
762.41726
762.41757
762.41787
762.41817
762.41847
762.41877
762.41908
762.41938
762.41968
762.41994
762.42034
762.42276
762.44544
762.64363
763.93794
773.97333
790.01958
762.40997
762.41024
762.41073
762.4112
762.41159
762.41197
762.41236
762.41275
762.41315
762.41352
762.41387
762.4142
762.41452
762.41482
762.41513
762.41542
762.4157
762.41596
762.41622
762.41649
762.41675
762.41703
762.41732
762.41762
762.41793
762.41823
762.41853
762.41883
762.41913
762.41944
762.41973
762.42002
762.42028
762.42068
762.42309
762.44578
762.64406
763.93884
773.97717
790.03013
762.41031
762.4106
762.41108
762.41156
762.41195
762.41233
762.41271
762.4131
762.41351
762.41387
762.41421
762.41455
762.41487
762.41517
762.41548
762.41577
762.41604
762.41632
762.41657
762.41684
762.41711
762.41739
762.41767
762.41797
762.41828
762.41858
762.41889
762.41918
762.41948
762.41979
762.42008
762.42036
762.42061
762.421
762.42341
762.44612
762.64449
763.93983
773.98125
790.04134
762.41066
762.41095
762.41143
762.4119
762.4123
762.41267
762.41305
762.41345
762.41385
762.41422
762.41456
762.41489
762.4152
762.41552
762.41582
762.4161
762.41638
762.41666
762.41692
762.41718
762.41745
762.41773
762.41802
762.41832
762.41862
762.41893
762.41923
762.41953
762.41983
762.42013
762.42042
762.42069
762.42094
762.42132
762.42372
762.44645
762.64493
763.9409
773.98559
790.05328
762.411
762.41128
762.41177
762.41224
762.41264
762.413
762.41339
762.41379
762.41418
762.41455
762.4149
762.41522
762.41554
762.41585
762.41615
762.41644
762.41672
762.41699
762.41726
762.41752
762.41779
762.41807
762.41836
762.41866
762.41896
762.41927
762.41957
762.41987
762.42017
762.42047
762.42075
762.42101
762.42125
762.42163
762.42403
762.44678
762.64538
763.94206
773.99019
790.06601
762.41133
762.41161
762.4121
762.41257
762.41297
762.41333
762.41372
762.41411
762.41451
762.41487
762.41523
762.41555
762.41587
762.41618
762.41648
762.41677
762.41704
762.41732
762.41759
762.41785
762.41812
762.4184
762.41869
762.41899
762.4193
762.4196
762.4199
762.42021
762.4205
762.42079
762.42107
762.42133
762.42156
762.42194
762.42434
762.4471
762.64584
763.94331
773.99507
790.07964
762.41165
762.41193
762.41242
762.41289
762.41329
762.41365
762.41404
762.41443
762.41483
762.41519
762.41554
762.41587
762.41618
762.41649
762.4168
762.41709
762.41736
762.41764
762.41791
762.41817
762.41844
762.41873
762.41901
762.41931
762.41962
762.41993
762.42023
762.42053
762.42082
762.42111
762.42139
762.42164
762.42187
762.42224
762.42463
762.44742
762.64631
763.94465
774.00026
790.09426
762.41196
762.41224
762.41273
762.41321
762.4136
762.41396
762.41436
762.41475
762.41514
762.4155
762.41585
762.41618
762.41649
762.4168
762.4171
762.4174
762.41767
762.41795
762.41822
762.41848
762.41875
762.41904
762.41933
762.41963
762.41994
762.42024
762.42055
762.42085
762.42114
762.42143
762.4217
762.42194
762.42217
762.42253
762.42492
762.44773
762.64679
763.94609
774.00576
790.11002
762.41227
762.41255
762.41304
762.41352
762.41391
762.41427
762.41466
762.41505
762.41544
762.41581
762.41615
762.41648
762.41679
762.4171
762.41741
762.4177
762.41798
762.41825
762.41852
762.41879
762.41906
762.41935
762.41964
762.41994
762.42025
762.42055
762.42086
762.42115
762.42144
762.42173
762.422
762.42224
762.42246
762.42281
762.42521
762.44804
762.64728
763.94762
774.01161
790.12706
762.41256
762.41285
762.41334
762.41381
762.41421
762.41457
762.41495
762.41535
762.41573
762.4161
762.41644
762.41677
762.41709
762.4174
762.4177
762.41799
762.41827
762.41855
762.41882
762.41909
762.41936
762.41965
762.41993
762.42024
762.42055
762.42086
762.42116
762.42145
762.42174
762.42203
762.42229
762.42253
762.42275
762.4231
762.42549
762.44835
762.64778
763.94927
774.01783
790.14558
762.41286
762.41314
762.41363
762.4141
762.41449
762.41486
762.41524
762.41563
762.41603
762.41639
762.41673
762.41705
762.41737
762.41768
762.41798
762.41827
762.41856
762.41884
762.41911
762.41938
762.41965
762.41994
762.42022
762.42053
762.42084
762.42115
762.42146
762.42175
762.42204
762.42232
762.42258
762.42281
762.42302
762.42337
762.42576
762.44865
762.64829
763.95103
774.02445
790.16584
762.41314
762.41341
762.41391
762.41438
762.41477
762.41514
762.41552
762.41591
762.41631
762.41668
762.417
762.41733
762.41765
762.41796
762.41826
762.41855
762.41883
762.41912
762.41939
762.41966
762.41993
762.42022
762.42051
762.42081
762.42113
762.42144
762.42174
762.42204
762.42232
762.4226
762.42286
762.42309
762.42329
762.42364
762.42603
762.44894
762.64882
763.95291
774.0315
790.18814
762.41341
762.41369
762.41419
762.41466
762.41504
762.41541
762.41579
762.41618
762.41658
762.41695
762.41727
762.4176
762.41792
762.41823
762.41853
762.41882
762.4191
762.41939
762.41966
762.41993
762.4202
762.42049
762.42078
762.4211
762.42141
762.42172
762.42202
762.42232
762.4226
762.42288
762.42313
762.42335
762.42356
762.4239
762.42629
762.44923
762.64936
763.95493
774.03901
790.21288
762.41367
762.41395
762.41445
762.41492
762.41531
762.41567
762.41605
762.41644
762.41684
762.41721
762.41753
762.41785
762.41818
762.41848
762.41879
762.41908
762.41937
762.41965
762.41992
762.42019
762.42047
762.42076
762.42105
762.42137
762.42168
762.42199
762.42229
762.42259
762.42288
762.42314
762.4234
762.42361
762.42381
762.42415
762.42654
762.44952
762.64993
763.9571
774.04703
790.24055
762.41392
762.41421
762.41471
762.41518
762.41557
762.41593
762.4163
762.4167
762.41708
762.41745
762.41778
762.4181
762.41843
762.41873
762.41904
762.41933
762.41962
762.4199
762.42018
762.42045
762.42073
762.42102
762.42131
762.42162
762.42194
762.42225
762.42255
762.42285
762.42314
762.4234
762.42365
762.42387
762.42406
762.4244
762.42679
762.44981
762.6505
763.95942
774.05561
790.27182
762.41416
762.41445
762.41495
762.41542
762.41581
762.41616
762.41654
762.41694
762.41732
762.41769
762.41802
762.41834
762.41866
762.41897
762.41928
762.41957
762.41986
762.42014
762.42042
762.42069
762.42098
762.42127
762.42156
762.42187
762.42219
762.4225
762.42281
762.4231
762.42339
762.42366
762.4239
762.42412
762.42431
762.42463
762.42702
762.45009
762.6511
763.96191
774.06479
790.3075
762.41439
762.41469
762.41518
762.41565
762.41604
762.4164
762.41677
762.41717
762.41755
762.41791
762.41825
762.41857
762.41889
762.41919
762.4195
762.4198
762.42009
762.42037
762.42065
762.42093
762.42121
762.4215
762.42181
762.42211
762.42243
762.42274
762.42305
762.42335
762.42363
762.4239
762.42414
762.42435
762.42454
762.42486
762.42725
762.45036
762.65172
763.96459
774.07462
790.34869
762.41461
762.41491
762.4154
762.41587
762.41626
762.41661
762.41699
762.41738
762.41777
762.41813
762.41846
762.41878
762.4191
762.41941
762.41972
762.42001
762.4203
762.42059
762.42087
762.42115
762.42143
762.42173
762.42203
762.42234
762.42266
762.42297
762.42328
762.42358
762.42386
762.42413
762.42437
762.42458
762.42476
762.42508
762.42747
762.45062
762.65235
763.96748
774.08517
790.39679
762.41481
762.41511
762.4156
762.41608
762.41646
762.41681
762.41719
762.41758
762.41797
762.41833
762.41866
762.41898
762.4193
762.41961
762.41991
762.42021
762.42051
762.4208
762.42107
762.42136
762.42164
762.42194
762.42224
762.42256
762.42288
762.42319
762.4235
762.4238
762.42408
762.42435
762.42459
762.4248
762.42497
762.42529
762.42768
762.45088
762.65302
763.97061
774.09649
790.45365
762.415
762.4153
762.41578
762.41627
762.41665
762.417
762.41738
762.41776
762.41815
762.41852
762.41884
762.41916
762.41948
762.4198
762.4201
762.4204
762.42069
762.42098
762.42126
762.42155
762.42184
762.42214
762.42244
762.42276
762.42308
762.42339
762.42371
762.424
762.42428
762.42456
762.42479
762.425
762.42517
762.42548
762.42788
762.45114
762.65371
763.97399
774.10865
790.52168
762.41517
762.41547
762.41596
762.41644
762.41682
762.41717
762.41755
762.41793
762.41832
762.41869
762.41901
762.41933
762.41965
762.41996
762.42027
762.42057
762.42086
762.42116
762.42144
762.42172
762.42202
762.42231
762.42262
762.42295
762.42326
762.42358
762.42389
762.42419
762.42447
762.42474
762.42498
762.42518
762.42535
762.42566
762.42806
762.45138
762.65443
763.97766
774.12171
790.60405
762.41533
762.41563
762.41611
762.41658
762.41696
762.41732
762.4177
762.41809
762.41847
762.41883
762.41915
762.41947
762.41979
762.42011
762.42041
762.42072
762.42101
762.4213
762.4216
762.42188
762.42217
762.42247
762.42279
762.42311
762.42343
762.42375
762.42407
762.42436
762.42465
762.42491
762.42515
762.42535
762.42551
762.42581
762.42822
762.4516
762.65519
763.98167
774.13573
790.70493
762.41546
762.41576
762.41624
762.41671
762.41709
762.41745
762.41782
762.41821
762.41859
762.41895
762.41927
762.41959
762.41992
762.42023
762.42054
762.42085
762.42115
762.42143
762.42173
762.42202
762.4223
762.42261
762.42293
762.42326
762.42358
762.4239
762.42422
762.42452
762.4248
762.42506
762.42529
762.42549
762.42565
762.42595
762.42836
762.45182
762.65598
763.98606
774.15076
790.82978
762.41556
762.41587
762.41635
762.41682
762.41719
762.41755
762.41792
762.41832
762.4187
762.41906
762.41938
762.41969
762.42002
762.42034
762.42064
762.42096
762.42125
762.42154
762.42184
762.42213
762.42242
762.42273
762.42305
762.42338
762.4237
762.42402
762.42435
762.42465
762.42493
762.42519
762.42542
762.42562
762.42578
762.42608
762.42848
762.45201
762.65681
763.99088
774.16681
790.9858
762.41564
762.41594
762.41643
762.4169
762.41728
762.41763
762.41801
762.41839
762.41878
762.41914
762.41946
762.41978
762.4201
762.42041
762.42072
762.42103
762.42133
762.42163
762.42192
762.42222
762.42251
762.42283
762.42314
762.42347
762.4238
762.42412
762.42446
762.42476
762.42503
762.42529
762.42553
762.42572
762.42588
762.42618
762.42859
762.4522
762.65769
763.9962
774.18387
791.18242
762.41569
762.41599
762.41649
762.41695
762.41733
762.41768
762.41806
762.41844
762.41883
762.41918
762.41951
762.41983
762.42015
762.42047
762.42078
762.42109
762.42138
762.42169
762.42198
762.42228
762.42257
762.42289
762.42321
762.42354
762.42387
762.4242
762.42453
762.42484
762.42511
762.42537
762.42561
762.4258
762.42595
762.42625
762.42867
762.45237
762.65862
764.00211
774.20187
791.432
762.41572
762.41602
762.41652
762.41698
762.41736
762.4177
762.41808
762.41846
762.41885
762.4192
762.41953
762.41985
762.42018
762.42049
762.4208
762.42111
762.42142
762.42172
762.42201
762.42231
762.42261
762.42293
762.42325
762.42359
762.42392
762.42425
762.42458
762.42488
762.42517
762.42543
762.42566
762.42585
762.426
762.4263
762.42874
762.45252
762.65961
764.00873
774.22063
791.75065
762.41574
762.41605
762.41653
762.41699
762.41737
762.41772
762.41809
762.41848
762.41887
762.41922
762.41954
762.41986
762.42019
762.42051
762.42081
762.42112
762.42143
762.42173
762.42203
762.42233
762.42264
762.42295
762.42327
762.42361
762.42394
762.42428
762.42461
762.42491
762.4252
762.42546
762.42569
762.42588
762.42603
762.42633
762.42878
762.45267
762.6607
764.01619
774.23992
792.15929
762.41585
762.41616
762.41664
762.4171
762.41747
762.41783
762.41819
762.41858
762.41897
762.41932
762.41964
762.41995
762.42028
762.4206
762.4209
762.42121
762.42152
762.42182
762.4221
762.42241
762.4227
762.42301
762.42333
762.42366
762.42399
762.42433
762.42466
762.42496
762.42525
762.42551
762.42574
762.42593
762.42609
762.42639
762.42885
762.45287
762.66194
764.02473
774.25957
792.6848
762.41652
762.41683
762.41731
762.41777
762.41814
762.41848
762.41885
762.41923
762.41961
762.41995
762.42027
762.42057
762.42088
762.42119
762.42148
762.42178
762.42206
762.42234
762.42261
762.42289
762.42316
762.42344
762.42373
762.42404
762.42435
762.42466
762.42497
762.42527
762.42555
762.42581
762.42605
762.42625
762.42642
762.42675
762.42925
762.45342
762.66367
764.03488
774.28009
793.36141
762.41971
762.42002
762.4205
762.42096
762.42132
762.42165
762.422
762.42236
762.42271
762.42302
762.42331
762.42357
762.42385
762.4241
762.42434
762.42456
762.42478
762.42497
762.42515
762.42532
762.42549
762.42566
762.42584
762.42603
762.42624
762.42646
762.4267
762.42694
762.42719
762.42745
762.42771
762.42797
762.42821
762.42862
762.43123
762.45566
762.66732
764.04832
774.3048
794.23159
762.43294
762.43329
762.43376
762.43419
762.43452
762.4348
762.43509
762.43539
762.43566
762.43587
762.43605
762.43618
762.4363
762.43638
762.43641
762.43639
762.43635
762.43624
762.43608
762.43589
762.43567
762.43542
762.43518
762.43496
762.43477
762.43464
762.4346
762.43463
762.43477
762.43502
762.43538
762.43581
762.43631
762.43704
762.44001
762.46508
762.67858
764.07113
774.34634
795.34632
762.48229
762.48276
762.48322
762.48356
762.48378
762.48392
762.48404
762.48412
762.48413
762.48405
762.48386
762.48357
762.48321
762.48272
762.4821
762.48133
762.48043
762.47936
762.47813
762.47676
762.47527
762.47367
762.47205
762.47045
762.46896
762.46766
762.46664
762.46597
762.46572
762.46593
762.46658
762.46763
762.46898
762.47078
762.47494
762.50182
762.71831
764.12479
774.44416
796.76164
762.64839
762.64926
762.64969
762.64978
762.64969
762.64944
762.64907
762.64855
762.64785
762.64692
762.64572
762.64426
762.64252
762.64043
762.63797
762.63507
762.63176
762.62796
762.62367
762.61892
762.61376
762.60828
762.60264
762.59702
762.59168
762.58689
762.58297
762.58018
762.57877
762.57883
762.58038
762.58322
762.58709
762.59207
762.59972
762.63176
762.85423
764.27856
774.70597
798.52724
763.14779
763.14975
763.15014
763.14962
763.14877
763.14755
763.14598
763.14399
763.14155
763.13854
763.13485
763.13052
763.12541
763.1194
763.1124
763.1043
763.09503
763.08447
763.07261
763.05947
763.04517
763.02994
763.01415
762.99835
762.98319
762.96946
762.95804
762.94974
762.94524
762.94487
762.94864
762.95605
762.96639
762.9795
762.99608
763.04156
763.27705
764.72691
775.38784
800.65081
764.4611
764.46565
764.466
764.46418
764.46177
764.45852
764.45443
764.44936
764.44332
764.43599
764.42717
764.41685
764.40478
764.39065
764.37427
764.35537
764.33375
764.30915
764.28153
764.25089
764.21747
764.18175
764.14455
764.10712
764.07097
764.03803
764.01037
763.99001
763.97861
763.97704
763.98537
764.00237
764.02641
764.057
764.09282
764.16825
764.43043
765.92109
776.99728
803.0039
767.3654
767.37489
767.37534
767.37126
767.36619
767.35953
767.35119
767.34098
767.3289
767.31438
767.29702
767.2768
767.25321
767.22571
767.19389
767.15725
767.1154
767.06781
767.01436
766.95504
766.89018
766.8207
766.74807
766.67466
766.60335
766.53796
766.48258
766.44126
766.41741
766.41286
766.42786
766.46001
766.50643
766.56619
766.63472
766.76411
767.07229
768.6277
780.25735
805.07954
772.31173
772.32827
772.32915
772.32218
772.31382
772.30295
772.28944
772.27301
772.25367
772.23061
772.20319
772.1714
772.13452
772.09171
772.04239
771.98584
771.92147
771.84849
771.76669
771.67601
771.5769
771.4706
771.35925
771.24626
771.13591
771.03391
770.94647
770.87985
770.8394
770.82814
770.84682
770.8921
770.96065
771.05172
771.1581
771.35749
771.72378
773.36173
785.37081
805.41321
776.96581
776.98847
776.99011
776.98121
776.97066
776.95711
776.94051
776.92046
776.89698
776.86938
776.83698
776.79968
776.75691
776.7079
776.65207
776.58878
776.51756
776.43766
776.34892
776.25138
776.14543
776.03226
775.91387
775.79342
775.67495
775.56387
775.46619
775.38799
775.33479
775.3101
775.31584
775.34993
775.41254
775.50469
775.62399
775.86607
776.26854
777.95521
789.37523
800.288
770.95352
770.97606
770.97861
770.97089
770.96135
770.94958
770.93576
770.9192
770.8999
770.87821
770.85364
770.82588
770.79521
770.76165
770.72499
770.68524
770.64266
770.59737
770.54947
770.49942
770.44743
770.39395
770.33938
770.28402
770.22832
770.17256
770.1173
770.06331
770.01197
769.96551
769.9278
769.90251
769.90026
769.92519
769.99695
770.18903
770.55755
772.14537
780.96346
781.09915
730.0939
730.1084
730.11146
730.1079
730.10232
730.09646
730.09071
730.08379
730.07566
730.0684
730.06172
730.05491
730.04952
730.04666
730.04673
730.05052
730.05934
730.0746
730.09675
730.12683
730.1649
730.2104
730.2615
730.31434
730.36422
730.4038
730.42529
730.42117
730.38613
730.31989
730.22811
730.1222
730.0254
729.94235
729.92718
729.97772
730.23448
731.44915
736.05172
729.6862
619.7314
619.73554
619.7375
619.73734
619.73572
619.73499
619.73534
619.73546
619.73547
619.73738
619.74096
619.74555
619.75259
619.76314
619.77763
619.79676
619.8217
619.85378
619.89334
619.94122
619.99746
620.06139
620.13114
620.20287
620.2719
620.33096
620.37213
620.38769
620.3719
620.32376
620.24751
620.15305
620.05919
619.96606
619.92511
619.88321
619.98725
620.48986
621.33586
615.55728
)
;

boundaryField
{
    piston
    {
        type            fixedValue;
        value           uniform 485.2;
    }
    cylinderHead
    {
        type            fixedValue;
        value           uniform 525.2;
    }
    cylinderWall
    {
        type            fixedValue;
        value           uniform 430.1;
    }
    wedgeFront
    {
        type            wedge;
    }
    wedgeBack
    {
        type            wedge;
    }
    axis
    {
        type            empty;
    }
}


// ************************************************************************* //
