/*--------------------------------*- C++ -*----------------------------------*\
  =========                 |
  \\      /  F ield         | OpenFOAM: The Open Source CFD Toolbox
   \\    /   O peration     | Website:  https://openfoam.org
    \\  /    A nd           | Version:  13
     \\/     M anipulation  |
\*---------------------------------------------------------------------------*/
FoamFile
{
    format      ascii;
    class       volScalarField;
    location    "-13";
    object      p;
}
// * * * * * * * * * * * * * * * * * * * * * * * * * * * * * * * * * * * * * //

dimensions      [1 -1 -2 0 0 0 0];

internalField   nonuniform List<scalar> 
4800
(
2072627.5
2072627.5
2072627.5
2072627.5
2072627.5
2072627.5
2072627.5
2072627.5
2072627.5
2072627.5
2072627.5
2072627.5
2072627.5
2072627.5
2072627.5
2072627.4
2072627.4
2072627.4
2072627.4
2072627.4
2072627.4
2072627.4
2072627.5
2072627.5
2072627.5
2072627.6
2072627.7
2072627.6
2072627.3
2072626.7
2072626
2072625.2
2072624.8
2072625.1
2072625.8
2072626.4
2072626.8
2072627.6
2072630.4
2072635.2
2072628
2072628
2072628
2072628
2072628
2072628
2072627.9
2072627.9
2072627.9
2072627.9
2072627.9
2072627.9
2072627.9
2072627.9
2072627.9
2072627.9
2072627.9
2072627.9
2072627.9
2072627.9
2072627.9
2072627.9
2072627.9
2072628
2072628
2072628.1
2072628.1
2072628
2072627.7
2072627.2
2072626.5
2072625.8
2072625.3
2072625.6
2072626.3
2072626.9
2072627.2
2072628
2072630.7
2072635.3
2072628.3
2072628.3
2072628.3
2072628.3
2072628.3
2072628.3
2072628.3
2072628.3
2072628.3
2072628.3
2072628.3
2072628.3
2072628.3
2072628.3
2072628.3
2072628.2
2072628.2
2072628.2
2072628.2
2072628.2
2072628.2
2072628.2
2072628.3
2072628.3
2072628.3
2072628.4
2072628.5
2072628.4
2072628.1
2072627.5
2072626.9
2072626.1
2072625.6
2072625.9
2072626.6
2072627.2
2072627.6
2072628.3
2072630.8
2072635.3
2072628.6
2072628.6
2072628.6
2072628.6
2072628.6
2072628.6
2072628.6
2072628.6
2072628.6
2072628.6
2072628.6
2072628.6
2072628.6
2072628.6
2072628.6
2072628.6
2072628.5
2072628.5
2072628.5
2072628.5
2072628.5
2072628.5
2072628.6
2072628.6
2072628.6
2072628.7
2072628.8
2072628.7
2072628.4
2072627.9
2072627.2
2072626.4
2072625.9
2072626.2
2072626.9
2072627.5
2072627.8
2072628.5
2072630.9
2072635.2
2072628.9
2072628.9
2072628.9
2072628.9
2072628.9
2072628.9
2072628.9
2072628.9
2072628.9
2072628.9
2072628.9
2072628.9
2072628.9
2072628.9
2072628.9
2072628.9
2072628.9
2072628.8
2072628.8
2072628.8
2072628.8
2072628.9
2072628.9
2072628.9
2072628.9
2072629
2072629.1
2072629
2072628.7
2072628.2
2072627.5
2072626.6
2072626.1
2072626.5
2072627.2
2072627.8
2072628.1
2072628.7
2072630.9
2072635.1
2072629.2
2072629.2
2072629.2
2072629.2
2072629.2
2072629.2
2072629.2
2072629.2
2072629.2
2072629.2
2072629.2
2072629.2
2072629.2
2072629.2
2072629.2
2072629.2
2072629.2
2072629.2
2072629.1
2072629.1
2072629.1
2072629.2
2072629.2
2072629.2
2072629.2
2072629.3
2072629.4
2072629.3
2072629
2072628.5
2072627.7
2072626.9
2072626.4
2072626.7
2072627.5
2072628.1
2072628.4
2072628.9
2072630.9
2072635
2072629.5
2072629.5
2072629.5
2072629.5
2072629.5
2072629.5
2072629.5
2072629.5
2072629.5
2072629.5
2072629.5
2072629.5
2072629.5
2072629.5
2072629.5
2072629.5
2072629.5
2072629.5
2072629.5
2072629.5
2072629.5
2072629.5
2072629.5
2072629.5
2072629.5
2072629.6
2072629.7
2072629.6
2072629.3
2072628.8
2072628
2072627.1
2072626.6
2072627
2072627.8
2072628.4
2072628.6
2072629.1
2072630.9
2072634.8
2072629.8
2072629.8
2072629.8
2072629.8
2072629.8
2072629.8
2072629.8
2072629.8
2072629.8
2072629.8
2072629.8
2072629.8
2072629.8
2072629.8
2072629.8
2072629.8
2072629.8
2072629.8
2072629.8
2072629.8
2072629.8
2072629.8
2072629.8
2072629.8
2072629.8
2072629.9
2072630
2072629.9
2072629.6
2072629.1
2072628.3
2072627.3
2072626.9
2072627.3
2072628.1
2072628.7
2072628.9
2072629.3
2072630.9
2072634.7
2072630.1
2072630.1
2072630.1
2072630.1
2072630.1
2072630.1
2072630.1
2072630.1
2072630.1
2072630.1
2072630.1
2072630.1
2072630.1
2072630.1
2072630.1
2072630.1
2072630.1
2072630.1
2072630.1
2072630.1
2072630.1
2072630.1
2072630.1
2072630.1
2072630.1
2072630.2
2072630.3
2072630.2
2072629.9
2072629.4
2072628.5
2072627.6
2072627.1
2072627.6
2072628.4
2072629
2072629.2
2072629.5
2072630.8
2072634.5
2072630.4
2072630.4
2072630.4
2072630.4
2072630.4
2072630.4
2072630.4
2072630.4
2072630.4
2072630.4
2072630.4
2072630.4
2072630.4
2072630.4
2072630.4
2072630.4
2072630.4
2072630.4
2072630.4
2072630.4
2072630.4
2072630.4
2072630.4
2072630.4
2072630.4
2072630.5
2072630.5
2072630.5
2072630.2
2072629.7
2072628.8
2072627.8
2072627.4
2072627.9
2072628.7
2072629.3
2072629.4
2072629.7
2072630.8
2072634.3
2072630.7
2072630.7
2072630.7
2072630.7
2072630.7
2072630.7
2072630.7
2072630.7
2072630.7
2072630.7
2072630.7
2072630.7
2072630.7
2072630.7
2072630.7
2072630.7
2072630.7
2072630.7
2072630.7
2072630.7
2072630.7
2072630.7
2072630.7
2072630.7
2072630.7
2072630.8
2072630.8
2072630.8
2072630.5
2072629.9
2072629
2072628.1
2072627.7
2072628.2
2072629
2072629.6
2072629.7
2072629.8
2072630.9
2072634.2
2072631
2072631
2072631
2072631
2072631
2072631
2072631
2072631
2072631
2072631
2072631
2072631
2072631
2072631
2072631
2072631
2072631
2072631
2072631
2072631
2072631
2072631
2072631
2072631
2072631
2072631.1
2072631.1
2072631
2072630.8
2072630.2
2072629.3
2072628.3
2072627.9
2072628.4
2072629.3
2072629.9
2072629.9
2072630
2072630.9
2072634.1
2072631.3
2072631.3
2072631.3
2072631.3
2072631.3
2072631.3
2072631.3
2072631.3
2072631.3
2072631.3
2072631.3
2072631.3
2072631.3
2072631.3
2072631.3
2072631.3
2072631.3
2072631.3
2072631.3
2072631.3
2072631.3
2072631.3
2072631.3
2072631.3
2072631.3
2072631.4
2072631.4
2072631.3
2072631
2072630.5
2072629.5
2072628.6
2072628.2
2072628.7
2072629.6
2072630.2
2072630.2
2072630.2
2072630.9
2072633.9
2072631.6
2072631.6
2072631.6
2072631.6
2072631.6
2072631.6
2072631.6
2072631.6
2072631.6
2072631.6
2072631.6
2072631.6
2072631.6
2072631.6
2072631.6
2072631.6
2072631.6
2072631.6
2072631.6
2072631.6
2072631.6
2072631.6
2072631.6
2072631.6
2072631.6
2072631.7
2072631.7
2072631.6
2072631.3
2072630.7
2072629.8
2072628.9
2072628.5
2072629
2072629.9
2072630.4
2072630.5
2072630.5
2072631
2072633.8
2072631.9
2072631.9
2072631.9
2072631.9
2072631.9
2072631.9
2072631.9
2072631.9
2072631.9
2072631.9
2072631.9
2072631.9
2072631.9
2072631.9
2072631.9
2072631.9
2072631.9
2072631.9
2072631.9
2072631.9
2072631.9
2072631.9
2072631.9
2072631.9
2072631.9
2072632
2072632
2072631.9
2072631.6
2072631
2072630.1
2072629.2
2072628.8
2072629.3
2072630.1
2072630.7
2072630.7
2072630.7
2072631.1
2072633.8
2072632.2
2072632.2
2072632.2
2072632.2
2072632.2
2072632.2
2072632.2
2072632.2
2072632.2
2072632.2
2072632.2
2072632.2
2072632.2
2072632.2
2072632.2
2072632.2
2072632.2
2072632.2
2072632.2
2072632.2
2072632.2
2072632.2
2072632.2
2072632.2
2072632.2
2072632.2
2072632.2
2072632.1
2072631.8
2072631.3
2072630.4
2072629.5
2072629.2
2072629.6
2072630.4
2072630.9
2072631
2072630.9
2072631.3
2072633.7
2072632.5
2072632.5
2072632.5
2072632.5
2072632.5
2072632.5
2072632.5
2072632.5
2072632.5
2072632.5
2072632.5
2072632.5
2072632.5
2072632.5
2072632.5
2072632.5
2072632.4
2072632.4
2072632.4
2072632.4
2072632.4
2072632.4
2072632.5
2072632.5
2072632.5
2072632.5
2072632.5
2072632.4
2072632.1
2072631.5
2072630.7
2072629.8
2072629.5
2072629.9
2072630.7
2072631.2
2072631.3
2072631.2
2072631.4
2072633.7
2072632.8
2072632.8
2072632.8
2072632.8
2072632.8
2072632.8
2072632.8
2072632.8
2072632.8
2072632.8
2072632.8
2072632.8
2072632.8
2072632.7
2072632.7
2072632.7
2072632.7
2072632.7
2072632.7
2072632.7
2072632.7
2072632.7
2072632.7
2072632.8
2072632.8
2072632.8
2072632.8
2072632.7
2072632.4
2072631.8
2072631
2072630.1
2072629.8
2072630.3
2072631
2072631.5
2072631.5
2072631.5
2072631.6
2072633.7
2072633.1
2072633.1
2072633.1
2072633.1
2072633.1
2072633.1
2072633.1
2072633.1
2072633
2072633
2072633
2072633
2072633
2072633
2072633
2072633
2072633
2072633
2072633
2072633
2072633
2072633
2072633
2072633
2072633.1
2072633.1
2072633.1
2072632.9
2072632.6
2072632.1
2072631.3
2072630.5
2072630.2
2072630.6
2072631.2
2072631.7
2072631.8
2072631.8
2072631.8
2072633.7
2072633.3
2072633.3
2072633.3
2072633.3
2072633.3
2072633.3
2072633.3
2072633.3
2072633.3
2072633.3
2072633.3
2072633.3
2072633.3
2072633.3
2072633.3
2072633.3
2072633.3
2072633.3
2072633.3
2072633.3
2072633.3
2072633.3
2072633.3
2072633.3
2072633.3
2072633.3
2072633.3
2072633.2
2072632.9
2072632.4
2072631.6
2072630.8
2072630.5
2072630.9
2072631.5
2072632
2072632.1
2072632
2072632
2072633.8
2072633.6
2072633.6
2072633.6
2072633.6
2072633.6
2072633.6
2072633.6
2072633.6
2072633.6
2072633.6
2072633.6
2072633.6
2072633.6
2072633.6
2072633.6
2072633.6
2072633.6
2072633.6
2072633.6
2072633.6
2072633.6
2072633.6
2072633.6
2072633.6
2072633.6
2072633.6
2072633.6
2072633.5
2072633.2
2072632.7
2072631.9
2072631.2
2072630.9
2072631.2
2072631.8
2072632.3
2072632.3
2072632.3
2072632.3
2072633.8
2072633.9
2072633.9
2072633.9
2072633.9
2072633.9
2072633.9
2072633.9
2072633.9
2072633.9
2072633.9
2072633.9
2072633.9
2072633.9
2072633.9
2072633.9
2072633.9
2072633.8
2072633.8
2072633.8
2072633.8
2072633.8
2072633.8
2072633.8
2072633.9
2072633.9
2072633.9
2072633.9
2072633.7
2072633.4
2072632.9
2072632.2
2072631.5
2072631.2
2072631.6
2072632.1
2072632.5
2072632.6
2072632.6
2072632.5
2072633.9
2072634.2
2072634.2
2072634.2
2072634.2
2072634.2
2072634.2
2072634.2
2072634.2
2072634.1
2072634.1
2072634.1
2072634.1
2072634.1
2072634.1
2072634.1
2072634.1
2072634.1
2072634.1
2072634.1
2072634.1
2072634.1
2072634.1
2072634.1
2072634.1
2072634.1
2072634.1
2072634.1
2072634
2072633.7
2072633.2
2072632.5
2072631.9
2072631.6
2072631.9
2072632.4
2072632.8
2072632.9
2072632.9
2072632.8
2072634
2072634.4
2072634.4
2072634.4
2072634.4
2072634.4
2072634.4
2072634.4
2072634.4
2072634.4
2072634.4
2072634.4
2072634.4
2072634.4
2072634.4
2072634.4
2072634.4
2072634.4
2072634.4
2072634.4
2072634.4
2072634.4
2072634.4
2072634.4
2072634.4
2072634.4
2072634.4
2072634.4
2072634.3
2072634
2072633.5
2072632.9
2072632.2
2072632
2072632.2
2072632.7
2072633
2072633.1
2072633.2
2072633.1
2072634.1
2072634.7
2072634.7
2072634.7
2072634.7
2072634.7
2072634.7
2072634.7
2072634.7
2072634.7
2072634.7
2072634.7
2072634.7
2072634.7
2072634.7
2072634.7
2072634.7
2072634.7
2072634.6
2072634.6
2072634.6
2072634.6
2072634.6
2072634.7
2072634.7
2072634.7
2072634.7
2072634.6
2072634.5
2072634.3
2072633.8
2072633.2
2072632.6
2072632.3
2072632.6
2072633
2072633.3
2072633.4
2072633.5
2072633.3
2072634.3
2072635
2072635
2072635
2072635
2072635
2072634.9
2072634.9
2072634.9
2072634.9
2072634.9
2072634.9
2072634.9
2072634.9
2072634.9
2072634.9
2072634.9
2072634.9
2072634.9
2072634.9
2072634.9
2072634.9
2072634.9
2072634.9
2072634.9
2072634.9
2072634.9
2072634.9
2072634.8
2072634.5
2072634.1
2072633.5
2072632.9
2072632.7
2072632.9
2072633.2
2072633.6
2072633.7
2072633.7
2072633.6
2072634.4
2072635.2
2072635.2
2072635.2
2072635.2
2072635.2
2072635.2
2072635.2
2072635.2
2072635.2
2072635.2
2072635.2
2072635.2
2072635.2
2072635.2
2072635.2
2072635.2
2072635.2
2072635.2
2072635.2
2072635.2
2072635.2
2072635.2
2072635.2
2072635.2
2072635.2
2072635.2
2072635.1
2072635
2072634.8
2072634.4
2072633.8
2072633.3
2072633
2072633.2
2072633.5
2072633.8
2072633.9
2072634
2072633.9
2072634.6
2072635.5
2072635.5
2072635.5
2072635.5
2072635.5
2072635.5
2072635.5
2072635.5
2072635.5
2072635.5
2072635.5
2072635.5
2072635.4
2072635.4
2072635.4
2072635.4
2072635.4
2072635.4
2072635.4
2072635.4
2072635.4
2072635.4
2072635.4
2072635.4
2072635.4
2072635.4
2072635.4
2072635.3
2072635
2072634.7
2072634.1
2072633.6
2072633.4
2072633.5
2072633.8
2072634.1
2072634.2
2072634.3
2072634.1
2072634.8
2072635.7
2072635.7
2072635.7
2072635.7
2072635.7
2072635.7
2072635.7
2072635.7
2072635.7
2072635.7
2072635.7
2072635.7
2072635.7
2072635.7
2072635.7
2072635.7
2072635.7
2072635.7
2072635.7
2072635.7
2072635.7
2072635.7
2072635.7
2072635.7
2072635.7
2072635.7
2072635.6
2072635.5
2072635.3
2072634.9
2072634.4
2072633.9
2072633.7
2072633.8
2072634.1
2072634.4
2072634.4
2072634.5
2072634.4
2072635
2072636
2072636
2072636
2072636
2072636
2072636
2072636
2072636
2072636
2072636
2072636
2072636
2072636
2072636
2072635.9
2072635.9
2072635.9
2072635.9
2072635.9
2072635.9
2072635.9
2072635.9
2072635.9
2072635.9
2072636
2072635.9
2072635.9
2072635.8
2072635.6
2072635.2
2072634.7
2072634.2
2072634
2072634.1
2072634.4
2072634.6
2072634.7
2072634.8
2072634.6
2072635.2
2072636.2
2072636.2
2072636.2
2072636.2
2072636.2
2072636.2
2072636.2
2072636.2
2072636.2
2072636.2
2072636.2
2072636.2
2072636.2
2072636.2
2072636.2
2072636.2
2072636.2
2072636.2
2072636.2
2072636.2
2072636.2
2072636.2
2072636.2
2072636.2
2072636.2
2072636.2
2072636.1
2072636
2072635.8
2072635.5
2072635
2072634.6
2072634.3
2072634.4
2072634.6
2072634.9
2072634.9
2072635
2072634.9
2072635.4
2072636.5
2072636.5
2072636.5
2072636.5
2072636.5
2072636.5
2072636.5
2072636.5
2072636.5
2072636.5
2072636.5
2072636.5
2072636.5
2072636.4
2072636.4
2072636.4
2072636.4
2072636.4
2072636.4
2072636.4
2072636.4
2072636.4
2072636.4
2072636.4
2072636.4
2072636.4
2072636.4
2072636.3
2072636.1
2072635.7
2072635.3
2072634.9
2072634.7
2072634.7
2072634.9
2072635.1
2072635.2
2072635.3
2072635.1
2072635.6
2072636.7
2072636.7
2072636.7
2072636.7
2072636.7
2072636.7
2072636.7
2072636.7
2072636.7
2072636.7
2072636.7
2072636.7
2072636.7
2072636.7
2072636.7
2072636.7
2072636.7
2072636.7
2072636.7
2072636.7
2072636.7
2072636.7
2072636.7
2072636.7
2072636.7
2072636.7
2072636.6
2072636.5
2072636.3
2072636
2072635.6
2072635.2
2072635
2072635
2072635.2
2072635.4
2072635.4
2072635.5
2072635.4
2072635.8
2072637
2072637
2072637
2072637
2072637
2072637
2072636.9
2072636.9
2072636.9
2072636.9
2072636.9
2072636.9
2072636.9
2072636.9
2072636.9
2072636.9
2072636.9
2072636.9
2072636.9
2072636.9
2072636.9
2072636.9
2072636.9
2072636.9
2072636.9
2072636.9
2072636.9
2072636.7
2072636.5
2072636.2
2072635.9
2072635.5
2072635.3
2072635.3
2072635.4
2072635.6
2072635.7
2072635.8
2072635.6
2072636
2072637.2
2072637.2
2072637.2
2072637.2
2072637.2
2072637.2
2072637.2
2072637.2
2072637.2
2072637.2
2072637.2
2072637.2
2072637.2
2072637.2
2072637.2
2072637.2
2072637.2
2072637.2
2072637.2
2072637.2
2072637.2
2072637.2
2072637.2
2072637.2
2072637.2
2072637.1
2072637.1
2072637
2072636.8
2072636.5
2072636.1
2072635.8
2072635.6
2072635.6
2072635.7
2072635.9
2072635.9
2072636
2072635.9
2072636.2
2072637.4
2072637.4
2072637.4
2072637.4
2072637.4
2072637.4
2072637.4
2072637.4
2072637.4
2072637.4
2072637.4
2072637.4
2072637.4
2072637.4
2072637.4
2072637.4
2072637.4
2072637.4
2072637.4
2072637.4
2072637.4
2072637.4
2072637.4
2072637.4
2072637.4
2072637.4
2072637.3
2072637.2
2072637
2072636.7
2072636.4
2072636
2072635.8
2072635.8
2072636
2072636.1
2072636.2
2072636.3
2072636.1
2072636.4
2072637.7
2072637.7
2072637.7
2072637.7
2072637.7
2072637.7
2072637.7
2072637.7
2072637.7
2072637.6
2072637.6
2072637.6
2072637.6
2072637.6
2072637.6
2072637.6
2072637.6
2072637.6
2072637.6
2072637.6
2072637.6
2072637.6
2072637.6
2072637.6
2072637.6
2072637.6
2072637.6
2072637.4
2072637.3
2072637
2072636.7
2072636.3
2072636.1
2072636.1
2072636.2
2072636.4
2072636.4
2072636.5
2072636.4
2072636.6
2072637.9
2072637.9
2072637.9
2072637.9
2072637.9
2072637.9
2072637.9
2072637.9
2072637.9
2072637.9
2072637.9
2072637.9
2072637.9
2072637.9
2072637.9
2072637.9
2072637.9
2072637.9
2072637.9
2072637.9
2072637.9
2072637.9
2072637.9
2072637.9
2072637.9
2072637.8
2072637.8
2072637.7
2072637.5
2072637.2
2072636.9
2072636.6
2072636.4
2072636.4
2072636.5
2072636.6
2072636.6
2072636.7
2072636.6
2072636.9
2072638.1
2072638.1
2072638.1
2072638.1
2072638.1
2072638.1
2072638.1
2072638.1
2072638.1
2072638.1
2072638.1
2072638.1
2072638.1
2072638.1
2072638.1
2072638.1
2072638.1
2072638.1
2072638.1
2072638.1
2072638.1
2072638.1
2072638.1
2072638.1
2072638.1
2072638.1
2072638
2072637.9
2072637.7
2072637.5
2072637.2
2072636.9
2072636.7
2072636.6
2072636.7
2072636.8
2072636.9
2072637
2072636.9
2072637.1
2072638.3
2072638.3
2072638.3
2072638.3
2072638.3
2072638.3
2072638.3
2072638.3
2072638.3
2072638.3
2072638.3
2072638.3
2072638.3
2072638.3
2072638.3
2072638.3
2072638.3
2072638.3
2072638.3
2072638.3
2072638.3
2072638.3
2072638.3
2072638.3
2072638.3
2072638.3
2072638.2
2072638.1
2072638
2072637.7
2072637.4
2072637.1
2072636.9
2072636.9
2072637
2072637.1
2072637.1
2072637.2
2072637.1
2072637.3
2072638.6
2072638.6
2072638.6
2072638.6
2072638.6
2072638.6
2072638.6
2072638.6
2072638.6
2072638.6
2072638.6
2072638.5
2072638.5
2072638.5
2072638.5
2072638.5
2072638.5
2072638.5
2072638.5
2072638.5
2072638.5
2072638.5
2072638.5
2072638.5
2072638.5
2072638.5
2072638.4
2072638.3
2072638.2
2072637.9
2072637.7
2072637.4
2072637.2
2072637.2
2072637.2
2072637.3
2072637.3
2072637.4
2072637.3
2072637.5
2072638.8
2072638.8
2072638.8
2072638.8
2072638.8
2072638.8
2072638.8
2072638.8
2072638.8
2072638.8
2072638.8
2072638.8
2072638.8
2072638.8
2072638.8
2072638.8
2072638.8
2072638.8
2072638.8
2072638.8
2072638.8
2072638.8
2072638.8
2072638.8
2072638.7
2072638.7
2072638.7
2072638.6
2072638.4
2072638.2
2072637.9
2072637.6
2072637.5
2072637.4
2072637.4
2072637.5
2072637.6
2072637.7
2072637.6
2072637.7
2072639
2072639
2072639
2072639
2072639
2072639
2072639
2072639
2072639
2072639
2072639
2072639
2072639
2072639
2072639
2072639
2072639
2072639
2072639
2072639
2072639
2072639
2072639
2072639
2072639
2072638.9
2072638.9
2072638.8
2072638.6
2072638.4
2072638.1
2072637.9
2072637.7
2072637.7
2072637.7
2072637.8
2072637.8
2072637.9
2072637.8
2072638
2072639.2
2072639.2
2072639.2
2072639.2
2072639.2
2072639.2
2072639.2
2072639.2
2072639.2
2072639.2
2072639.2
2072639.2
2072639.2
2072639.2
2072639.2
2072639.2
2072639.2
2072639.2
2072639.2
2072639.2
2072639.2
2072639.2
2072639.2
2072639.2
2072639.2
2072639.1
2072639.1
2072639
2072638.8
2072638.6
2072638.4
2072638.1
2072638
2072637.9
2072637.9
2072638
2072638
2072638.1
2072638
2072638.2
2072639.4
2072639.4
2072639.4
2072639.4
2072639.4
2072639.4
2072639.4
2072639.4
2072639.4
2072639.4
2072639.4
2072639.4
2072639.4
2072639.4
2072639.4
2072639.4
2072639.4
2072639.4
2072639.4
2072639.4
2072639.4
2072639.4
2072639.4
2072639.4
2072639.4
2072639.4
2072639.3
2072639.2
2072639.1
2072638.9
2072638.6
2072638.4
2072638.2
2072638.1
2072638.2
2072638.2
2072638.2
2072638.3
2072638.2
2072638.4
2072639.6
2072639.6
2072639.6
2072639.6
2072639.6
2072639.6
2072639.6
2072639.6
2072639.6
2072639.6
2072639.6
2072639.6
2072639.6
2072639.6
2072639.6
2072639.6
2072639.6
2072639.6
2072639.6
2072639.6
2072639.6
2072639.6
2072639.6
2072639.6
2072639.6
2072639.6
2072639.5
2072639.4
2072639.3
2072639.1
2072638.8
2072638.6
2072638.4
2072638.4
2072638.4
2072638.4
2072638.5
2072638.5
2072638.4
2072638.6
2072639.8
2072639.8
2072639.8
2072639.8
2072639.8
2072639.8
2072639.8
2072639.8
2072639.8
2072639.8
2072639.8
2072639.8
2072639.8
2072639.8
2072639.8
2072639.8
2072639.8
2072639.8
2072639.8
2072639.8
2072639.8
2072639.8
2072639.8
2072639.8
2072639.8
2072639.8
2072639.7
2072639.6
2072639.5
2072639.3
2072639.1
2072638.8
2072638.7
2072638.6
2072638.6
2072638.7
2072638.7
2072638.8
2072638.7
2072638.8
2072640
2072640
2072640
2072640
2072640
2072640
2072640
2072640
2072640
2072640
2072640
2072640
2072640
2072640
2072640
2072640
2072640
2072640
2072640
2072640
2072640
2072640
2072640
2072640
2072640
2072640
2072639.9
2072639.8
2072639.7
2072639.5
2072639.3
2072639.1
2072638.9
2072638.8
2072638.8
2072638.9
2072638.9
2072639
2072638.9
2072639
2072640.2
2072640.2
2072640.2
2072640.2
2072640.2
2072640.2
2072640.2
2072640.2
2072640.2
2072640.2
2072640.2
2072640.2
2072640.2
2072640.2
2072640.2
2072640.2
2072640.2
2072640.2
2072640.2
2072640.2
2072640.2
2072640.2
2072640.2
2072640.2
2072640.2
2072640.2
2072640.1
2072640
2072639.9
2072639.7
2072639.5
2072639.3
2072639.1
2072639.1
2072639.1
2072639.1
2072639.1
2072639.2
2072639.1
2072639.2
2072640.4
2072640.4
2072640.4
2072640.4
2072640.4
2072640.4
2072640.4
2072640.4
2072640.4
2072640.4
2072640.4
2072640.4
2072640.4
2072640.4
2072640.4
2072640.4
2072640.4
2072640.4
2072640.4
2072640.4
2072640.4
2072640.4
2072640.4
2072640.4
2072640.4
2072640.4
2072640.3
2072640.2
2072640.1
2072639.9
2072639.7
2072639.5
2072639.4
2072639.3
2072639.3
2072639.3
2072639.3
2072639.4
2072639.3
2072639.4
2072640.6
2072640.6
2072640.6
2072640.6
2072640.6
2072640.6
2072640.6
2072640.6
2072640.6
2072640.6
2072640.6
2072640.6
2072640.6
2072640.6
2072640.6
2072640.6
2072640.6
2072640.6
2072640.6
2072640.6
2072640.6
2072640.6
2072640.6
2072640.6
2072640.6
2072640.6
2072640.5
2072640.4
2072640.3
2072640.1
2072639.9
2072639.7
2072639.6
2072639.5
2072639.5
2072639.5
2072639.5
2072639.6
2072639.5
2072639.6
2072640.8
2072640.8
2072640.8
2072640.8
2072640.8
2072640.8
2072640.8
2072640.8
2072640.8
2072640.8
2072640.8
2072640.8
2072640.8
2072640.8
2072640.8
2072640.8
2072640.8
2072640.8
2072640.8
2072640.8
2072640.8
2072640.8
2072640.8
2072640.8
2072640.8
2072640.8
2072640.7
2072640.6
2072640.5
2072640.3
2072640.1
2072639.9
2072639.8
2072639.7
2072639.7
2072639.7
2072639.7
2072639.8
2072639.7
2072639.8
2072641
2072641
2072641
2072641
2072641
2072641
2072641
2072641
2072641
2072641
2072641
2072641
2072641
2072641
2072641
2072641
2072641
2072641
2072641
2072641
2072641
2072641
2072641
2072641
2072641
2072640.9
2072640.9
2072640.8
2072640.7
2072640.5
2072640.3
2072640.1
2072640
2072639.9
2072639.9
2072639.9
2072639.9
2072640
2072639.9
2072640
2072641.2
2072641.2
2072641.2
2072641.2
2072641.2
2072641.2
2072641.2
2072641.2
2072641.2
2072641.2
2072641.2
2072641.2
2072641.2
2072641.2
2072641.2
2072641.2
2072641.2
2072641.2
2072641.2
2072641.2
2072641.2
2072641.2
2072641.2
2072641.2
2072641.2
2072641.1
2072641.1
2072641
2072640.9
2072640.7
2072640.5
2072640.4
2072640.2
2072640.1
2072640.1
2072640.1
2072640.1
2072640.2
2072640.1
2072640.2
2072641.4
2072641.4
2072641.4
2072641.4
2072641.4
2072641.4
2072641.4
2072641.4
2072641.4
2072641.4
2072641.4
2072641.4
2072641.4
2072641.4
2072641.4
2072641.4
2072641.4
2072641.4
2072641.4
2072641.4
2072641.4
2072641.4
2072641.4
2072641.4
2072641.3
2072641.3
2072641.3
2072641.2
2072641.1
2072640.9
2072640.7
2072640.6
2072640.4
2072640.3
2072640.3
2072640.3
2072640.3
2072640.4
2072640.3
2072640.4
2072641.5
2072641.5
2072641.5
2072641.5
2072641.5
2072641.5
2072641.5
2072641.5
2072641.5
2072641.6
2072641.6
2072641.6
2072641.6
2072641.6
2072641.6
2072641.6
2072641.6
2072641.6
2072641.6
2072641.6
2072641.6
2072641.6
2072641.5
2072641.5
2072641.5
2072641.5
2072641.4
2072641.4
2072641.2
2072641.1
2072640.9
2072640.8
2072640.6
2072640.5
2072640.5
2072640.5
2072640.5
2072640.5
2072640.5
2072640.6
2072641.7
2072641.7
2072641.7
2072641.7
2072641.7
2072641.7
2072641.7
2072641.7
2072641.7
2072641.7
2072641.7
2072641.7
2072641.7
2072641.7
2072641.7
2072641.7
2072641.7
2072641.7
2072641.7
2072641.7
2072641.7
2072641.7
2072641.7
2072641.7
2072641.7
2072641.7
2072641.6
2072641.5
2072641.4
2072641.3
2072641.1
2072640.9
2072640.8
2072640.7
2072640.7
2072640.7
2072640.7
2072640.7
2072640.7
2072640.8
2072641.9
2072641.9
2072641.9
2072641.9
2072641.9
2072641.9
2072641.9
2072641.9
2072641.9
2072641.9
2072641.9
2072641.9
2072641.9
2072641.9
2072641.9
2072641.9
2072641.9
2072641.9
2072641.9
2072641.9
2072641.9
2072641.9
2072641.9
2072641.9
2072641.9
2072641.8
2072641.8
2072641.7
2072641.6
2072641.5
2072641.3
2072641.1
2072641
2072640.9
2072640.9
2072640.9
2072640.9
2072640.9
2072640.9
2072641
2072642.1
2072642.1
2072642.1
2072642.1
2072642.1
2072642.1
2072642.1
2072642.1
2072642.1
2072642.1
2072642.1
2072642.1
2072642.1
2072642.1
2072642.1
2072642.1
2072642.1
2072642.1
2072642.1
2072642.1
2072642.1
2072642.1
2072642.1
2072642.1
2072642
2072642
2072642
2072641.9
2072641.8
2072641.6
2072641.5
2072641.3
2072641.2
2072641.1
2072641.1
2072641.1
2072641.1
2072641.1
2072641
2072641.1
2072642.2
2072642.2
2072642.2
2072642.2
2072642.2
2072642.2
2072642.2
2072642.2
2072642.2
2072642.2
2072642.2
2072642.2
2072642.2
2072642.2
2072642.2
2072642.3
2072642.3
2072642.3
2072642.3
2072642.3
2072642.3
2072642.3
2072642.2
2072642.2
2072642.2
2072642.2
2072642.1
2072642.1
2072641.9
2072641.8
2072641.7
2072641.5
2072641.4
2072641.3
2072641.3
2072641.3
2072641.3
2072641.3
2072641.2
2072641.3
2072642.4
2072642.4
2072642.4
2072642.4
2072642.4
2072642.4
2072642.4
2072642.4
2072642.4
2072642.4
2072642.4
2072642.4
2072642.4
2072642.4
2072642.4
2072642.4
2072642.4
2072642.4
2072642.4
2072642.4
2072642.4
2072642.4
2072642.4
2072642.4
2072642.4
2072642.4
2072642.3
2072642.2
2072642.1
2072642
2072641.8
2072641.7
2072641.6
2072641.5
2072641.5
2072641.4
2072641.4
2072641.5
2072641.4
2072641.5
2072642.6
2072642.6
2072642.6
2072642.6
2072642.6
2072642.6
2072642.6
2072642.6
2072642.6
2072642.6
2072642.6
2072642.6
2072642.6
2072642.6
2072642.6
2072642.6
2072642.6
2072642.6
2072642.6
2072642.6
2072642.6
2072642.6
2072642.6
2072642.6
2072642.5
2072642.5
2072642.5
2072642.4
2072642.3
2072642.2
2072642
2072641.9
2072641.8
2072641.7
2072641.6
2072641.6
2072641.6
2072641.6
2072641.6
2072641.7
2072642.7
2072642.7
2072642.7
2072642.7
2072642.7
2072642.7
2072642.7
2072642.7
2072642.7
2072642.7
2072642.7
2072642.7
2072642.7
2072642.7
2072642.7
2072642.7
2072642.7
2072642.7
2072642.8
2072642.8
2072642.8
2072642.7
2072642.7
2072642.7
2072642.7
2072642.7
2072642.6
2072642.6
2072642.4
2072642.3
2072642.2
2072642
2072641.9
2072641.9
2072641.8
2072641.8
2072641.8
2072641.8
2072641.7
2072641.8
2072642.9
2072642.9
2072642.9
2072642.9
2072642.9
2072642.9
2072642.9
2072642.9
2072642.9
2072642.9
2072642.9
2072642.9
2072642.9
2072642.9
2072642.9
2072642.9
2072642.9
2072642.9
2072642.9
2072642.9
2072642.9
2072642.9
2072642.9
2072642.9
2072642.9
2072642.8
2072642.8
2072642.7
2072642.6
2072642.5
2072642.4
2072642.2
2072642.1
2072642
2072642
2072642
2072641.9
2072642
2072641.9
2072642
2072643
2072643
2072643
2072643
2072643
2072643
2072643
2072643.1
2072643.1
2072643.1
2072643.1
2072643.1
2072643.1
2072643.1
2072643.1
2072643.1
2072643.1
2072643.1
2072643.1
2072643.1
2072643.1
2072643.1
2072643.1
2072643
2072643
2072643
2072642.9
2072642.9
2072642.8
2072642.7
2072642.5
2072642.4
2072642.3
2072642.2
2072642.2
2072642.1
2072642.1
2072642.1
2072642.1
2072642.2
2072643.2
2072643.2
2072643.2
2072643.2
2072643.2
2072643.2
2072643.2
2072643.2
2072643.2
2072643.2
2072643.2
2072643.2
2072643.2
2072643.2
2072643.2
2072643.2
2072643.2
2072643.2
2072643.2
2072643.2
2072643.2
2072643.2
2072643.2
2072643.2
2072643.2
2072643.1
2072643.1
2072643
2072642.9
2072642.8
2072642.7
2072642.6
2072642.4
2072642.4
2072642.3
2072642.3
2072642.3
2072642.3
2072642.2
2072642.3
2072643.4
2072643.4
2072643.4
2072643.4
2072643.4
2072643.4
2072643.4
2072643.4
2072643.4
2072643.4
2072643.4
2072643.4
2072643.4
2072643.4
2072643.4
2072643.4
2072643.4
2072643.4
2072643.4
2072643.4
2072643.4
2072643.4
2072643.4
2072643.4
2072643.3
2072643.3
2072643.2
2072643.2
2072643.1
2072643
2072642.8
2072642.7
2072642.6
2072642.5
2072642.5
2072642.5
2072642.4
2072642.5
2072642.4
2072642.5
2072643.5
2072643.5
2072643.5
2072643.5
2072643.5
2072643.5
2072643.5
2072643.5
2072643.5
2072643.5
2072643.5
2072643.5
2072643.5
2072643.5
2072643.5
2072643.5
2072643.5
2072643.5
2072643.5
2072643.5
2072643.5
2072643.5
2072643.5
2072643.5
2072643.5
2072643.4
2072643.4
2072643.3
2072643.2
2072643.1
2072643
2072642.9
2072642.8
2072642.7
2072642.6
2072642.6
2072642.6
2072642.6
2072642.6
2072642.6
2072643.6
2072643.6
2072643.6
2072643.6
2072643.6
2072643.6
2072643.6
2072643.6
2072643.6
2072643.6
2072643.7
2072643.7
2072643.7
2072643.7
2072643.7
2072643.7
2072643.7
2072643.7
2072643.7
2072643.7
2072643.7
2072643.7
2072643.7
2072643.6
2072643.6
2072643.6
2072643.5
2072643.5
2072643.4
2072643.3
2072643.2
2072643
2072642.9
2072642.9
2072642.8
2072642.8
2072642.8
2072642.8
2072642.7
2072642.8
2072643.8
2072643.8
2072643.8
2072643.8
2072643.8
2072643.8
2072643.8
2072643.8
2072643.8
2072643.8
2072643.8
2072643.8
2072643.8
2072643.8
2072643.8
2072643.8
2072643.8
2072643.8
2072643.8
2072643.8
2072643.8
2072643.8
2072643.8
2072643.8
2072643.8
2072643.7
2072643.7
2072643.6
2072643.5
2072643.4
2072643.3
2072643.2
2072643.1
2072643
2072643
2072642.9
2072642.9
2072642.9
2072642.9
2072642.9
2072643.9
2072643.9
2072643.9
2072643.9
2072643.9
2072643.9
2072643.9
2072643.9
2072643.9
2072643.9
2072643.9
2072643.9
2072643.9
2072643.9
2072643.9
2072643.9
2072643.9
2072643.9
2072644
2072644
2072644
2072643.9
2072643.9
2072643.9
2072643.9
2072643.9
2072643.8
2072643.8
2072643.7
2072643.6
2072643.5
2072643.3
2072643.2
2072643.2
2072643.1
2072643.1
2072643.1
2072643.1
2072643
2072643.1
2072644.1
2072644.1
2072644.1
2072644.1
2072644.1
2072644.1
2072644.1
2072644.1
2072644.1
2072644.1
2072644.1
2072644.1
2072644.1
2072644.1
2072644.1
2072644.1
2072644.1
2072644.1
2072644.1
2072644.1
2072644.1
2072644.1
2072644.1
2072644.1
2072644
2072644
2072644
2072643.9
2072643.8
2072643.7
2072643.6
2072643.5
2072643.4
2072643.3
2072643.3
2072643.2
2072643.2
2072643.2
2072643.2
2072643.2
2072644.2
2072644.2
2072644.2
2072644.2
2072644.2
2072644.2
2072644.2
2072644.2
2072644.2
2072644.2
2072644.2
2072644.2
2072644.2
2072644.2
2072644.2
2072644.2
2072644.2
2072644.2
2072644.2
2072644.2
2072644.2
2072644.2
2072644.2
2072644.2
2072644.2
2072644.1
2072644.1
2072644
2072643.9
2072643.8
2072643.7
2072643.6
2072643.5
2072643.5
2072643.4
2072643.4
2072643.3
2072643.3
2072643.3
2072643.4
2072644.3
2072644.3
2072644.3
2072644.3
2072644.3
2072644.3
2072644.3
2072644.3
2072644.3
2072644.3
2072644.3
2072644.3
2072644.3
2072644.3
2072644.3
2072644.3
2072644.4
2072644.4
2072644.4
2072644.4
2072644.4
2072644.4
2072644.3
2072644.3
2072644.3
2072644.3
2072644.2
2072644.2
2072644.1
2072644
2072643.9
2072643.8
2072643.7
2072643.6
2072643.5
2072643.5
2072643.5
2072643.5
2072643.4
2072643.5
2072644.5
2072644.5
2072644.5
2072644.5
2072644.5
2072644.5
2072644.5
2072644.5
2072644.5
2072644.5
2072644.5
2072644.5
2072644.5
2072644.5
2072644.5
2072644.5
2072644.5
2072644.5
2072644.5
2072644.5
2072644.5
2072644.5
2072644.5
2072644.5
2072644.4
2072644.4
2072644.4
2072644.3
2072644.2
2072644.1
2072644
2072643.9
2072643.8
2072643.7
2072643.7
2072643.6
2072643.6
2072643.6
2072643.6
2072643.6
2072644.6
2072644.6
2072644.6
2072644.6
2072644.6
2072644.6
2072644.6
2072644.6
2072644.6
2072644.6
2072644.6
2072644.6
2072644.6
2072644.6
2072644.6
2072644.6
2072644.6
2072644.6
2072644.6
2072644.6
2072644.6
2072644.6
2072644.6
2072644.6
2072644.6
2072644.5
2072644.5
2072644.4
2072644.3
2072644.2
2072644.1
2072644
2072643.9
2072643.9
2072643.8
2072643.8
2072643.8
2072643.8
2072643.7
2072643.8
2072644.7
2072644.7
2072644.7
2072644.7
2072644.7
2072644.7
2072644.7
2072644.7
2072644.7
2072644.7
2072644.7
2072644.7
2072644.7
2072644.7
2072644.7
2072644.7
2072644.7
2072644.7
2072644.7
2072644.7
2072644.7
2072644.7
2072644.7
2072644.7
2072644.7
2072644.7
2072644.6
2072644.5
2072644.5
2072644.4
2072644.3
2072644.2
2072644.1
2072644
2072644
2072643.9
2072643.9
2072643.9
2072643.8
2072643.9
2072644.8
2072644.8
2072644.8
2072644.8
2072644.8
2072644.8
2072644.8
2072644.8
2072644.8
2072644.8
2072644.8
2072644.8
2072644.8
2072644.8
2072644.8
2072644.8
2072644.9
2072644.9
2072644.9
2072644.9
2072644.9
2072644.9
2072644.8
2072644.8
2072644.8
2072644.8
2072644.7
2072644.7
2072644.6
2072644.5
2072644.4
2072644.3
2072644.2
2072644.1
2072644.1
2072644
2072644
2072644
2072644
2072644
2072644.9
2072644.9
2072644.9
2072644.9
2072644.9
2072644.9
2072644.9
2072644.9
2072644.9
2072644.9
2072644.9
2072645
2072645
2072645
2072645
2072645
2072645
2072645
2072645
2072645
2072645
2072645
2072645
2072644.9
2072644.9
2072644.9
2072644.8
2072644.8
2072644.7
2072644.6
2072644.5
2072644.4
2072644.3
2072644.3
2072644.2
2072644.2
2072644.1
2072644.1
2072644.1
2072644.2
2072645
2072645.1
2072645.1
2072645.1
2072645.1
2072645.1
2072645.1
2072645.1
2072645.1
2072645.1
2072645.1
2072645.1
2072645.1
2072645.1
2072645.1
2072645.1
2072645.1
2072645.1
2072645.1
2072645.1
2072645.1
2072645.1
2072645.1
2072645.1
2072645
2072645
2072645
2072644.9
2072644.8
2072644.7
2072644.6
2072644.5
2072644.5
2072644.4
2072644.3
2072644.3
2072644.3
2072644.3
2072644.2
2072644.3
2072645.2
2072645.2
2072645.2
2072645.2
2072645.2
2072645.2
2072645.2
2072645.2
2072645.2
2072645.2
2072645.2
2072645.2
2072645.2
2072645.2
2072645.2
2072645.2
2072645.2
2072645.2
2072645.2
2072645.2
2072645.2
2072645.2
2072645.2
2072645.2
2072645.2
2072645.1
2072645.1
2072645
2072644.9
2072644.9
2072644.8
2072644.7
2072644.6
2072644.5
2072644.5
2072644.4
2072644.4
2072644.4
2072644.3
2072644.4
2072645.3
2072645.3
2072645.3
2072645.3
2072645.3
2072645.3
2072645.3
2072645.3
2072645.3
2072645.3
2072645.3
2072645.3
2072645.3
2072645.3
2072645.3
2072645.3
2072645.3
2072645.3
2072645.3
2072645.3
2072645.3
2072645.3
2072645.3
2072645.3
2072645.3
2072645.2
2072645.2
2072645.1
2072645.1
2072645
2072644.9
2072644.8
2072644.7
2072644.6
2072644.6
2072644.5
2072644.5
2072644.5
2072644.4
2072644.5
2072645.4
2072645.4
2072645.4
2072645.4
2072645.4
2072645.4
2072645.4
2072645.4
2072645.4
2072645.4
2072645.4
2072645.4
2072645.4
2072645.4
2072645.4
2072645.4
2072645.4
2072645.4
2072645.4
2072645.4
2072645.4
2072645.4
2072645.4
2072645.4
2072645.4
2072645.3
2072645.3
2072645.2
2072645.2
2072645.1
2072645
2072644.9
2072644.8
2072644.7
2072644.7
2072644.6
2072644.6
2072644.6
2072644.6
2072644.6
2072645.5
2072645.5
2072645.5
2072645.5
2072645.5
2072645.5
2072645.5
2072645.5
2072645.5
2072645.5
2072645.5
2072645.5
2072645.5
2072645.5
2072645.5
2072645.5
2072645.5
2072645.5
2072645.5
2072645.5
2072645.5
2072645.5
2072645.5
2072645.5
2072645.5
2072645.4
2072645.4
2072645.3
2072645.3
2072645.2
2072645.1
2072645
2072644.9
2072644.9
2072644.8
2072644.8
2072644.7
2072644.7
2072644.7
2072644.7
2072645.6
2072645.6
2072645.6
2072645.6
2072645.6
2072645.6
2072645.6
2072645.6
2072645.6
2072645.6
2072645.6
2072645.6
2072645.6
2072645.6
2072645.6
2072645.6
2072645.6
2072645.6
2072645.6
2072645.6
2072645.6
2072645.6
2072645.6
2072645.6
2072645.6
2072645.5
2072645.5
2072645.4
2072645.4
2072645.3
2072645.2
2072645.1
2072645
2072645
2072644.9
2072644.9
2072644.8
2072644.8
2072644.8
2072644.8
2072645.7
2072645.7
2072645.7
2072645.7
2072645.7
2072645.7
2072645.7
2072645.7
2072645.7
2072645.7
2072645.7
2072645.7
2072645.7
2072645.7
2072645.7
2072645.7
2072645.7
2072645.7
2072645.7
2072645.7
2072645.7
2072645.7
2072645.7
2072645.7
2072645.7
2072645.6
2072645.6
2072645.5
2072645.5
2072645.4
2072645.3
2072645.2
2072645.1
2072645.1
2072645
2072645
2072644.9
2072644.9
2072644.9
2072644.9
2072645.8
2072645.8
2072645.8
2072645.8
2072645.8
2072645.8
2072645.8
2072645.8
2072645.8
2072645.8
2072645.8
2072645.8
2072645.8
2072645.8
2072645.8
2072645.8
2072645.8
2072645.8
2072645.8
2072645.8
2072645.8
2072645.8
2072645.8
2072645.8
2072645.8
2072645.7
2072645.7
2072645.6
2072645.6
2072645.5
2072645.4
2072645.3
2072645.2
2072645.2
2072645.1
2072645.1
2072645
2072645
2072645
2072645
2072645.9
2072645.9
2072645.9
2072645.9
2072645.9
2072645.9
2072645.9
2072645.9
2072645.9
2072645.9
2072645.9
2072645.9
2072645.9
2072645.9
2072645.9
2072645.9
2072645.9
2072645.9
2072645.9
2072645.9
2072645.9
2072645.9
2072645.9
2072645.9
2072645.9
2072645.8
2072645.8
2072645.7
2072645.7
2072645.6
2072645.5
2072645.4
2072645.3
2072645.3
2072645.2
2072645.2
2072645.1
2072645.1
2072645.1
2072645.1
2072646
2072646
2072646
2072646
2072646
2072646
2072646
2072646
2072646
2072646
2072646
2072646
2072646
2072646
2072646
2072646
2072646
2072646
2072646
2072646
2072646
2072646
2072646
2072646
2072646
2072645.9
2072645.9
2072645.8
2072645.8
2072645.7
2072645.6
2072645.5
2072645.4
2072645.4
2072645.3
2072645.3
2072645.2
2072645.2
2072645.2
2072645.2
2072646
2072646
2072646
2072646
2072646
2072646
2072646
2072646
2072646.1
2072646.1
2072646.1
2072646.1
2072646.1
2072646.1
2072646.1
2072646.1
2072646.1
2072646.1
2072646.1
2072646.1
2072646.1
2072646.1
2072646.1
2072646.1
2072646
2072646
2072646
2072645.9
2072645.8
2072645.8
2072645.7
2072645.6
2072645.5
2072645.5
2072645.4
2072645.4
2072645.3
2072645.3
2072645.3
2072645.3
2072646.1
2072646.1
2072646.1
2072646.1
2072646.1
2072646.1
2072646.1
2072646.1
2072646.1
2072646.1
2072646.1
2072646.1
2072646.2
2072646.2
2072646.2
2072646.2
2072646.2
2072646.2
2072646.2
2072646.2
2072646.2
2072646.2
2072646.2
2072646.1
2072646.1
2072646.1
2072646
2072646
2072645.9
2072645.9
2072645.8
2072645.7
2072645.6
2072645.6
2072645.5
2072645.5
2072645.4
2072645.4
2072645.4
2072645.4
2072646.2
2072646.2
2072646.2
2072646.2
2072646.2
2072646.2
2072646.2
2072646.2
2072646.2
2072646.2
2072646.2
2072646.2
2072646.2
2072646.2
2072646.2
2072646.2
2072646.3
2072646.3
2072646.3
2072646.3
2072646.3
2072646.3
2072646.2
2072646.2
2072646.2
2072646.2
2072646.1
2072646.1
2072646
2072645.9
2072645.9
2072645.8
2072645.7
2072645.6
2072645.6
2072645.5
2072645.5
2072645.5
2072645.4
2072645.5
2072646.3
2072646.3
2072646.3
2072646.3
2072646.3
2072646.3
2072646.3
2072646.3
2072646.3
2072646.3
2072646.3
2072646.3
2072646.3
2072646.3
2072646.3
2072646.3
2072646.3
2072646.3
2072646.3
2072646.3
2072646.3
2072646.3
2072646.3
2072646.3
2072646.3
2072646.3
2072646.2
2072646.2
2072646.1
2072646
2072645.9
2072645.9
2072645.8
2072645.7
2072645.7
2072645.6
2072645.6
2072645.6
2072645.5
2072645.6
2072646.4
2072646.4
2072646.4
2072646.4
2072646.4
2072646.4
2072646.4
2072646.4
2072646.4
2072646.4
2072646.4
2072646.4
2072646.4
2072646.4
2072646.4
2072646.4
2072646.4
2072646.4
2072646.4
2072646.4
2072646.4
2072646.4
2072646.4
2072646.4
2072646.4
2072646.3
2072646.3
2072646.2
2072646.2
2072646.1
2072646
2072645.9
2072645.9
2072645.8
2072645.8
2072645.7
2072645.7
2072645.7
2072645.6
2072645.7
2072646.4
2072646.4
2072646.4
2072646.4
2072646.4
2072646.4
2072646.4
2072646.4
2072646.4
2072646.4
2072646.5
2072646.5
2072646.5
2072646.5
2072646.5
2072646.5
2072646.5
2072646.5
2072646.5
2072646.5
2072646.5
2072646.5
2072646.5
2072646.5
2072646.4
2072646.4
2072646.4
2072646.3
2072646.2
2072646.2
2072646.1
2072646
2072645.9
2072645.9
2072645.8
2072645.8
2072645.7
2072645.7
2072645.7
2072645.7
2072646.5
2072646.5
2072646.5
2072646.5
2072646.5
2072646.5
2072646.5
2072646.5
2072646.5
2072646.5
2072646.5
2072646.5
2072646.5
2072646.5
2072646.5
2072646.5
2072646.6
2072646.6
2072646.6
2072646.6
2072646.6
2072646.6
2072646.5
2072646.5
2072646.5
2072646.5
2072646.4
2072646.4
2072646.3
2072646.2
2072646.2
2072646.1
2072646
2072646
2072645.9
2072645.9
2072645.8
2072645.8
2072645.8
2072645.8
2072646.6
2072646.6
2072646.6
2072646.6
2072646.6
2072646.6
2072646.6
2072646.6
2072646.6
2072646.6
2072646.6
2072646.6
2072646.6
2072646.6
2072646.6
2072646.6
2072646.6
2072646.6
2072646.6
2072646.6
2072646.6
2072646.6
2072646.6
2072646.6
2072646.6
2072646.5
2072646.5
2072646.4
2072646.4
2072646.3
2072646.2
2072646.2
2072646.1
2072646
2072646
2072645.9
2072645.9
2072645.9
2072645.8
2072645.9
2072646.6
2072646.6
2072646.6
2072646.6
2072646.6
2072646.6
2072646.6
2072646.6
2072646.6
2072646.7
2072646.7
2072646.7
2072646.7
2072646.7
2072646.7
2072646.7
2072646.7
2072646.7
2072646.7
2072646.7
2072646.7
2072646.7
2072646.7
2072646.7
2072646.6
2072646.6
2072646.6
2072646.5
2072646.5
2072646.4
2072646.3
2072646.2
2072646.2
2072646.1
2072646
2072646
2072646
2072645.9
2072645.9
2072646
2072646.7
2072646.7
2072646.7
2072646.7
2072646.7
2072646.7
2072646.7
2072646.7
2072646.7
2072646.7
2072646.7
2072646.7
2072646.7
2072646.7
2072646.7
2072646.7
2072646.7
2072646.8
2072646.8
2072646.8
2072646.8
2072646.8
2072646.7
2072646.7
2072646.7
2072646.7
2072646.6
2072646.6
2072646.5
2072646.4
2072646.4
2072646.3
2072646.2
2072646.2
2072646.1
2072646.1
2072646
2072646
2072646
2072646
2072646.8
2072646.8
2072646.8
2072646.8
2072646.8
2072646.8
2072646.8
2072646.8
2072646.8
2072646.8
2072646.8
2072646.8
2072646.8
2072646.8
2072646.8
2072646.8
2072646.8
2072646.8
2072646.8
2072646.8
2072646.8
2072646.8
2072646.8
2072646.8
2072646.8
2072646.7
2072646.7
2072646.6
2072646.6
2072646.5
2072646.4
2072646.4
2072646.3
2072646.2
2072646.2
2072646.1
2072646.1
2072646.1
2072646
2072646.1
2072646.8
2072646.8
2072646.8
2072646.8
2072646.8
2072646.8
2072646.8
2072646.8
2072646.8
2072646.8
2072646.8
2072646.8
2072646.8
2072646.8
2072646.9
2072646.9
2072646.9
2072646.9
2072646.9
2072646.9
2072646.9
2072646.9
2072646.9
2072646.8
2072646.8
2072646.8
2072646.7
2072646.7
2072646.6
2072646.6
2072646.5
2072646.4
2072646.4
2072646.3
2072646.2
2072646.2
2072646.2
2072646.1
2072646.1
2072646.1
2072646.9
2072646.9
2072646.9
2072646.9
2072646.9
2072646.9
2072646.9
2072646.9
2072646.9
2072646.9
2072646.9
2072646.9
2072646.9
2072646.9
2072646.9
2072646.9
2072646.9
2072646.9
2072646.9
2072646.9
2072646.9
2072646.9
2072646.9
2072646.9
2072646.9
2072646.8
2072646.8
2072646.7
2072646.7
2072646.6
2072646.6
2072646.5
2072646.4
2072646.3
2072646.3
2072646.3
2072646.2
2072646.2
2072646.1
2072646.2
2072646.9
2072646.9
2072646.9
2072646.9
2072646.9
2072646.9
2072646.9
2072646.9
2072646.9
2072646.9
2072646.9
2072646.9
2072646.9
2072647
2072647
2072647
2072647
2072647
2072647
2072647
2072647
2072647
2072647
2072646.9
2072646.9
2072646.9
2072646.9
2072646.8
2072646.7
2072646.7
2072646.6
2072646.5
2072646.5
2072646.4
2072646.4
2072646.3
2072646.3
2072646.2
2072646.2
2072646.3
2072647
2072647
2072647
2072647
2072647
2072647
2072647
2072647
2072647
2072647
2072647
2072647
2072647
2072647
2072647
2072647
2072647
2072647
2072647
2072647
2072647
2072647
2072647
2072647
2072647
2072646.9
2072646.9
2072646.9
2072646.8
2072646.7
2072646.7
2072646.6
2072646.5
2072646.5
2072646.4
2072646.4
2072646.3
2072646.3
2072646.2
2072646.3
2072647
2072647
2072647
2072647
2072647
2072647
2072647
2072647
2072647
2072647
2072647
2072647
2072647
2072647
2072647.1
2072647.1
2072647.1
2072647.1
2072647.1
2072647.1
2072647.1
2072647.1
2072647.1
2072647
2072647
2072647
2072646.9
2072646.9
2072646.8
2072646.8
2072646.7
2072646.6
2072646.6
2072646.5
2072646.5
2072646.4
2072646.4
2072646.3
2072646.3
2072646.3
2072647.1
2072647.1
2072647.1
2072647.1
2072647.1
2072647.1
2072647.1
2072647.1
2072647.1
2072647.1
2072647.1
2072647.1
2072647.1
2072647.1
2072647.1
2072647.1
2072647.1
2072647.1
2072647.1
2072647.1
2072647.1
2072647.1
2072647.1
2072647.1
2072647.1
2072647
2072647
2072646.9
2072646.9
2072646.8
2072646.7
2072646.7
2072646.6
2072646.6
2072646.5
2072646.5
2072646.4
2072646.4
2072646.3
2072646.4
2072647.1
2072647.1
2072647.1
2072647.1
2072647.1
2072647.1
2072647.1
2072647.1
2072647.1
2072647.1
2072647.1
2072647.1
2072647.1
2072647.1
2072647.1
2072647.1
2072647.1
2072647.2
2072647.2
2072647.2
2072647.2
2072647.2
2072647.1
2072647.1
2072647.1
2072647.1
2072647
2072647
2072646.9
2072646.9
2072646.8
2072646.7
2072646.7
2072646.6
2072646.5
2072646.5
2072646.5
2072646.4
2072646.4
2072646.4
2072647.1
2072647.1
2072647.1
2072647.1
2072647.1
2072647.1
2072647.1
2072647.1
2072647.1
2072647.1
2072647.2
2072647.2
2072647.2
2072647.2
2072647.2
2072647.2
2072647.2
2072647.2
2072647.2
2072647.2
2072647.2
2072647.2
2072647.2
2072647.2
2072647.1
2072647.1
2072647.1
2072647
2072647
2072646.9
2072646.8
2072646.8
2072646.7
2072646.6
2072646.6
2072646.5
2072646.5
2072646.5
2072646.4
2072646.5
2072647.2
2072647.2
2072647.2
2072647.2
2072647.2
2072647.2
2072647.2
2072647.2
2072647.2
2072647.2
2072647.2
2072647.2
2072647.2
2072647.2
2072647.2
2072647.2
2072647.2
2072647.2
2072647.2
2072647.2
2072647.2
2072647.2
2072647.2
2072647.2
2072647.2
2072647.1
2072647.1
2072647.1
2072647
2072646.9
2072646.9
2072646.8
2072646.7
2072646.7
2072646.6
2072646.6
2072646.5
2072646.5
2072646.5
2072646.5
2072647.2
2072647.2
2072647.2
2072647.2
2072647.2
2072647.2
2072647.2
2072647.2
2072647.2
2072647.2
2072647.2
2072647.2
2072647.2
2072647.2
2072647.2
2072647.2
2072647.3
2072647.3
2072647.3
2072647.3
2072647.3
2072647.3
2072647.2
2072647.2
2072647.2
2072647.2
2072647.1
2072647.1
2072647
2072647
2072646.9
2072646.8
2072646.8
2072646.7
2072646.6
2072646.6
2072646.6
2072646.5
2072646.5
2072646.5
2072647.2
2072647.2
2072647.2
2072647.2
2072647.2
2072647.2
2072647.2
2072647.2
2072647.2
2072647.2
2072647.2
2072647.3
2072647.3
2072647.3
2072647.3
2072647.3
2072647.3
2072647.3
2072647.3
2072647.3
2072647.3
2072647.3
2072647.3
2072647.3
2072647.2
2072647.2
2072647.2
2072647.1
2072647.1
2072647
2072646.9
2072646.9
2072646.8
2072646.7
2072646.7
2072646.6
2072646.6
2072646.6
2072646.5
2072646.6
2072647.2
2072647.3
2072647.3
2072647.3
2072647.3
2072647.3
2072647.3
2072647.3
2072647.3
2072647.3
2072647.3
2072647.3
2072647.3
2072647.3
2072647.3
2072647.3
2072647.3
2072647.3
2072647.3
2072647.3
2072647.3
2072647.3
2072647.3
2072647.3
2072647.3
2072647.2
2072647.2
2072647.1
2072647.1
2072647
2072647
2072646.9
2072646.8
2072646.8
2072646.7
2072646.7
2072646.6
2072646.6
2072646.5
2072646.6
2072647.3
2072647.3
2072647.3
2072647.3
2072647.3
2072647.3
2072647.3
2072647.3
2072647.3
2072647.3
2072647.3
2072647.3
2072647.3
2072647.3
2072647.3
2072647.3
2072647.3
2072647.3
2072647.3
2072647.3
2072647.3
2072647.3
2072647.3
2072647.3
2072647.3
2072647.3
2072647.2
2072647.2
2072647.1
2072647
2072647
2072646.9
2072646.8
2072646.8
2072646.7
2072646.7
2072646.6
2072646.6
2072646.6
2072646.6
2072647.3
2072647.3
2072647.3
2072647.3
2072647.3
2072647.3
2072647.3
2072647.3
2072647.3
2072647.3
2072647.3
2072647.3
2072647.3
2072647.3
2072647.3
2072647.3
2072647.4
2072647.4
2072647.4
2072647.4
2072647.4
2072647.4
2072647.3
2072647.3
2072647.3
2072647.3
2072647.2
2072647.2
2072647.1
2072647.1
2072647
2072646.9
2072646.9
2072646.8
2072646.8
2072646.7
2072646.7
2072646.6
2072646.6
2072646.6
2072647.3
2072647.3
2072647.3
2072647.3
2072647.3
2072647.3
2072647.3
2072647.3
2072647.3
2072647.3
2072647.3
2072647.3
2072647.3
2072647.4
2072647.4
2072647.4
2072647.4
2072647.4
2072647.4
2072647.4
2072647.4
2072647.4
2072647.4
2072647.3
2072647.3
2072647.3
2072647.3
2072647.2
2072647.1
2072647.1
2072647
2072647
2072646.9
2072646.8
2072646.8
2072646.7
2072646.7
2072646.7
2072646.6
2072646.7
2072647.3
2072647.3
2072647.3
2072647.3
2072647.3
2072647.3
2072647.3
2072647.3
2072647.3
2072647.3
2072647.4
2072647.4
2072647.4
2072647.4
2072647.4
2072647.4
2072647.4
2072647.4
2072647.4
2072647.4
2072647.4
2072647.4
2072647.4
2072647.4
2072647.3
2072647.3
2072647.3
2072647.2
2072647.2
2072647.1
2072647
2072647
2072646.9
2072646.8
2072646.8
2072646.7
2072646.7
2072646.7
2072646.6
2072646.7
2072647.3
2072647.3
2072647.3
2072647.3
2072647.3
2072647.3
2072647.3
2072647.3
2072647.4
2072647.4
2072647.4
2072647.4
2072647.4
2072647.4
2072647.4
2072647.4
2072647.4
2072647.4
2072647.4
2072647.4
2072647.4
2072647.4
2072647.4
2072647.4
2072647.4
2072647.3
2072647.3
2072647.2
2072647.2
2072647.1
2072647
2072647
2072646.9
2072646.9
2072646.8
2072646.8
2072646.7
2072646.7
2072646.6
2072646.7
2072647.3
2072647.3
2072647.3
2072647.4
2072647.4
2072647.4
2072647.4
2072647.4
2072647.4
2072647.4
2072647.4
2072647.4
2072647.4
2072647.4
2072647.4
2072647.4
2072647.4
2072647.4
2072647.4
2072647.4
2072647.4
2072647.4
2072647.4
2072647.4
2072647.4
2072647.3
2072647.3
2072647.2
2072647.2
2072647.1
2072647.1
2072647
2072646.9
2072646.9
2072646.8
2072646.8
2072646.7
2072646.7
2072646.6
2072646.7
2072647.4
2072647.4
2072647.4
2072647.4
2072647.4
2072647.4
2072647.4
2072647.4
2072647.4
2072647.4
2072647.4
2072647.4
2072647.4
2072647.4
2072647.4
2072647.4
2072647.4
2072647.4
2072647.4
2072647.4
2072647.4
2072647.4
2072647.4
2072647.4
2072647.4
2072647.3
2072647.3
2072647.3
2072647.2
2072647.1
2072647.1
2072647
2072646.9
2072646.9
2072646.8
2072646.8
2072646.7
2072646.7
2072646.7
2072646.7
2072647.4
2072647.4
2072647.4
2072647.4
2072647.4
2072647.4
2072647.4
2072647.4
2072647.4
2072647.4
2072647.4
2072647.4
2072647.4
2072647.4
2072647.4
2072647.4
2072647.4
2072647.4
2072647.4
2072647.4
2072647.4
2072647.4
2072647.4
2072647.4
2072647.4
2072647.3
2072647.3
2072647.3
2072647.2
2072647.1
2072647.1
2072647
2072646.9
2072646.9
2072646.8
2072646.8
2072646.7
2072646.7
2072646.7
2072646.7
)
;

boundaryField
{
    piston
    {
        type            zeroGradient;
    }
    cylinderHead
    {
        type            zeroGradient;
    }
    cylinderWall
    {
        type            zeroGradient;
    }
    wedgeFront
    {
        type            wedge;
    }
    wedgeBack
    {
        type            wedge;
    }
    axis
    {
        type            empty;
    }
}


// ************************************************************************* //
