/*--------------------------------*- C++ -*----------------------------------*\
  =========                 |
  \\      /  F ield         | OpenFOAM: The Open Source CFD Toolbox
   \\    /   O peration     | Website:  https://openfoam.org
    \\  /    A nd           | Version:  13
     \\/     M anipulation  |
\*---------------------------------------------------------------------------*/
FoamFile
{
    format      ascii;
    class       volScalarField;
    location    "-13";
    object      rho;
}
// * * * * * * * * * * * * * * * * * * * * * * * * * * * * * * * * * * * * * //

dimensions      [1 -3 0 0 0 0 0];

internalField   nonuniform List<scalar> 
4800
(
12.581756
12.580701
12.580462
12.580554
12.580566
12.580518
12.580464
12.580402
12.580342
12.580288
12.580243
12.580219
12.580228
12.580287
12.580417
12.580644
12.581034
12.581644
12.582588
12.584057
12.586373
12.590022
12.595664
12.604018
12.614471
12.618215
12.586728
12.535054
12.560187
12.765121
12.877456
12.87353
12.761876
12.6209
12.484172
12.338055
12.143239
11.855853
11.438671
10.992028
10.468796
10.468894
10.469074
10.468832
10.468478
10.468064
10.467579
10.467004
10.466326
10.465533
10.464609
10.463539
10.462301
10.460871
10.459214
10.457289
10.455048
10.452421
10.44933
10.445693
10.44143
10.436443
10.430351
10.422096
10.406998
10.371415
10.294097
10.246548
10.386028
10.809912
11.128292
11.081153
10.807688
10.549202
10.388062
10.306501
10.240546
10.139461
10.047961
9.9701756
10.051074
10.051716
10.052081
10.051727
10.051274
10.050772
10.050186
10.049488
10.048658
10.047679
10.046527
10.045178
10.043598
10.041744
10.039562
10.036979
10.033901
10.030199
10.025702
10.020188
10.013378
10.004894
9.9938333
9.978242
9.9504883
9.8954418
9.8068497
9.7738137
9.9552911
10.333079
10.521247
10.426859
10.184002
10.002578
9.9160145
9.883425
9.8712736
9.8602359
9.8574067
9.8754334
9.9586688
9.9597952
9.9603185
9.9598718
9.9593427
9.9587732
9.958111
9.9573195
9.9563734
9.9552482
9.9539164
9.9523427
9.9504824
9.9482769
9.9456503
9.9424995
9.9386848
9.9340126
9.9282106
9.920895
9.9115609
9.899543
9.8833006
9.8593119
9.8204497
9.7486293
9.6382263
9.6016197
9.7795351
10.080919
10.191552
10.09037
9.9050732
9.8018129
9.7703015
9.7730192
9.789958
9.8082846
9.8330473
9.870545
9.9658015
9.9670472
9.967605
9.9671388
9.966597
9.9660168
9.9653427
9.9645358
9.9635697
9.9624187
9.9610533
9.9594362
9.9575194
9.9552402
9.9525166
9.9492372
9.9452493
9.9403406
9.9342094
9.9264262
9.9164185
9.9034816
9.8859309
9.8598494
9.814795
9.7263829
9.5865892
9.5265774
9.6748092
9.9163197
9.9881967
9.9004974
9.7746647
9.7278336
9.7280681
9.7544799
9.7827358
9.8079545
9.835885
9.8729817
10.006634
10.008141
10.008768
10.008264
10.007703
10.007108
10.006417
10.005588
10.004591
10.003398
10.001975
10.000281
9.9982594
9.9958387
9.9929227
9.98938
9.9850278
9.9796076
9.9727452
9.9638993
9.9523222
9.9372598
9.9165693
9.8849465
9.8322828
9.7359489
9.5829119
9.4889488
9.5984186
9.7989414
9.8541669
9.7876138
9.7101282
9.6945411
9.7172384
9.7553543
9.7878618
9.8156458
9.8464847
9.8768712
10.108097
10.109965
10.110674
10.110131
10.109564
10.108971
10.108284
10.107455
10.106451
10.10524
10.103784
10.102033
10.099921
10.097364
10.094243
10.090396
10.085592
10.079498
10.071618
10.061216
10.047219
10.02908
10.002346
9.9600809
9.8904448
9.7736187
9.5933729
9.4709933
9.5379271
9.7100522
9.760582
9.7153368
9.6706404
9.6722437
9.7081851
9.7601471
9.8042773
9.8358333
9.8626684
9.879692
10.226525
10.227736
10.22818
10.22783
10.227464
10.227077
10.226628
10.226084
10.225423
10.224624
10.223659
10.222493
10.221079
10.219356
10.217237
10.214599
10.211267
10.206976
10.201319
10.193659
10.183296
10.167087
10.140623
10.096427
10.015514
9.862113
9.6300281
9.4673251
9.4891934
9.6385255
9.6905809
9.6629467
9.6356602
9.6445711
9.6879617
9.7614864
9.8282169
9.8587957
9.8775814
9.8824227
10.292502
10.293088
10.293298
10.293124
10.292941
10.292744
10.292514
10.292236
10.291896
10.291485
10.290987
10.290384
10.289649
10.288748
10.287632
10.286232
10.284443
10.282106
10.27896
10.274544
10.268112
10.256474
10.236894
10.201565
10.130537
9.9788924
9.7108205
9.4726887
9.4513651
9.5770842
9.6334433
9.6174602
9.5952527
9.5987802
9.6449365
9.7553096
9.845798
9.8800344
9.8933944
9.8850235
10.321842
10.322073
10.322154
10.322083
10.322007
10.321923
10.321825
10.321706
10.321561
10.321385
10.321171
10.320911
10.320594
10.320202
10.319714
10.319097
10.3183
10.31724
10.31578
10.313726
10.30996
10.303293
10.291492
10.268208
10.215176
10.084036
9.8103474
9.4964058
9.4247444
9.5213751
9.5824701
9.5725535
9.5438784
9.5317043
9.5756645
9.7353707
9.8604439
9.9029562
9.9095671
9.8874332
10.332888
10.332967
10.332994
10.332969
10.332941
10.33291
10.332874
10.332829
10.332775
10.332709
10.332629
10.332532
10.332413
10.332264
10.332079
10.331841
10.33153
10.331107
10.330503
10.329551
10.327716
10.324452
10.318312
10.304981
10.270207
10.16876
9.9157521
9.5533175
9.4107022
9.4702916
9.5336366
9.5257242
9.4866379
9.4601262
9.5173911
9.7106029
9.8738968
9.9294179
9.9257118
9.8896725
10.336548
10.336573
10.336581
10.336572
10.336563
10.336553
10.336541
10.336526
10.336508
10.336486
10.336459
10.336426
10.336386
10.336335
10.336272
10.336189
10.336078
10.335924
10.3357
10.335271
10.334487
10.333058
10.33019
10.323315
10.302684
10.231226
10.016198
9.634276
9.4098981
9.4250723
9.4852071
9.4776799
9.4302825
9.4003394
9.4966835
9.7117101
9.8904203
9.9602076
9.9417009
9.8917752
10.337655
10.337662
10.337664
10.337661
10.337658
10.337655
10.337651
10.337646
10.337641
10.337634
10.337626
10.337616
10.337603
10.337588
10.337567
10.337541
10.337503
10.337449
10.337361
10.337189
10.336881
10.336304
10.335066
10.33179
10.320467
10.273948
10.105042
9.7327621
9.4212003
9.3890244
9.4373609
9.4298974
9.3799035
9.3608615
9.5058543
9.7291401
9.9177667
9.9959107
9.9574692
9.8937664
10.337979
10.337981
10.337982
10.337981
10.33798
10.337979
10.337978
10.337976
10.337974
10.337972
10.33797
10.337967
10.337964
10.337959
10.337953
10.337945
10.337932
10.337912
10.337876
10.337809
10.337692
10.337468
10.336962
10.335491
10.329648
10.301325
10.17817
9.8431281
9.4596023
9.3665669
9.3922804
9.3842297
9.3396162
9.3489168
9.5441072
9.7838098
9.9647965
10.036635
9.9728563
9.8956652
10.338088
10.338088
10.338088
10.338088
10.338088
10.338087
10.338087
10.338086
10.338086
10.338085
10.338084
10.338083
10.338083
10.338081
10.338079
10.338077
10.338072
10.338063
10.338046
10.338018
10.33797
10.337882
10.337679
10.337045
10.334174
10.317896
10.234087
9.9552015
9.537276
9.362181
9.3546122
9.344759
9.3109335
9.3577329
9.6314056
9.8950763
10.030933
10.080445
9.9876888
9.8974862
10.338141
10.338141
10.338141
10.338141
10.33814
10.33814
10.33814
10.338139
10.338139
10.338139
10.338139
10.338138
10.338138
10.338138
10.338137
10.338136
10.338133
10.338128
10.338118
10.338102
10.338078
10.338039
10.337954
10.337684
10.336327
10.327436
10.273932
10.058283
9.6416255
9.3723874
9.3313132
9.316633
9.3030204
9.3924924
9.751828
9.9946253
10.103598
10.12216
10.001769
9.8992414
10.33818
10.33818
10.33818
10.338179
10.338179
10.338179
10.338179
10.338178
10.338178
10.338178
10.338178
10.338178
10.338178
10.338178
10.338178
10.338177
10.338175
10.338171
10.338163
10.338151
10.338135
10.338112
10.33807
10.337952
10.337327
10.332688
10.300506
10.145772
9.7657415
9.4111638
9.3280764
9.306931
9.3105939
9.4773713
9.8632084
10.080322
10.169726
10.160475
10.014903
9.9009407
10.338215
10.338215
10.338214
10.338214
10.338214
10.338214
10.338214
10.338213
10.338213
10.338213
10.338213
10.338213
10.338213
10.338213
10.338213
10.338212
10.338211
10.338207
10.3382
10.338189
10.338175
10.338158
10.338132
10.338074
10.337788
10.335465
10.31716
10.213945
9.8971903
9.4986039
9.3396037
9.3124577
9.3433236
9.6130419
9.9695369
10.153527
10.222104
10.19462
10.026932
9.9025925
10.338247
10.338247
10.338247
10.338247
10.338247
10.338246
10.338246
10.338246
10.338246
10.338246
10.338246
10.338246
10.338246
10.338246
10.338246
10.338246
10.338244
10.33824
10.338233
10.338223
10.33821
10.338194
10.338174
10.33814
10.338005
10.336883
10.327007
10.262756
10.020651
9.6206764
9.380847
9.3404396
9.4238405
9.7537125
10.06545
10.212441
10.260359
10.222322
10.037757
9.9042052
10.338278
10.338278
10.338278
10.338278
10.338277
10.338277
10.338277
10.338277
10.338277
10.338277
10.338277
10.338277
10.338277
10.338277
10.338277
10.338277
10.338276
10.338272
10.338265
10.338255
10.338243
10.338228
10.33821
10.338185
10.338115
10.337587
10.332521
10.295058
10.124116
9.7590339
9.4750836
9.4140417
9.5600848
9.8917012
10.147013
10.256863
10.286403
10.241825
10.04731
9.9057867
10.338307
10.338307
10.338307
10.338307
10.338307
10.338307
10.338306
10.338306
10.338306
10.338306
10.338306
10.338306
10.338307
10.338307
10.338307
10.338307
10.338305
10.338302
10.338295
10.338285
10.338273
10.338259
10.338242
10.338221
10.338179
10.337932
10.335453
10.314927
10.202308
9.8993392
9.6069244
9.542305
9.7158978
10.015875
10.211675
10.288126
10.303058
10.253754
10.055521
9.9073446
10.338335
10.338335
10.338335
10.338334
10.338334
10.338334
10.338334
10.338334
10.338334
10.338334
10.338334
10.338334
10.338334
10.338335
10.338335
10.338335
10.338334
10.33833
10.338324
10.338314
10.338302
10.338289
10.338273
10.338253
10.338223
10.338104
10.336941
10.326345
10.257
10.026794
9.756009
9.6953955
9.8721668
10.11924
10.259284
10.308612
10.31317
10.261111
10.061761
9.9088847
10.338361
10.338361
10.338361
10.33836
10.33836
10.33836
10.33836
10.33836
10.33836
10.33836
10.33836
10.33836
10.338361
10.338361
10.338361
10.338361
10.33836
10.338357
10.338351
10.338341
10.33833
10.338317
10.338301
10.338283
10.338259
10.338195
10.337667
10.3325
10.292511
10.131617
9.9043799
9.8528912
10.011898
10.19852
10.291816
10.321181
10.319109
10.26548
10.066136
9.9104102
10.338385
10.338385
10.338385
10.338385
10.338385
10.338385
10.338385
10.338385
10.338385
10.338385
10.338385
10.338385
10.338385
10.338386
10.338386
10.338387
10.338386
10.338383
10.338376
10.338367
10.338356
10.338343
10.338328
10.338311
10.33829
10.338251
10.338013
10.335611
10.313993
10.210147
10.036544
9.9964775
10.124661
10.254518
10.312478
10.328451
10.322462
10.267948
10.069662
9.9117704
10.338409
10.338408
10.338408
10.338408
10.338408
10.338408
10.338408
10.338408
10.338408
10.338408
10.338408
10.338408
10.338409
10.33841
10.33841
10.33841
10.338409
10.338407
10.338401
10.338392
10.338381
10.338368
10.338354
10.338338
10.338318
10.33829
10.338179
10.337108
10.32612
10.263992
10.142869
10.114035
10.207503
10.291073
10.324692
10.332446
10.324243
10.269298
10.072616
9.9129524
10.338431
10.33843
10.33843
10.33843
10.33843
10.33843
10.33843
10.33843
10.33843
10.33843
10.33843
10.338431
10.338431
10.338432
10.338432
10.338433
10.338432
10.338429
10.338424
10.338415
10.338404
10.338392
10.338379
10.338363
10.338345
10.338322
10.338265
10.337801
10.332533
10.297961
10.220528
10.201217
10.263303
10.313227
10.331467
10.334545
10.325133
10.270025
10.075114
9.9139788
10.338451
10.338451
10.338451
10.338451
10.338451
10.338451
10.338451
10.338451
10.338451
10.338451
10.338451
10.338452
10.338452
10.338453
10.338454
10.338454
10.338454
10.338451
10.338445
10.338437
10.338426
10.338415
10.338402
10.338388
10.338371
10.33835
10.338316
10.338116
10.335724
10.317788
10.272239
10.260179
10.297982
10.325756
10.335007
10.335605
10.325551
10.270431
10.077246
9.91487
10.338471
10.338471
10.338471
10.338471
10.338471
10.338471
10.338471
10.338471
10.338471
10.338471
10.338471
10.338472
10.338472
10.338473
10.338474
10.338474
10.338474
10.338471
10.338466
10.338458
10.338448
10.338437
10.338424
10.33841
10.338395
10.338377
10.338352
10.338262
10.337228
10.32853
10.303783
10.296752
10.317967
10.3324
10.336757
10.336145
10.325726
10.27069
10.079079
9.9156444
10.33849
10.33849
10.33849
10.33849
10.33849
10.33849
10.33849
10.33849
10.33849
10.33849
10.33849
10.338491
10.338491
10.338492
10.338493
10.338494
10.338493
10.338491
10.338486
10.338478
10.338468
10.338457
10.338445
10.338432
10.338418
10.338401
10.338381
10.338335
10.337906
10.333951
10.321492
10.317666
10.328694
10.335717
10.337586
10.336402
10.325795
10.270908
10.080664
9.9163178
10.338508
10.338508
10.338508
10.338508
10.338508
10.338508
10.338508
10.338508
10.338508
10.338508
10.338508
10.338509
10.33851
10.338511
10.338511
10.338512
10.338512
10.33851
10.338504
10.338496
10.338487
10.338476
10.338465
10.338453
10.338439
10.338424
10.338407
10.33838
10.338205
10.336514
10.330681
10.328741
10.334077
10.337283
10.337968
10.336519
10.325822
10.271139
10.082042
9.9169039
10.338525
10.338525
10.338525
10.338525
10.338525
10.338525
10.338525
10.338525
10.338525
10.338525
10.338526
10.338526
10.338527
10.338528
10.338529
10.33853
10.338529
10.338527
10.338522
10.338514
10.338505
10.338495
10.338484
10.338473
10.33846
10.338446
10.338431
10.338411
10.338339
10.337656
10.335111
10.334198
10.336613
10.337987
10.338143
10.33657
10.325832
10.271404
10.083243
9.9174144
10.338542
10.338542
10.338541
10.338541
10.338541
10.338541
10.338541
10.338541
10.338541
10.338542
10.338542
10.338543
10.338544
10.338545
10.338546
10.338546
10.338546
10.338544
10.338539
10.338532
10.338522
10.338513
10.338502
10.338491
10.338479
10.338467
10.338453
10.338438
10.338406
10.338144
10.337108
10.336711
10.337742
10.338294
10.338227
10.336589
10.325837
10.271696
10.084291
9.9178595
10.338557
10.338557
10.338557
10.338557
10.338557
10.338557
10.338557
10.338557
10.338557
10.338557
10.338558
10.338559
10.338559
10.33856
10.338561
10.338562
10.338562
10.33856
10.338555
10.338548
10.338539
10.33853
10.33852
10.338509
10.338498
10.338486
10.338474
10.338461
10.338445
10.338349
10.337956
10.337802
10.338222
10.338427
10.338269
10.336597
10.325845
10.271997
10.085207
9.9182477
10.338572
10.338572
10.338572
10.338572
10.338572
10.338572
10.338572
10.338572
10.338572
10.338572
10.338573
10.338574
10.338574
10.338576
10.338577
10.338577
10.338578
10.338576
10.338571
10.338564
10.338555
10.338546
10.338536
10.338526
10.338516
10.338505
10.338494
10.338483
10.338473
10.33844
10.338303
10.338253
10.338421
10.338488
10.338293
10.336602
10.325857
10.272296
10.086009
9.9185867
10.338587
10.338587
10.338586
10.338586
10.338586
10.338586
10.338586
10.338586
10.338587
10.338587
10.338587
10.338588
10.338589
10.33859
10.338591
10.338592
10.338592
10.33859
10.338586
10.338579
10.33857
10.338561
10.338552
10.338542
10.338533
10.338523
10.338513
10.338504
10.338497
10.338486
10.338444
10.338437
10.338506
10.338521
10.33831
10.336606
10.325872
10.272585
10.086711
9.9188828
10.3386
10.3386
10.3386
10.3386
10.3386
10.3386
10.3386
10.3386
10.3386
10.338601
10.338601
10.338602
10.338603
10.338604
10.338605
10.338606
10.338606
10.338605
10.3386
10.338593
10.338585
10.338576
10.338567
10.338558
10.338549
10.33854
10.338531
10.338523
10.338518
10.338515
10.338507
10.338514
10.338547
10.338542
10.338323
10.336611
10.325888
10.27286
10.087328
9.9191415
10.338614
10.338614
10.338614
10.338613
10.338613
10.338613
10.338613
10.338614
10.338614
10.338614
10.338615
10.338615
10.338616
10.338617
10.338619
10.33862
10.33862
10.338618
10.338614
10.338607
10.338599
10.33859
10.338582
10.338573
10.338564
10.338556
10.338548
10.338541
10.338537
10.338537
10.33854
10.338552
10.338571
10.338558
10.338335
10.336615
10.325905
10.273119
10.087869
9.9193677
10.338626
10.338626
10.338626
10.338626
10.338626
10.338626
10.338626
10.338626
10.338627
10.338627
10.338627
10.338628
10.338629
10.33863
10.338631
10.338633
10.338633
10.338631
10.338627
10.33862
10.338612
10.338604
10.338596
10.338587
10.338579
10.338571
10.338564
10.338558
10.338555
10.338556
10.338563
10.338575
10.338589
10.338573
10.338346
10.33662
10.325921
10.273361
10.088344
9.9195652
10.338639
10.338639
10.338638
10.338638
10.338638
10.338638
10.338638
10.338639
10.338639
10.338639
10.33864
10.33864
10.338641
10.338643
10.338644
10.338645
10.338645
10.338644
10.33864
10.338633
10.338625
10.338617
10.338609
10.338601
10.338593
10.338586
10.338579
10.338574
10.338572
10.338574
10.338581
10.338593
10.338604
10.338586
10.338357
10.336626
10.325938
10.273585
10.088763
9.9197378
10.338651
10.33865
10.33865
10.33865
10.33865
10.33865
10.33865
10.33865
10.338651
10.338651
10.338652
10.338652
10.338653
10.338654
10.338656
10.338657
10.338657
10.338656
10.338652
10.338645
10.338637
10.338629
10.338622
10.338614
10.338607
10.3386
10.338594
10.33859
10.338588
10.33859
10.338598
10.338609
10.338618
10.338599
10.338368
10.336631
10.325954
10.273792
10.089131
9.9198885
10.338662
10.338662
10.338662
10.338662
10.338662
10.338662
10.338662
10.338662
10.338662
10.338662
10.338663
10.338664
10.338665
10.338666
10.338667
10.338669
10.338669
10.338668
10.338664
10.338657
10.338649
10.338642
10.338634
10.338627
10.33862
10.338613
10.338608
10.338604
10.338603
10.338606
10.338613
10.338623
10.338631
10.338611
10.338378
10.336637
10.325969
10.273982
10.089456
9.9200197
10.338673
10.338673
10.338673
10.338673
10.338672
10.338673
10.338673
10.338673
10.338673
10.338673
10.338674
10.338675
10.338676
10.338677
10.338678
10.33868
10.33868
10.338679
10.338675
10.338668
10.338661
10.338653
10.338646
10.338639
10.338632
10.338626
10.338622
10.338618
10.338618
10.33862
10.338627
10.338637
10.338643
10.338623
10.338388
10.336643
10.325985
10.274157
10.089743
9.9201339
10.338683
10.338683
10.338683
10.338683
10.338683
10.338683
10.338683
10.338683
10.338684
10.338684
10.338685
10.338685
10.338686
10.338688
10.338689
10.33869
10.338691
10.33869
10.338686
10.338679
10.338672
10.338664
10.338657
10.338651
10.338644
10.338639
10.338635
10.338632
10.338632
10.338634
10.33864
10.338649
10.338655
10.338634
10.338397
10.336649
10.325999
10.274316
10.089996
9.9202329
10.338694
10.338694
10.338693
10.338693
10.338693
10.338693
10.338693
10.338694
10.338694
10.338694
10.338695
10.338696
10.338697
10.338698
10.338699
10.338701
10.338701
10.3387
10.338696
10.33869
10.338682
10.338675
10.338669
10.338662
10.338656
10.338651
10.338647
10.338645
10.338645
10.338647
10.338653
10.338662
10.338667
10.338645
10.338407
10.336655
10.326013
10.274461
10.09022
9.9203185
10.338704
10.338703
10.338703
10.338703
10.338703
10.338703
10.338703
10.338703
10.338704
10.338704
10.338705
10.338706
10.338707
10.338708
10.338709
10.338711
10.338711
10.33871
10.338706
10.3387
10.338693
10.338686
10.338679
10.338673
10.338667
10.338662
10.338659
10.338657
10.338657
10.33866
10.338665
10.338673
10.338678
10.338655
10.338416
10.336662
10.326027
10.274594
10.090417
9.9203921
10.338713
10.338713
10.338713
10.338713
10.338713
10.338713
10.338713
10.338713
10.338713
10.338714
10.338714
10.338715
10.338716
10.338718
10.338719
10.33872
10.338721
10.33872
10.338716
10.33871
10.338703
10.338696
10.33869
10.338683
10.338678
10.338674
10.33867
10.338669
10.338669
10.338672
10.338677
10.338684
10.338688
10.338665
10.338425
10.336668
10.32604
10.274714
10.090592
9.9204549
10.338722
10.338722
10.338722
10.338722
10.338722
10.338722
10.338722
10.338722
10.338723
10.338723
10.338724
10.338724
10.338725
10.338727
10.338728
10.33873
10.33873
10.338729
10.338726
10.338719
10.338712
10.338706
10.338699
10.338693
10.338688
10.338684
10.338681
10.33868
10.33868
10.338683
10.338688
10.338695
10.338698
10.338675
10.338434
10.336674
10.326052
10.274824
10.090746
9.9205081
10.338731
10.338731
10.338731
10.338731
10.338731
10.338731
10.338731
10.338731
10.338731
10.338732
10.338732
10.338733
10.338734
10.338736
10.338737
10.338739
10.338739
10.338738
10.338735
10.338729
10.338722
10.338715
10.338709
10.338703
10.338698
10.338695
10.338692
10.338691
10.338691
10.338694
10.338699
10.338705
10.338708
10.338684
10.338442
10.336681
10.326064
10.274923
10.090883
9.9205527
10.33874
10.338739
10.338739
10.338739
10.338739
10.338739
10.33874
10.33874
10.33874
10.33874
10.338741
10.338742
10.338743
10.338744
10.338746
10.338747
10.338748
10.338747
10.338744
10.338737
10.338731
10.338724
10.338718
10.338713
10.338708
10.338705
10.338702
10.338701
10.338702
10.338704
10.338709
10.338715
10.338718
10.338693
10.33845
10.336687
10.326075
10.275013
10.091003
9.9205893
10.338748
10.338748
10.338748
10.338748
10.338748
10.338748
10.338748
10.338748
10.338748
10.338749
10.338749
10.33875
10.338751
10.338753
10.338754
10.338756
10.338757
10.338756
10.338752
10.338746
10.338739
10.338733
10.338727
10.338722
10.338717
10.338714
10.338712
10.338711
10.338712
10.338714
10.338719
10.338724
10.338727
10.338702
10.338458
10.336693
10.326086
10.275094
10.091109
9.9206187
10.338756
10.338756
10.338756
10.338756
10.338756
10.338756
10.338756
10.338756
10.338756
10.338757
10.338757
10.338758
10.338759
10.338761
10.338762
10.338764
10.338765
10.338764
10.33876
10.338754
10.338748
10.338742
10.338736
10.338731
10.338726
10.338723
10.338721
10.338721
10.338721
10.338724
10.338728
10.338734
10.338735
10.33871
10.338466
10.3367
10.326096
10.275168
10.091202
9.9206416
10.338764
10.338764
10.338764
10.338763
10.338763
10.338764
10.338764
10.338764
10.338764
10.338765
10.338765
10.338766
10.338767
10.338769
10.33877
10.338772
10.338773
10.338772
10.338768
10.338762
10.338756
10.33875
10.338744
10.338739
10.338735
10.338732
10.33873
10.33873
10.338731
10.338733
10.338737
10.338742
10.338744
10.338719
10.338474
10.336706
10.326106
10.275234
10.091283
9.9206585
10.338771
10.338771
10.338771
10.338771
10.338771
10.338771
10.338771
10.338771
10.338772
10.338772
10.338773
10.338774
10.338775
10.338776
10.338778
10.338779
10.33878
10.338779
10.338776
10.33877
10.338764
10.338758
10.338752
10.338748
10.338744
10.338741
10.338739
10.338739
10.33874
10.338742
10.338746
10.338751
10.338752
10.338727
10.338481
10.336712
10.326115
10.275293
10.091354
9.9206696
10.338778
10.338778
10.338778
10.338778
10.338778
10.338778
10.338778
10.338779
10.338779
10.338779
10.33878
10.338781
10.338782
10.338783
10.338785
10.338787
10.338788
10.338787
10.338783
10.338778
10.338771
10.338766
10.33876
10.338756
10.338752
10.338749
10.338748
10.338747
10.338748
10.33875
10.338754
10.338759
10.33876
10.338734
10.338488
10.336718
10.326124
10.275347
10.091415
9.9206754
10.338785
10.338785
10.338785
10.338785
10.338785
10.338785
10.338785
10.338786
10.338786
10.338786
10.338787
10.338788
10.338789
10.338791
10.338792
10.338794
10.338795
10.338794
10.338791
10.338785
10.338779
10.338773
10.338768
10.338763
10.33876
10.338757
10.338756
10.338755
10.338756
10.338759
10.338762
10.338767
10.338768
10.338742
10.338495
10.336724
10.326132
10.275395
10.091468
9.920677
10.338792
10.338792
10.338792
10.338792
10.338792
10.338792
10.338792
10.338792
10.338793
10.338793
10.338794
10.338795
10.338796
10.338797
10.338799
10.338801
10.338802
10.338801
10.338798
10.338792
10.338786
10.33878
10.338775
10.338771
10.338767
10.338765
10.338763
10.338763
10.338764
10.338767
10.33877
10.338774
10.338775
10.338749
10.338502
10.33673
10.32614
10.275437
10.091513
9.9206742
10.338799
10.338799
10.338799
10.338799
10.338799
10.338799
10.338799
10.338799
10.338799
10.3388
10.338801
10.338801
10.338803
10.338804
10.338806
10.338807
10.338808
10.338808
10.338804
10.338799
10.338793
10.338787
10.338782
10.338778
10.338775
10.338772
10.338771
10.338771
10.338772
10.338774
10.338777
10.338782
10.338782
10.338756
10.338509
10.336736
10.326147
10.275475
10.091551
9.9206663
10.338805
10.338805
10.338805
10.338805
10.338805
10.338805
10.338805
10.338805
10.338806
10.338806
10.338807
10.338808
10.338809
10.33881
10.338812
10.338814
10.338815
10.338814
10.338811
10.338805
10.338799
10.338794
10.338789
10.338785
10.338782
10.338779
10.338778
10.338778
10.338779
10.338781
10.338785
10.338789
10.338789
10.338763
10.338515
10.336741
10.326154
10.275509
10.091582
9.9206546
10.338811
10.338811
10.338811
10.338811
10.338811
10.338811
10.338811
10.338811
10.338812
10.338812
10.338813
10.338814
10.338815
10.338817
10.338818
10.33882
10.338821
10.33882
10.338817
10.338812
10.338806
10.3388
10.338796
10.338792
10.338788
10.338786
10.338785
10.338785
10.338786
10.338788
10.338792
10.338795
10.338796
10.338769
10.338521
10.336747
10.326161
10.275539
10.091608
9.920639
10.338817
10.338817
10.338817
10.338817
10.338817
10.338817
10.338817
10.338817
10.338818
10.338818
10.338819
10.33882
10.338821
10.338823
10.338824
10.338826
10.338827
10.338827
10.338823
10.338818
10.338812
10.338807
10.338802
10.338798
10.338795
10.338793
10.338792
10.338792
10.338793
10.338795
10.338798
10.338802
10.338802
10.338776
10.338527
10.336752
10.326167
10.275565
10.091628
9.9206197
10.338823
10.338823
10.338823
10.338823
10.338823
10.338823
10.338823
10.338823
10.338824
10.338824
10.338825
10.338826
10.338827
10.338828
10.33883
10.338832
10.338833
10.338832
10.338829
10.338824
10.338818
10.338813
10.338808
10.338804
10.338801
10.3388
10.338799
10.338799
10.3388
10.338802
10.338805
10.338808
10.338809
10.338782
10.338533
10.336757
10.326172
10.275588
10.091642
9.9205967
10.338828
10.338828
10.338828
10.338828
10.338828
10.338828
10.338828
10.338829
10.338829
10.33883
10.33883
10.338831
10.338832
10.338834
10.338836
10.338837
10.338838
10.338838
10.338835
10.33883
10.338824
10.338819
10.338814
10.33881
10.338808
10.338806
10.338805
10.338805
10.338806
10.338808
10.338811
10.338814
10.338815
10.338788
10.338539
10.336762
10.326178
10.275607
10.091652
9.9205701
10.338834
10.338834
10.338834
10.338834
10.338834
10.338834
10.338834
10.338834
10.338834
10.338835
10.338836
10.338837
10.338838
10.338839
10.338841
10.338843
10.338844
10.338843
10.33884
10.338835
10.338829
10.338824
10.33882
10.338816
10.338813
10.338812
10.338811
10.338811
10.338812
10.338814
10.338817
10.33882
10.33882
10.338793
10.338545
10.336767
10.326183
10.275624
10.091657
9.92054
10.338839
10.338839
10.338839
10.338839
10.338839
10.338839
10.338839
10.338839
10.33884
10.33884
10.338841
10.338842
10.338843
10.338844
10.338846
10.338848
10.338849
10.338849
10.338846
10.33884
10.338835
10.33883
10.338825
10.338822
10.338819
10.338818
10.338817
10.338817
10.338818
10.33882
10.338823
10.338826
10.338826
10.338799
10.33855
10.336772
10.326187
10.275638
10.091658
9.9205064
10.338844
10.338844
10.338844
10.338844
10.338844
10.338844
10.338844
10.338844
10.338845
10.338845
10.338846
10.338847
10.338848
10.33885
10.338851
10.338853
10.338854
10.338854
10.338851
10.338846
10.33884
10.338835
10.338831
10.338827
10.338825
10.338823
10.338823
10.338823
10.338824
10.338826
10.338828
10.338832
10.338831
10.338804
10.338555
10.336777
10.326192
10.275649
10.091655
9.9204693
10.338849
10.338849
10.338849
10.338848
10.338849
10.338849
10.338849
10.338849
10.338849
10.33885
10.338851
10.338852
10.338853
10.338854
10.338856
10.338858
10.338859
10.338859
10.338856
10.338851
10.338845
10.33884
10.338836
10.338833
10.33883
10.338829
10.338828
10.338828
10.338829
10.338831
10.338834
10.338837
10.338837
10.338809
10.33856
10.336781
10.326196
10.275658
10.091647
9.9204288
10.338853
10.338853
10.338853
10.338853
10.338853
10.338853
10.338853
10.338854
10.338854
10.338855
10.338855
10.338856
10.338858
10.338859
10.338861
10.338863
10.338864
10.338863
10.338861
10.338855
10.33885
10.338845
10.338841
10.338838
10.338835
10.338834
10.338833
10.338833
10.338834
10.338836
10.338839
10.338842
10.338842
10.338814
10.338565
10.336785
10.326199
10.275665
10.091636
9.9203848
10.338858
10.338858
10.338858
10.338858
10.338858
10.338858
10.338858
10.338858
10.338859
10.338859
10.33886
10.338861
10.338862
10.338864
10.338865
10.338867
10.338868
10.338868
10.338865
10.33886
10.338854
10.33885
10.338846
10.338842
10.33884
10.338839
10.338838
10.338838
10.338839
10.338841
10.338844
10.338847
10.338847
10.338819
10.33857
10.33679
10.326202
10.275669
10.091621
9.9203372
10.338862
10.338862
10.338862
10.338862
10.338862
10.338862
10.338862
10.338862
10.338863
10.338863
10.338864
10.338865
10.338866
10.338868
10.33887
10.338871
10.338873
10.338872
10.33887
10.338865
10.338859
10.338854
10.33885
10.338847
10.338845
10.338844
10.338843
10.338843
10.338844
10.338846
10.338849
10.338852
10.338851
10.338824
10.338574
10.336794
10.326205
10.275672
10.091602
9.9202859
10.338866
10.338866
10.338866
10.338866
10.338866
10.338866
10.338866
10.338867
10.338867
10.338868
10.338868
10.338869
10.338871
10.338872
10.338874
10.338876
10.338877
10.338877
10.338874
10.338869
10.338863
10.338859
10.338855
10.338852
10.33885
10.338848
10.338848
10.338848
10.338849
10.338851
10.338853
10.338856
10.338856
10.338828
10.338579
10.336798
10.326207
10.275673
10.09158
9.9202309
10.33887
10.33887
10.33887
10.33887
10.33887
10.33887
10.33887
10.338871
10.338871
10.338872
10.338872
10.338873
10.338875
10.338876
10.338878
10.33888
10.338881
10.338881
10.338878
10.338873
10.338867
10.338863
10.338859
10.338856
10.338854
10.338853
10.338852
10.338853
10.338854
10.338855
10.338858
10.338861
10.33886
10.338833
10.338583
10.336801
10.32621
10.275673
10.091554
9.920172
10.338874
10.338874
10.338874
10.338874
10.338874
10.338874
10.338874
10.338875
10.338875
10.338875
10.338876
10.338877
10.338878
10.33888
10.338882
10.338884
10.338885
10.338885
10.338882
10.338877
10.338872
10.338867
10.338863
10.33886
10.338858
10.338857
10.338857
10.338857
10.338858
10.33886
10.338862
10.338865
10.338864
10.338837
10.338587
10.336805
10.326211
10.275671
10.091525
9.920109
10.338878
10.338878
10.338878
10.338878
10.338878
10.338878
10.338878
10.338878
10.338879
10.338879
10.33888
10.338881
10.338882
10.338884
10.338886
10.338887
10.338889
10.338888
10.338886
10.338881
10.338875
10.338871
10.338867
10.338864
10.338862
10.338861
10.338861
10.338861
10.338862
10.338864
10.338866
10.338869
10.338869
10.338841
10.338591
10.336808
10.326213
10.275666
10.091492
9.9200419
10.338881
10.338881
10.338881
10.338881
10.338881
10.338881
10.338882
10.338882
10.338882
10.338883
10.338883
10.338884
10.338886
10.338887
10.338889
10.338891
10.338892
10.338892
10.338889
10.338884
10.338879
10.338875
10.338871
10.338868
10.338866
10.338865
10.338865
10.338865
10.338866
10.338868
10.33887
10.338873
10.338872
10.338845
10.338595
10.336812
10.326214
10.275661
10.091456
9.9199702
10.338885
10.338885
10.338885
10.338885
10.338885
10.338885
10.338885
10.338885
10.338886
10.338886
10.338887
10.338888
10.338889
10.338891
10.338893
10.338894
10.338896
10.338895
10.338893
10.338888
10.338883
10.338878
10.338875
10.338872
10.33887
10.338869
10.338869
10.338869
10.33887
10.338872
10.338874
10.338877
10.338876
10.338849
10.338598
10.336815
10.326215
10.275654
10.091415
9.919894
10.338888
10.338888
10.338888
10.338888
10.338888
10.338888
10.338888
10.338889
10.338889
10.338889
10.33889
10.338891
10.338893
10.338894
10.338896
10.338898
10.338899
10.338899
10.338896
10.338891
10.338886
10.338882
10.338878
10.338876
10.338874
10.338873
10.338872
10.338873
10.338874
10.338875
10.338878
10.33888
10.33888
10.338852
10.338602
10.336818
10.326215
10.275645
10.091372
9.9198127
10.338891
10.338891
10.338891
10.338891
10.338891
10.338891
10.338891
10.338892
10.338892
10.338893
10.338893
10.338894
10.338896
10.338897
10.338899
10.338901
10.338902
10.338902
10.338899
10.338895
10.33889
10.338885
10.338882
10.338879
10.338877
10.338876
10.338876
10.338876
10.338877
10.338879
10.338881
10.338884
10.338883
10.338856
10.338605
10.33682
10.326215
10.275635
10.091324
9.9197262
10.338894
10.338894
10.338894
10.338894
10.338894
10.338894
10.338895
10.338895
10.338895
10.338896
10.338896
10.338897
10.338899
10.3389
10.338902
10.338904
10.338905
10.338905
10.338903
10.338898
10.338893
10.338889
10.338885
10.338882
10.338881
10.33888
10.338879
10.33888
10.338881
10.338882
10.338884
10.338887
10.338887
10.338859
10.338609
10.336823
10.326214
10.275623
10.091272
9.919634
10.338897
10.338897
10.338897
10.338897
10.338897
10.338897
10.338897
10.338898
10.338898
10.338899
10.338899
10.3389
10.338902
10.338903
10.338905
10.338907
10.338908
10.338908
10.338906
10.338901
10.338896
10.338892
10.338888
10.338886
10.338884
10.338883
10.338883
10.338883
10.338884
10.338886
10.338888
10.33889
10.33889
10.338862
10.338612
10.336826
10.326213
10.275609
10.091216
9.9195357
10.3389
10.3389
10.3389
10.3389
10.3389
10.3389
10.3389
10.3389
10.338901
10.338901
10.338902
10.338903
10.338905
10.338906
10.338908
10.33891
10.338911
10.338911
10.338908
10.338904
10.338899
10.338895
10.338891
10.338889
10.338887
10.338886
10.338886
10.338886
10.338887
10.338889
10.338891
10.338894
10.338893
10.338865
10.338615
10.336828
10.326212
10.275594
10.091155
9.9194308
10.338903
10.338903
10.338903
10.338903
10.338903
10.338903
10.338903
10.338903
10.338904
10.338904
10.338905
10.338906
10.338907
10.338909
10.338911
10.338913
10.338914
10.338914
10.338911
10.338906
10.338901
10.338897
10.338894
10.338892
10.33889
10.338889
10.338889
10.338889
10.33889
10.338892
10.338894
10.338897
10.338896
10.338868
10.338618
10.33683
10.32621
10.275577
10.09109
9.9193189
10.338905
10.338905
10.338905
10.338905
10.338905
10.338905
10.338906
10.338906
10.338906
10.338907
10.338907
10.338908
10.33891
10.338911
10.338913
10.338915
10.338916
10.338916
10.338914
10.338909
10.338904
10.3389
10.338897
10.338894
10.338893
10.338892
10.338892
10.338892
10.338893
10.338895
10.338897
10.338899
10.338899
10.338871
10.33862
10.336832
10.326208
10.275558
10.09102
9.9191991
10.338908
10.338908
10.338908
10.338908
10.338908
10.338908
10.338908
10.338908
10.338909
10.338909
10.33891
10.338911
10.338912
10.338914
10.338916
10.338918
10.338919
10.338919
10.338916
10.338912
10.338907
10.338903
10.3389
10.338897
10.338896
10.338895
10.338894
10.338895
10.338896
10.338897
10.338899
10.338902
10.338901
10.338874
10.338623
10.336834
10.326205
10.275537
10.090945
9.9190707
10.33891
10.33891
10.33891
10.33891
10.33891
10.33891
10.33891
10.338911
10.338911
10.338911
10.338912
10.338913
10.338915
10.338916
10.338918
10.33892
10.338921
10.338921
10.338919
10.338914
10.338909
10.338905
10.338902
10.3389
10.338898
10.338897
10.338897
10.338897
10.338898
10.3389
10.338902
10.338905
10.338904
10.338876
10.338625
10.336835
10.326202
10.275514
10.090864
9.9189329
10.338912
10.338912
10.338912
10.338912
10.338912
10.338912
10.338912
10.338913
10.338913
10.338914
10.338914
10.338915
10.338917
10.338918
10.33892
10.338922
10.338923
10.338923
10.338921
10.338916
10.338911
10.338908
10.338905
10.338902
10.338901
10.3389
10.3389
10.3389
10.338901
10.338902
10.338904
10.338907
10.338906
10.338879
10.338628
10.336837
10.326198
10.275488
10.090776
9.9187845
10.338914
10.338914
10.338914
10.338914
10.338914
10.338914
10.338915
10.338915
10.338915
10.338916
10.338917
10.338918
10.338919
10.33892
10.338922
10.338924
10.338926
10.338925
10.338923
10.338918
10.338914
10.33891
10.338907
10.338904
10.338903
10.338902
10.338902
10.338902
10.338903
10.338905
10.338907
10.338909
10.338909
10.338881
10.33863
10.336838
10.326193
10.275461
10.090682
9.9186243
10.338916
10.338916
10.338916
10.338916
10.338916
10.338916
10.338917
10.338917
10.338917
10.338918
10.338919
10.33892
10.338921
10.338922
10.338924
10.338926
10.338928
10.338927
10.338925
10.33892
10.338916
10.338912
10.338909
10.338907
10.338905
10.338904
10.338904
10.338905
10.338905
10.338907
10.338909
10.338912
10.338911
10.338883
10.338632
10.336839
10.326188
10.275431
10.090581
9.9184506
10.338918
10.338918
10.338918
10.338918
10.338918
10.338918
10.338918
10.338919
10.338919
10.33892
10.33892
10.338921
10.338923
10.338924
10.338926
10.338928
10.338929
10.338929
10.338927
10.338922
10.338918
10.338914
10.338911
10.338909
10.338907
10.338907
10.338906
10.338907
10.338908
10.338909
10.338911
10.338914
10.338913
10.338885
10.338634
10.336839
10.326182
10.275398
10.090472
9.9182616
10.33892
10.33892
10.33892
10.33892
10.33892
10.33892
10.33892
10.33892
10.338921
10.338921
10.338922
10.338923
10.338924
10.338926
10.338928
10.33893
10.338931
10.338931
10.338929
10.338924
10.338919
10.338916
10.338913
10.338911
10.338909
10.338909
10.338908
10.338909
10.33891
10.338911
10.338913
10.338916
10.338915
10.338887
10.338635
10.33684
10.326175
10.275362
10.090354
9.9180547
10.338922
10.338922
10.338921
10.338921
10.338922
10.338922
10.338922
10.338922
10.338922
10.338923
10.338924
10.338925
10.338926
10.338928
10.33893
10.338931
10.338933
10.338933
10.33893
10.338926
10.338921
10.338918
10.338915
10.338912
10.338911
10.33891
10.33891
10.338911
10.338911
10.338913
10.338915
10.338918
10.338917
10.338889
10.338637
10.33684
10.326168
10.275323
10.090226
9.9178269
10.338923
10.338923
10.338923
10.338923
10.338923
10.338923
10.338923
10.338924
10.338924
10.338925
10.338925
10.338926
10.338928
10.338929
10.338931
10.338933
10.338934
10.338934
10.338932
10.338927
10.338923
10.338919
10.338916
10.338914
10.338913
10.338912
10.338912
10.338912
10.338913
10.338915
10.338917
10.338919
10.338919
10.338891
10.338639
10.33684
10.326159
10.27528
10.090088
9.9175742
10.338925
10.338924
10.338924
10.338924
10.338924
10.338925
10.338925
10.338925
10.338925
10.338926
10.338927
10.338928
10.338929
10.338931
10.338933
10.338934
10.338936
10.338936
10.338933
10.338929
10.338924
10.338921
10.338918
10.338916
10.338914
10.338914
10.338914
10.338914
10.338915
10.338916
10.338918
10.338921
10.33892
10.338892
10.33864
10.33684
10.32615
10.275233
10.089939
9.9172915
10.338926
10.338926
10.338926
10.338926
10.338926
10.338926
10.338926
10.338926
10.338927
10.338927
10.338928
10.338929
10.33893
10.338932
10.338934
10.338936
10.338937
10.338937
10.338935
10.33893
10.338926
10.338922
10.338919
10.338917
10.338916
10.338915
10.338915
10.338916
10.338916
10.338918
10.33892
10.338922
10.338922
10.338894
10.338641
10.336839
10.326139
10.275182
10.089777
9.9169719
10.338927
10.338927
10.338927
10.338927
10.338927
10.338927
10.338927
10.338928
10.338928
10.338929
10.338929
10.33893
10.338932
10.338933
10.338935
10.338937
10.338938
10.338938
10.338936
10.338931
10.338927
10.338923
10.338921
10.338919
10.338917
10.338917
10.338917
10.338917
10.338918
10.338919
10.338921
10.338924
10.338923
10.338895
10.338642
10.336839
10.326127
10.275126
10.0896
9.9166067
10.338928
10.338928
10.338928
10.338928
10.338928
10.338928
10.338928
10.338929
10.338929
10.33893
10.33893
10.338931
10.338933
10.338934
10.338936
10.338938
10.338939
10.338939
10.338937
10.338933
10.338928
10.338925
10.338922
10.33892
10.338919
10.338918
10.338918
10.338918
10.338919
10.338921
10.338923
10.338925
10.338924
10.338896
10.338643
10.336837
10.326114
10.275064
10.089408
9.916184
10.338929
10.338929
10.338929
10.338929
10.338929
10.338929
10.338929
10.33893
10.33893
10.338931
10.338931
10.338932
10.338934
10.338935
10.338937
10.338939
10.33894
10.33894
10.338938
10.338934
10.338929
10.338926
10.338923
10.338921
10.33892
10.338919
10.338919
10.33892
10.33892
10.338922
10.338924
10.338926
10.338926
10.338898
10.338644
10.336836
10.3261
10.274997
10.089199
9.9156881
10.33893
10.33893
10.33893
10.33893
10.33893
10.33893
10.33893
10.338931
10.338931
10.338932
10.338932
10.338933
10.338935
10.338936
10.338938
10.33894
10.338941
10.338941
10.338939
10.338935
10.33893
10.338927
10.338924
10.338922
10.338921
10.33892
10.33892
10.338921
10.338922
10.338923
10.338925
10.338927
10.338927
10.338899
10.338645
10.336834
10.326083
10.274922
10.08897
9.9150975
10.338931
10.338931
10.338931
10.338931
10.338931
10.338931
10.338931
10.338931
10.338932
10.338932
10.338933
10.338934
10.338935
10.338937
10.338939
10.338941
10.338942
10.338942
10.33894
10.338935
10.338931
10.338928
10.338925
10.338923
10.338922
10.338921
10.338921
10.338922
10.338922
10.338924
10.338926
10.338928
10.338928
10.338899
10.338645
10.336832
10.326065
10.27484
10.088718
9.9143836
10.338932
10.338932
10.338932
10.338931
10.338932
10.338932
10.338932
10.338932
10.338933
10.338933
10.338934
10.338935
10.338936
10.338938
10.33894
10.338941
10.338943
10.338943
10.33894
10.338936
10.338932
10.338928
10.338926
10.338924
10.338923
10.338922
10.338922
10.338923
10.338923
10.338925
10.338927
10.338929
10.338928
10.3389
10.338646
10.336829
10.326046
10.274749
10.088442
9.9135074
10.338932
10.338932
10.338932
10.338932
10.338932
10.338932
10.338932
10.338933
10.338933
10.338934
10.338935
10.338936
10.338937
10.338938
10.33894
10.338942
10.338943
10.338943
10.338941
10.338937
10.338932
10.338929
10.338927
10.338925
10.338924
10.338923
10.338923
10.338923
10.338924
10.338926
10.338928
10.33893
10.338929
10.338901
10.338646
10.336826
10.326023
10.274648
10.088138
9.9124156
10.338933
10.338933
10.338933
10.338933
10.338933
10.338933
10.338933
10.338933
10.338934
10.338934
10.338935
10.338936
10.338937
10.338939
10.338941
10.338943
10.338944
10.338944
10.338941
10.338937
10.338933
10.33893
10.338927
10.338925
10.338924
10.338924
10.338924
10.338924
10.338925
10.338926
10.338928
10.338931
10.33893
10.338901
10.338646
10.336822
10.325999
10.274536
10.087803
9.911036
10.338933
10.338933
10.338933
10.338933
10.338933
10.338933
10.338933
10.338934
10.338934
10.338935
10.338935
10.338936
10.338938
10.338939
10.338941
10.338943
10.338944
10.338944
10.338942
10.338938
10.338933
10.33893
10.338928
10.338926
10.338925
10.338924
10.338924
10.338925
10.338925
10.338927
10.338929
10.338931
10.33893
10.338902
10.338646
10.336818
10.325971
10.27441
10.087431
9.9092698
10.338933
10.338933
10.338933
10.338933
10.338933
10.338933
10.338933
10.338934
10.338934
10.338935
10.338935
10.338936
10.338938
10.338939
10.338941
10.338943
10.338944
10.338944
10.338942
10.338938
10.338933
10.33893
10.338928
10.338926
10.338925
10.338924
10.338924
10.338925
10.338926
10.338927
10.338929
10.338931
10.33893
10.338902
10.338645
10.336813
10.32594
10.274269
10.087018
9.9069823
10.338932
10.338932
10.338932
10.338932
10.338932
10.338932
10.338932
10.338933
10.338933
10.338934
10.338934
10.338935
10.338937
10.338938
10.33894
10.338942
10.338943
10.338943
10.338941
10.338937
10.338933
10.338929
10.338927
10.338925
10.338924
10.338924
10.338924
10.338924
10.338925
10.338927
10.338928
10.338931
10.33893
10.338901
10.338644
10.336807
10.325905
10.27411
10.086558
9.9039904
10.338927
10.338927
10.338927
10.338927
10.338927
10.338927
10.338927
10.338928
10.338928
10.338929
10.33893
10.338931
10.338932
10.338934
10.338936
10.338938
10.338939
10.338939
10.338937
10.338933
10.338929
10.338926
10.338924
10.338922
10.338921
10.338921
10.338921
10.338921
10.338922
10.338924
10.338925
10.338928
10.338927
10.338898
10.33864
10.336798
10.325863
10.273929
10.086038
9.9000452
10.33891
10.33891
10.33891
10.33891
10.33891
10.338911
10.338911
10.338911
10.338912
10.338913
10.338914
10.338915
10.338916
10.338918
10.33892
10.338923
10.338924
10.338925
10.338923
10.338919
10.338915
10.338913
10.338911
10.33891
10.338909
10.338909
10.338909
10.33891
10.338911
10.338913
10.338914
10.338917
10.338915
10.338886
10.338627
10.336779
10.325809
10.273716
10.085437
9.894812
10.338859
10.338858
10.338858
10.338859
10.338859
10.338859
10.33886
10.338861
10.338861
10.338862
10.338864
10.338866
10.338868
10.33887
10.338873
10.338876
10.338878
10.338879
10.338878
10.338876
10.338873
10.338871
10.338871
10.33887
10.338871
10.338871
10.338872
10.338874
10.338875
10.338877
10.338879
10.33888
10.338879
10.338849
10.338587
10.336731
10.325722
10.273449
10.084704
9.8878427
10.338704
10.338704
10.338704
10.338704
10.338705
10.338706
10.338707
10.338708
10.33871
10.338712
10.338715
10.338717
10.338721
10.338725
10.338729
10.338734
10.338739
10.338742
10.338744
10.338744
10.338744
10.338745
10.338747
10.33875
10.338752
10.338755
10.338758
10.338761
10.338764
10.338766
10.338767
10.338768
10.338765
10.338733
10.338468
10.336599
10.325539
10.273065
10.083711
9.8785483
10.338261
10.338261
10.338261
10.338262
10.338264
10.338266
10.338268
10.338272
10.338275
10.33828
10.338285
10.338291
10.338298
10.338306
10.338315
10.338325
10.338335
10.338344
10.338352
10.338359
10.338366
10.338375
10.338384
10.338394
10.338403
10.338412
10.338421
10.338427
10.338433
10.338436
10.338437
10.338436
10.338429
10.338391
10.338116
10.336227
10.325099
10.272379
10.082151
9.866175
10.337046
10.337044
10.337045
10.337048
10.337052
10.337057
10.337063
10.337071
10.33708
10.33709
10.337102
10.337116
10.337132
10.337149
10.33717
10.337191
10.337215
10.337239
10.337262
10.337286
10.33731
10.337337
10.337365
10.337392
10.337418
10.337442
10.337463
10.33748
10.337492
10.337498
10.337498
10.337492
10.337477
10.337424
10.337127
10.335196
10.32397
10.270919
10.079311
9.8498042
10.333873
10.333868
10.333871
10.333878
10.333887
10.333899
10.333913
10.33393
10.333951
10.333975
10.334002
10.334034
10.334069
10.33411
10.334155
10.334205
10.334259
10.334316
10.334376
10.334438
10.334503
10.334571
10.334641
10.334709
10.334775
10.334834
10.334885
10.334926
10.334953
10.334966
10.334964
10.334946
10.33491
10.334821
10.334475
10.332454
10.321071
10.267576
10.073666
9.8284229
10.326063
10.326051
10.326056
10.326071
10.326092
10.326118
10.32615
10.326188
10.326233
10.326285
10.326345
10.326414
10.326492
10.32658
10.326679
10.326788
10.326907
10.327035
10.327172
10.327316
10.327467
10.327624
10.327784
10.32794
10.328089
10.328225
10.328341
10.328433
10.328494
10.328522
10.328514
10.328472
10.328388
10.328222
10.327765
10.325557
10.3139
10.259805
10.062249
9.8011684
10.308188
10.30816
10.308168
10.3082
10.308242
10.308295
10.308361
10.308439
10.308531
10.308637
10.30876
10.308901
10.30906
10.30924
10.30944
10.309662
10.309907
10.310171
10.310456
10.310757
10.311075
10.311403
10.311736
10.312064
10.312376
10.312659
10.312902
10.313093
10.31322
10.313278
10.313259
10.313167
10.312991
10.312667
10.311992
10.309407
10.297273
10.242394
10.039642
9.7679453
10.270923
10.270864
10.270876
10.270937
10.271015
10.271115
10.271236
10.271382
10.271553
10.271751
10.27198
10.272241
10.272536
10.272868
10.27324
10.273652
10.274106
10.274599
10.275131
10.275698
10.276294
10.276912
10.277537
10.278153
10.278741
10.279275
10.279734
10.280094
10.280334
10.280444
10.280404
10.280228
10.279888
10.279284
10.278223
10.274958
10.262057
10.20631
9.9979669
9.7308574
10.203571
10.203465
10.20348
10.203578
10.203703
10.203863
10.204057
10.204288
10.204561
10.204876
10.205239
10.205653
10.206121
10.206648
10.207235
10.207887
10.208604
10.209386
10.210229
10.211129
10.212076
10.213056
10.21405
10.215032
10.215969
10.216823
10.217558
10.218137
10.218524
10.218702
10.218636
10.218348
10.217785
10.216783
10.215185
10.210942
10.197104
10.14112
9.9309745
9.6980344
10.108751
10.108595
10.108608
10.108739
10.108903
10.109114
10.109368
10.109672
10.110027
10.110439
10.110911
10.111447
10.112052
10.112731
10.113487
10.114323
10.11524
10.116239
10.117315
10.118463
10.119669
10.120917
10.122182
10.123432
10.124625
10.125716
10.126657
10.127402
10.127901
10.128133
10.128044
10.127661
10.126897
10.125517
10.123404
10.118206
10.103768
10.049431
9.8474788
9.6884581
10.029497
10.029315
10.029321
10.029457
10.029628
10.029847
10.03011
10.030422
10.030786
10.031205
10.031682
10.032221
10.032826
10.033499
10.034243
10.03506
10.035951
10.036913
10.037944
10.039035
10.040178
10.041355
10.042543
10.043716
10.044835
10.045861
10.04675
10.04746
10.047943
10.048173
10.048088
10.047704
10.046896
10.045396
10.043086
10.03754
10.023586
9.9740595
9.798277
9.7365237
10.080066
10.0799
10.079895
10.080005
10.080143
10.080318
10.080527
10.080772
10.081055
10.081376
10.081737
10.082138
10.08258
10.083064
10.083589
10.084153
10.084756
10.085392
10.086058
10.086748
10.087457
10.088177
10.088893
10.089591
10.090257
10.090872
10.091412
10.091856
10.092175
10.092347
10.092308
10.092056
10.091424
10.090201
10.088156
10.083239
10.071033
10.02876
9.8918738
9.9244111
10.476216
10.476104
10.47609
10.47615
10.476227
10.476325
10.476437
10.476565
10.476708
10.476862
10.477027
10.477199
10.477375
10.477551
10.477722
10.477885
10.478031
10.478155
10.478248
10.47831
10.478348
10.478362
10.478349
10.478313
10.47828
10.47826
10.478261
10.478299
10.478375
10.478474
10.478536
10.478546
10.478277
10.477692
10.476282
10.472919
10.46362
10.43107
10.344201
10.444474
11.795389
11.79535
11.795336
11.795349
11.795367
11.79539
11.795412
11.795434
11.795451
11.795462
11.795463
11.79545
11.795418
11.795362
11.795276
11.795155
11.794991
11.794775
11.7945
11.794169
11.793796
11.793389
11.792943
11.792478
11.792037
11.791646
11.791328
11.791118
11.79104
11.791086
11.791212
11.791413
11.791458
11.791515
11.790891
11.789635
11.784679
11.766606
11.732385
11.842536
)
;

boundaryField
{
    piston
    {
        type            calculated;
        value           nonuniform List<scalar> 
40
(
14.822377
14.822377
14.822377
14.822377
14.822377
14.822377
14.822377
14.822377
14.822377
14.822377
14.822377
14.822377
14.822377
14.822377
14.822377
14.822377
14.822377
14.822377
14.822377
14.822377
14.822377
14.822377
14.822377
14.822377
14.822377
14.822378
14.822378
14.822378
14.822375
14.822371
14.822366
14.822361
14.822358
14.82236
14.822365
14.822369
14.822372
14.822378
14.822398
14.822432
)
;
    }
    cylinderHead
    {
        type            calculated;
        value           nonuniform List<scalar> 
40
(
13.693614
13.693614
13.693614
13.693614
13.693614
13.693614
13.693614
13.693614
13.693614
13.693615
13.693615
13.693615
13.693615
13.693615
13.693615
13.693615
13.693615
13.693615
13.693615
13.693615
13.693615
13.693615
13.693615
13.693615
13.693614
13.693614
13.693614
13.693614
13.693613
13.693613
13.693612
13.693612
13.693612
13.693611
13.693611
13.693611
13.69361
13.69361
13.69361
13.69361
)
;
    }
    cylinderWall
    {
        type            calculated;
        value           nonuniform List<scalar> 
120
(
16.72133
16.721331
16.721331
16.72133
16.72133
16.721328
16.721327
16.721326
16.721325
16.721323
16.721322
16.721321
16.72132
16.721319
16.721319
16.721318
16.721318
16.721318
16.721318
16.721319
16.721319
16.72132
16.721321
16.721321
16.721323
16.721324
16.721325
16.721327
16.721328
16.72133
16.721331
16.721333
16.721335
16.721336
16.721338
16.72134
16.721342
16.721344
16.721345
16.721347
16.721349
16.721351
16.721352
16.721354
16.721356
16.721357
16.721359
16.721361
16.721362
16.721364
16.721366
16.721367
16.721369
16.72137
16.721372
16.721374
16.721375
16.721377
16.721378
16.721379
16.721381
16.721382
16.721384
16.721385
16.721386
16.721388
16.721389
16.72139
16.721391
16.721393
16.721394
16.721395
16.721396
16.721397
16.721398
16.721399
16.7214
16.721401
16.721402
16.721403
16.721404
16.721405
16.721406
16.721407
16.721408
16.721409
16.72141
16.72141
16.721411
16.721412
16.721413
16.721413
16.721414
16.721415
16.721415
16.721416
16.721416
16.721417
16.721417
16.721418
16.721418
16.721419
16.721419
16.72142
16.72142
16.72142
16.721421
16.721421
16.721421
16.721422
16.721422
16.721422
16.721422
16.721422
16.721423
16.721423
16.721423
16.721423
16.721423
16.721423
)
;
    }
    wedgeFront
    {
        type            wedge;
    }
    wedgeBack
    {
        type            wedge;
    }
    axis
    {
        type            empty;
    }
}


// ************************************************************************* //
