/*--------------------------------*- C++ -*----------------------------------*\
  =========                 |
  \\      /  F ield         | OpenFOAM: The Open Source CFD Toolbox
   \\    /   O peration     | Website:  https://openfoam.org
    \\  /    A nd           | Version:  13
     \\/     M anipulation  |
\*---------------------------------------------------------------------------*/
FoamFile
{
    format      ascii;
    class       volScalarField;
    location    "-13";
    object      T;
}
// * * * * * * * * * * * * * * * * * * * * * * * * * * * * * * * * * * * * * //

dimensions      [0 0 0 1 0 0 0];

internalField   nonuniform List<scalar> 
4800
(
571.60681
571.65472
571.66559
571.6614
571.66088
571.66304
571.66551
571.66831
571.67105
571.67352
571.67555
571.67663
571.6762
571.67353
571.66762
571.65732
571.63961
571.61186
571.56899
571.50225
571.3971
571.23152
570.97563
570.59718
570.1244
569.95523
571.38106
573.73648
572.58835
563.3957
558.48079
558.65092
563.53844
569.83328
576.07436
582.89687
592.24847
606.60483
628.72931
654.27819
686.97672
686.97029
686.95846
686.97436
686.99758
687.02475
687.05656
687.0943
687.1388
687.1909
687.25157
687.32185
687.40316
687.49716
687.60604
687.7326
687.88003
688.0529
688.25643
688.49607
688.77717
689.10633
689.50879
690.05497
691.05605
693.427
698.63532
701.87725
692.45126
665.29832
646.26394
649.01289
665.4346
681.73977
692.31519
697.7941
702.28835
709.29012
715.75008
721.33577
715.52755
715.48184
715.45585
715.48102
715.51329
715.54905
715.59077
715.64045
715.69952
715.7693
715.85134
715.94749
716.06013
716.19234
716.348
716.53233
716.75213
717.01668
717.33829
717.73301
718.22115
718.83021
719.62577
720.75022
722.76054
726.78115
733.34668
735.82539
722.41175
695.99944
683.55161
689.73912
706.18712
718.99581
725.27268
727.66439
728.56025
729.37607
729.58631
728.25607
722.16692
722.08525
722.04731
722.07969
722.11805
722.15935
722.20737
722.26478
722.33341
722.41505
722.51171
722.62595
722.76105
722.92128
723.1122
723.34135
723.61898
723.95932
724.38239
724.91655
725.59923
726.4801
727.67402
729.44453
732.33116
737.72643
746.17689
749.02169
735.39492
713.40899
705.66448
712.74029
726.07357
733.72272
736.08941
735.88493
734.61179
733.23942
731.39373
728.61672
721.65016
721.55996
721.51958
721.55333
721.59256
721.63457
721.68338
721.74182
721.8118
721.8952
721.99414
722.11137
722.25038
722.41573
722.61342
722.85161
723.14146
723.49855
723.94509
724.51272
725.2439
726.19129
727.48052
729.40487
732.75319
739.41389
750.1962
754.92196
743.35539
725.25089
720.0316
726.40939
735.76055
739.30271
739.28517
737.28365
735.15421
733.26418
731.18272
728.43686
718.70553
718.59731
718.55228
718.58846
718.62876
718.6715
718.72111
718.78067
718.85229
718.93803
719.04028
719.16212
719.30752
719.48171
719.69166
719.9469
720.2607
720.65189
721.14778
721.78802
722.62764
723.72296
725.23298
727.55308
731.45001
738.68749
750.48419
757.91573
749.27162
733.93855
729.82508
734.78738
740.65072
741.84169
740.10919
737.21767
734.76931
732.68968
730.39561
728.14996
711.49141
711.35993
711.31009
711.34828
711.38816
711.42989
711.47825
711.53663
711.60732
711.69259
711.79515
711.91854
712.06736
712.24771
712.46793
712.73955
713.07901
713.51013
714.06841
714.80668
715.80248
717.09712
719.01371
722.06485
727.14874
735.84052
749.66594
759.35273
754.02376
740.65739
736.82277
740.2539
743.67508
743.55195
740.79948
736.85576
733.53916
731.18594
729.19709
727.94201
703.25215
703.16888
703.13832
703.16242
703.18755
703.21414
703.24505
703.28248
703.32791
703.38289
703.44928
703.52951
703.62679
703.74543
703.89142
704.07316
704.30292
704.599
704.98972
705.51952
706.23745
707.36338
709.20939
712.31393
718.06854
729.23782
746.81256
759.64705
757.89632
746.15386
742.14539
744.26746
746.37493
745.68548
742.346
736.75477
731.75249
729.48297
728.09616
727.7408
698.74425
698.70446
698.69021
698.702
698.71443
698.72779
698.7434
698.76232
698.78535
698.81327
698.84708
698.88808
698.938
698.9992
699.075
699.17015
699.29174
699.45069
699.66479
699.96547
700.40399
701.19868
702.53991
704.97283
709.91563
720.7039
740.59931
759.21704
760.92985
750.94087
746.54728
747.78761
749.51815
749.24287
745.65764
737.22137
730.44593
727.9149
726.93241
727.54928
696.75818
696.74254
696.73707
696.74187
696.74702
696.75266
696.75928
696.76731
696.7771
696.78899
696.80343
696.82097
696.84242
696.86885
696.90178
696.94347
696.99734
697.0689
697.16761
697.30642
697.56113
698.01249
698.81289
700.39751
704.03363
713.18944
733.08596
757.32101
763.07924
755.33469
750.51857
751.29571
753.55288
754.5155
751.05196
738.73136
729.36108
726.2301
725.74603
727.3719
696.01341
696.00808
696.00626
696.00797
696.00984
696.01192
696.01438
696.01736
696.021
696.02543
696.03081
696.03738
696.04543
696.0554
696.06792
696.08392
696.1049
696.13336
696.17406
696.2382
696.36193
696.58211
696.99663
697.89831
700.26132
707.24739
725.29334
752.80955
764.21798
759.40913
754.36299
754.98924
758.09977
760.22449
755.65063
740.61567
728.36744
724.29477
724.56557
727.20716
695.76704
695.7654
695.76487
695.76542
695.76604
695.76673
695.76756
695.76856
695.76977
695.77126
695.77306
695.77526
695.77798
695.78136
695.78564
695.79121
695.79866
695.80907
695.82416
695.85299
695.90579
696.00201
696.19527
696.65891
698.054
702.92945
718.01993
746.48366
764.28338
763.05269
758.21471
758.81653
762.63028
765.05968
757.29844
740.53134
727.15068
722.05585
723.40027
727.05252
695.69268
695.69222
695.69208
695.69225
695.69244
695.69266
695.69292
695.69323
695.69361
695.69407
695.69463
695.6953
695.69614
695.69719
695.69854
695.70033
695.70284
695.70652
695.7124
695.72399
695.7447
695.7836
695.86692
696.08755
696.85131
700.00652
711.70719
738.93007
763.36661
765.98243
762.05886
762.66165
766.72643
768.28631
756.56794
739.20475
725.14579
719.47691
722.25474
726.90616
695.67092
695.6708
695.67077
695.67083
695.67089
695.67096
695.67105
695.67114
695.67126
695.67139
695.67155
695.67175
695.67198
695.67228
695.67269
695.67325
695.6741
695.67541
695.67787
695.68236
695.69023
695.70531
695.73937
695.83838
696.23202
698.14628
706.59381
730.64492
760.26776
767.81906
765.71664
766.3732
770.03389
769.26802
753.53571
735.07434
721.72349
716.55767
721.14041
726.76664
695.66372
695.66368
695.66368
695.66371
695.66374
695.66377
695.6638
695.66383
695.66387
695.66392
695.66396
695.66401
695.66408
695.66416
695.66428
695.66447
695.6648
695.66539
695.66652
695.66844
695.67163
695.67758
695.69123
695.73393
695.92719
697.02511
702.73318
722.41958
754.07606
768.17886
768.80005
769.61034
772.40613
768.54339
746.70581
726.80878
716.96505
713.44353
720.06949
726.6329
695.66026
695.66025
695.66026
695.66028
695.6603
695.66031
695.66033
695.66035
695.66037
695.66039
695.6604
695.66041
695.66043
695.66045
695.66048
695.66057
695.66074
695.6611
695.66177
695.66283
695.66444
695.66711
695.67283
695.69098
695.78231
696.38132
700.00791
715.01599
745.91493
767.34242
770.71975
771.93383
773.06325
765.69929
737.48506
719.56968
711.80876
710.50345
719.05585
726.50404
695.65774
695.65773
695.65775
695.65776
695.65777
695.65779
695.6578
695.65782
695.65783
695.65784
695.65785
695.65785
695.65785
695.65785
695.65786
695.65791
695.65804
695.65833
695.65886
695.65965
695.66075
695.6623
695.66508
695.67306
695.71511
696.02747
698.20211
708.85039
736.43495
764.18087
770.98729
772.73866
772.43454
758.84183
729.1571
713.45242
707.18036
707.82422
718.11293
726.37935
695.65549
695.65549
695.6555
695.65551
695.65553
695.65554
695.65555
695.65557
695.65558
695.65558
695.65559
695.65559
695.65558
695.65557
695.65558
695.65562
695.65573
695.65599
695.65648
695.6572
695.65813
695.6593
695.66103
695.66494
695.68419
695.84055
697.07515
704.11924
726.65413
757.14625
770.03582
772.28018
769.72883
748.13228
721.38049
708.30864
703.55688
705.45361
717.25143
726.25819
695.65339
695.65339
695.6534
695.65341
695.65342
695.65343
695.65345
695.65346
695.65347
695.65347
695.65347
695.65347
695.65346
695.65345
695.65345
695.65348
695.65358
695.65383
695.6543
695.65499
695.65587
695.65692
695.65827
695.6606
695.66967
695.74521
696.41053
700.77043
717.70141
747.53926
766.65044
769.96672
763.15241
737.34263
714.5066
704.22261
700.93381
703.54196
716.47806
726.13994
695.6514
695.6514
695.65141
695.65143
695.65144
695.65145
695.65146
695.65147
695.65148
695.65148
695.65148
695.65147
695.65146
695.65144
695.65144
695.65145
695.65155
695.6518
695.65225
695.65293
695.65378
695.65477
695.65598
695.65769
695.66236
695.69793
696.03902
698.57178
710.36681
736.94121
759.02565
763.94699
752.27658
727.05685
708.76336
701.17273
699.15918
702.20229
715.79688
726.02402
695.64953
695.64953
695.64954
695.64956
695.64957
695.64958
695.64959
695.64959
695.6496
695.6496
695.6496
695.64959
695.64957
695.64955
695.64954
695.64955
695.64964
695.64987
695.65032
695.65098
695.6518
695.65276
695.6539
695.65535
695.65815
695.6748
695.84162
697.22626
704.92259
726.4965
748.60927
753.67849
740.21251
718.04316
704.27546
699.04219
698.02911
701.38548
715.21243
725.90988
695.64777
695.64777
695.64778
695.6478
695.64781
695.64782
695.64782
695.64783
695.64784
695.64783
695.64783
695.64782
695.64779
695.64777
695.64775
695.64775
695.64783
695.64806
695.64849
695.64914
695.64994
695.65086
695.65195
695.65327
695.65528
695.66332
695.74153
696.45539
701.16391
717.26179
737.16965
741.77802
728.49562
710.70869
701.00736
697.65306
697.34474
700.88268
714.769
725.79708
695.64611
695.64612
695.64613
695.64614
695.64615
695.64616
695.64616
695.64617
695.64617
695.64617
695.64616
695.64614
695.64612
695.64609
695.64606
695.64605
695.64613
695.64634
695.64676
695.64739
695.64817
695.64906
695.6501
695.65135
695.65298
695.65725
695.69276
696.04064
698.74484
709.84102
726.12671
729.92103
718.32849
705.18396
698.79158
696.80359
696.94349
700.58448
714.45843
725.68539
695.64455
695.64456
695.64456
695.64458
695.64459
695.64459
695.6446
695.6446
695.6446
695.6446
695.64458
695.64456
695.64453
695.6445
695.64446
695.64446
695.64452
695.64472
695.64513
695.64575
695.64651
695.64737
695.64836
695.64953
695.65098
695.65361
695.66958
695.83121
697.28958
704.38145
716.56501
719.43679
710.32823
701.3332
697.39161
696.31321
696.71721
700.41618
714.20836
725.58585
695.64308
695.64308
695.64309
695.6431
695.64311
695.64312
695.64312
695.64312
695.64312
695.64311
695.6431
695.64307
695.64304
695.643
695.64296
695.64295
695.643
695.6432
695.64359
695.64419
695.64493
695.64576
695.64671
695.64782
695.64914
695.65105
695.65847
695.73051
696.47079
700.68639
709.05354
711.07475
704.56353
698.84212
696.56669
696.04402
696.59713
700.32423
713.99901
725.49938
695.64168
695.64169
695.6417
695.64171
695.64171
695.64172
695.64172
695.64172
695.64172
695.64171
695.6417
695.64167
695.64163
695.64159
695.64154
695.64152
695.64157
695.64175
695.64214
695.64272
695.64344
695.64424
695.64515
695.64619
695.64741
695.64897
695.6528
695.68397
696.03861
698.3752
703.66601
704.99783
700.73299
697.34102
696.10997
695.90278
696.53715
700.27472
713.82202
725.42433
695.64037
695.64037
695.64038
695.64039
695.64039
695.6404
695.6404
695.6404
695.64039
695.64038
695.64037
695.64034
695.6403
695.64025
695.6402
695.64017
695.64021
695.64039
695.64076
695.64133
695.64203
695.6428
695.64367
695.64466
695.64579
695.64715
695.64947
695.66289
695.82378
697.03322
700.12381
700.94657
698.37339
696.49496
695.87161
695.83146
696.50907
700.24714
713.67109
725.35918
695.63912
695.63912
695.63913
695.63914
695.63914
695.63915
695.63915
695.63915
695.63914
695.63913
695.63911
695.63908
695.63904
695.63898
695.63893
695.63889
695.63892
695.63909
695.63945
695.64001
695.6407
695.64144
695.64227
695.6432
695.64425
695.64547
695.64714
695.65316
695.72264
696.30842
697.98054
698.45698
697.02078
696.04723
695.75392
695.79523
696.49735
700.22957
713.54141
725.30259
695.63793
695.63794
695.63794
695.63795
695.63796
695.63796
695.63796
695.63796
695.63795
695.63794
695.63792
695.63788
695.63784
695.63778
695.63772
695.63768
695.63771
695.63787
695.63822
695.63877
695.63943
695.64015
695.64094
695.64182
695.6428
695.64391
695.64526
695.64828
695.67709
695.94319
696.78313
697.04133
696.29701
695.82396
695.6982
695.77797
696.49273
700.21479
713.42929
725.2534
695.63681
695.63681
695.63682
695.63683
695.63683
695.63683
695.63684
695.63683
695.63682
695.63681
695.63679
695.63675
695.6367
695.63664
695.63658
695.63653
695.63655
695.6367
695.63704
695.63758
695.63823
695.63892
695.63968
695.64052
695.64143
695.64244
695.6436
695.64539
695.65707
695.77077
696.16343
696.29404
695.93446
695.71861
695.67261
695.77022
696.49099
700.19915
713.33191
725.21061
695.63573
695.63574
695.63575
695.63576
695.63576
695.63576
695.63576
695.63576
695.63575
695.63573
695.63571
695.63567
695.63561
695.63555
695.63549
695.63544
695.63545
695.63559
695.63593
695.63645
695.63709
695.63776
695.63849
695.63928
695.64013
695.64105
695.64207
695.64333
695.64811
695.69395
695.86511
695.9265
695.76381
695.67133
695.66094
695.7669
696.49041
700.18115
713.24705
725.17335
695.63471
695.63472
695.63473
695.63474
695.63474
695.63474
695.63474
695.63474
695.63473
695.63471
695.63468
695.63464
695.63459
695.63452
695.63445
695.6344
695.6344
695.63454
695.63487
695.63538
695.636
695.63665
695.63735
695.6381
695.63889
695.63974
695.64064
695.64163
695.64372
695.66121
695.73082
695.75735
695.68792
695.65081
695.65535
695.76565
696.49018
700.16134
713.17299
725.14088
695.63374
695.63375
695.63376
695.63377
695.63377
695.63377
695.63377
695.63377
695.63375
695.63373
695.6337
695.63366
695.6336
695.63353
695.63346
695.63341
695.63341
695.63354
695.63386
695.63436
695.63497
695.6356
695.63627
695.63698
695.63773
695.63849
695.63931
695.64012
695.64117
695.64749
695.6738
695.68405
695.65573
695.64195
695.6526
695.76519
696.48974
700.14088
713.10828
725.11257
695.63281
695.63282
695.63283
695.63284
695.63284
695.63284
695.63284
695.63284
695.63282
695.6328
695.63277
695.63272
695.63267
695.63259
695.63252
695.63246
695.63246
695.63258
695.63289
695.63339
695.63398
695.63459
695.63524
695.63592
695.63661
695.63732
695.63805
695.63874
695.63935
695.64149
695.65058
695.65377
695.64241
695.63793
695.65108
695.76496
696.48898
700.1206
713.05168
725.08786
695.63193
695.63194
695.63194
695.63195
695.63195
695.63195
695.63195
695.63195
695.63193
695.63191
695.63188
695.63183
695.63177
695.63169
695.63162
695.63155
695.63155
695.63167
695.63197
695.63246
695.63304
695.63363
695.63425
695.6349
695.63556
695.63621
695.63686
695.63745
695.63785
695.63849
695.64115
695.64154
695.63679
695.63583
695.65007
695.76477
696.48805
700.101
713.00211
725.06629
695.63108
695.63109
695.63109
695.6311
695.6311
695.6311
695.6311
695.63109
695.63108
695.63106
695.63102
695.63098
695.63092
695.63084
695.63076
695.63069
695.63068
695.63079
695.63109
695.63157
695.63214
695.63272
695.63331
695.63393
695.63455
695.63515
695.63573
695.63623
695.63652
695.63662
695.63703
695.63644
695.63414
695.63449
695.64926
695.76456
696.48705
700.08233
712.95864
725.04746
695.63027
695.63027
695.63028
695.63029
695.63029
695.63029
695.63029
695.63028
695.63026
695.63024
695.6302
695.63016
695.63009
695.63001
695.62993
695.62986
695.62985
695.62996
695.63025
695.63072
695.63128
695.63184
695.63242
695.63301
695.63359
695.63414
695.63467
695.63509
695.63529
695.6352
695.63488
695.63399
695.63262
695.63347
695.64854
695.76431
696.48603
700.06477
712.92049
725.031
695.62949
695.62949
695.6295
695.62951
695.62951
695.62951
695.62951
695.6295
695.62948
695.62945
695.62942
695.62937
695.62931
695.62923
695.62914
695.62907
695.62905
695.62915
695.62944
695.62991
695.63046
695.631
695.63156
695.63213
695.63267
695.63319
695.63366
695.63402
695.63415
695.63398
695.63345
695.63251
695.63152
695.63258
695.64786
695.76405
696.48499
700.04838
712.88697
725.01664
695.62874
695.62875
695.62875
695.62876
695.62876
695.62876
695.62876
695.62875
695.62873
695.6287
695.62867
695.62862
695.62855
695.62847
695.62838
695.6283
695.62828
695.62839
695.62867
695.62913
695.62967
695.6302
695.63074
695.63128
695.6318
695.63227
695.6327
695.633
695.63309
695.63288
695.6323
695.63139
695.63059
695.63177
695.64721
695.76377
696.48396
700.03318
712.85748
725.0041
695.62802
695.62803
695.62803
695.62804
695.62804
695.62804
695.62804
695.62803
695.62801
695.62798
695.62795
695.62789
695.62783
695.62775
695.62766
695.62757
695.62755
695.62765
695.62792
695.62838
695.62891
695.62943
695.62995
695.63047
695.63096
695.6314
695.63178
695.63204
695.63208
695.63185
695.63128
695.63042
695.62974
695.631
695.64658
695.76348
696.48295
700.01916
712.83152
724.99317
695.62733
695.62733
695.62734
695.62735
695.62735
695.62735
695.62734
695.62733
695.62732
695.62729
695.62725
695.6272
695.62713
695.62705
695.62696
695.62687
695.62685
695.62694
695.62721
695.62766
695.62818
695.62869
695.62919
695.62969
695.63016
695.63057
695.63091
695.63112
695.63114
695.63089
695.63034
695.62954
695.62895
695.63027
695.64598
695.76317
696.48197
700.00627
712.80864
724.98365
695.62666
695.62667
695.62668
695.62668
695.62669
695.62668
695.62668
695.62667
695.62665
695.62662
695.62658
695.62653
695.62646
695.62638
695.62628
695.6262
695.62617
695.62626
695.62653
695.62697
695.62748
695.62798
695.62846
695.62895
695.62939
695.62977
695.63007
695.63025
695.63024
695.62999
695.62946
695.62872
695.6282
695.62958
695.64539
695.76285
696.48102
699.99446
712.78847
724.97538
695.62602
695.62603
695.62604
695.62604
695.62605
695.62604
695.62604
695.62603
695.62601
695.62598
695.62594
695.62589
695.62582
695.62573
695.62564
695.62555
695.62552
695.6256
695.62586
695.6263
695.62681
695.62729
695.62776
695.62823
695.62865
695.629
695.62927
695.62942
695.62939
695.62914
695.62863
695.62794
695.62748
695.62891
695.64482
695.76251
696.48011
699.98367
712.77067
724.96822
695.62541
695.62541
695.62542
695.62543
695.62543
695.62543
695.62542
695.62541
695.62539
695.62536
695.62532
695.62527
695.6252
695.62511
695.62501
695.62493
695.62489
695.62497
695.62523
695.62566
695.62616
695.62663
695.62709
695.62754
695.62794
695.62827
695.62851
695.62864
695.62858
695.62833
695.62785
695.62721
695.62679
695.62827
695.64427
695.76217
696.47923
699.97383
712.75494
724.96204
695.62482
695.62482
695.62483
695.62484
695.62484
695.62484
695.62483
695.62482
695.6248
695.62477
695.62473
695.62467
695.6246
695.62451
695.62442
695.62433
695.62428
695.62436
695.62462
695.62505
695.62554
695.626
695.62645
695.62688
695.62726
695.62756
695.62778
695.62788
695.62782
695.62757
695.6271
695.6265
695.62614
695.62765
695.64374
695.76182
696.4784
699.96488
712.74106
724.95674
695.62425
695.62425
695.62426
695.62427
695.62427
695.62426
695.62426
695.62424
695.62422
695.6242
695.62415
695.6241
695.62403
695.62394
695.62384
695.62375
695.6237
695.62378
695.62403
695.62445
695.62494
695.62539
695.62582
695.62624
695.6266
695.62688
695.62708
695.62716
695.62709
695.62684
695.6264
695.62584
695.62551
695.62706
695.64321
695.76147
696.4776
699.95675
712.72879
724.95222
695.6237
695.62371
695.62371
695.62371
695.62372
695.62371
695.62371
695.62369
695.62367
695.62364
695.6236
695.62355
695.62348
695.62339
695.62328
695.62319
695.62314
695.62321
695.62346
695.62388
695.62436
695.6248
695.62522
695.62563
695.62597
695.62623
695.6264
695.62647
695.62639
695.62615
695.62573
695.6252
695.62491
695.62648
695.64271
695.76112
696.47684
699.94936
712.71796
724.94841
695.62317
695.62318
695.62318
695.62318
695.62319
695.62318
695.62318
695.62316
695.62314
695.62311
695.62307
695.62301
695.62294
695.62285
695.62275
695.62265
695.6226
695.62267
695.62292
695.62333
695.6238
695.62423
695.62465
695.62503
695.62536
695.6256
695.62576
695.62582
695.62573
695.62549
695.62509
695.62459
695.62433
695.62593
695.64221
695.76076
696.47611
699.94267
712.70841
724.94523
695.62266
695.62267
695.62267
695.62267
695.62268
695.62267
695.62266
695.62265
695.62263
695.6226
695.62256
695.6225
695.62243
695.62234
695.62224
695.62214
695.62208
695.62215
695.62239
695.6228
695.62327
695.62369
695.62409
695.62446
695.62477
695.625
695.62514
695.62519
695.62509
695.62486
695.62447
695.624
695.62377
695.62539
695.64173
695.76041
696.47543
699.93661
712.69999
724.94262
695.62217
695.62217
695.62218
695.62218
695.62218
695.62218
695.62217
695.62216
695.62214
695.62211
695.62206
695.62201
695.62194
695.62184
695.62174
695.62164
695.62158
695.62165
695.62188
695.62229
695.62275
695.62316
695.62355
695.62391
695.62421
695.62442
695.62455
695.62458
695.62449
695.62425
695.62389
695.62344
695.62323
695.62488
695.64127
695.76005
696.47478
699.93115
712.69259
724.94054
695.62169
695.6217
695.62171
695.62171
695.62171
695.6217
695.6217
695.62168
695.62166
695.62163
695.62159
695.62153
695.62146
695.62136
695.62126
695.62115
695.6211
695.62116
695.6214
695.6218
695.62225
695.62266
695.62304
695.62338
695.62366
695.62387
695.62398
695.62401
695.6239
695.62368
695.62333
695.6229
695.62272
695.62438
695.64081
695.7597
696.47416
699.92622
712.68609
724.93894
695.62124
695.62124
695.62125
695.62125
695.62125
695.62125
695.62124
695.62122
695.6212
695.62117
695.62113
695.62107
695.62099
695.6209
695.62079
695.62069
695.62063
695.62069
695.62092
695.62132
695.62176
695.62216
695.62254
695.62287
695.62314
695.62333
695.62344
695.62345
695.62335
695.62313
695.62279
695.62238
695.62222
695.6239
695.64037
695.75935
696.47358
699.92178
712.68042
724.93778
695.62079
695.6208
695.6208
695.62081
695.62081
695.6208
695.6208
695.62078
695.62076
695.62073
695.62069
695.62063
695.62055
695.62046
695.62035
695.62024
695.62018
695.62024
695.62047
695.62086
695.6213
695.62169
695.62205
695.62238
695.62264
695.62281
695.62291
695.62292
695.62281
695.6226
695.62227
695.62188
695.62174
695.62344
695.63994
695.75901
696.47303
699.9178
712.67548
724.93703
695.62037
695.62037
695.62038
695.62038
695.62038
695.62038
695.62037
695.62036
695.62033
695.6203
695.62026
695.6202
695.62012
695.62003
695.61992
695.61981
695.61975
695.6198
695.62003
695.62042
695.62085
695.62124
695.62159
695.6219
695.62215
695.62232
695.62241
695.62241
695.6223
695.62209
695.62178
695.6214
695.62128
695.62299
695.63953
695.75867
696.47251
699.91422
712.67121
724.93668
695.61996
695.61996
695.61997
695.61997
695.61997
695.61997
695.61996
695.61994
695.61992
695.61989
695.61984
695.61979
695.61971
695.61961
695.6195
695.61939
695.61933
695.61938
695.6196
695.61999
695.62042
695.6208
695.62114
695.62145
695.62168
695.62184
695.62192
695.62192
695.62181
695.6216
695.6213
695.62094
695.62083
695.62255
695.63912
695.75833
696.47202
699.91103
712.66754
724.93662
695.61956
695.61957
695.61957
695.61958
695.61958
695.61957
695.61956
695.61955
695.61953
695.61949
695.61945
695.61939
695.61931
695.61921
695.6191
695.61899
695.61893
695.61898
695.6192
695.61957
695.62
695.62037
695.62071
695.62101
695.62123
695.62138
695.62146
695.62145
695.62134
695.62114
695.62084
695.6205
695.6204
695.62214
695.63873
695.75801
696.47156
699.90818
712.66443
724.9369
695.61918
695.61919
695.61919
695.6192
695.61919
695.61919
695.61918
695.61917
695.61914
695.61911
695.61906
695.619
695.61893
695.61883
695.61872
695.61861
695.61854
695.61858
695.6188
695.61918
695.6196
695.61996
695.62029
695.62058
695.6208
695.62094
695.62101
695.62099
695.62089
695.62069
695.62041
695.62007
695.61999
695.62173
695.63835
695.75769
696.47112
699.90565
712.66182
724.93754
695.61881
695.61882
695.61882
695.61883
695.61883
695.61882
695.61881
695.6188
695.61877
695.61874
695.61869
695.61863
695.61856
695.61846
695.61834
695.61823
695.61816
695.61821
695.61842
695.6188
695.61921
695.61957
695.61989
695.62017
695.62038
695.62052
695.62058
695.62056
695.62045
695.62026
695.61998
695.61966
695.61959
695.62134
695.63798
695.75737
696.47071
699.9034
712.65967
724.93846
695.61846
695.61846
695.61847
695.61847
695.61847
695.61846
695.61846
695.61844
695.61842
695.61839
695.61834
695.61828
695.6182
695.6181
695.61798
695.61787
695.6178
695.61784
695.61806
695.61843
695.61884
695.61919
695.6195
695.61978
695.61998
695.62011
695.62016
695.62014
695.62003
695.61985
695.61958
695.61927
695.6192
695.62096
695.63763
695.75706
696.47033
699.90143
712.65794
724.93966
695.61812
695.61812
695.61813
695.61813
695.61813
695.61813
695.61812
695.6181
695.61808
695.61804
695.618
695.61793
695.61785
695.61776
695.61764
695.61753
695.61745
695.61749
695.6177
695.61807
695.61848
695.61883
695.61913
695.6194
695.6196
695.61971
695.61976
695.61974
695.61963
695.61945
695.61919
695.61889
695.61883
695.6206
695.63728
695.75676
696.46998
699.89972
712.6566
724.94114
695.61779
695.61779
695.6178
695.6178
695.6178
695.6178
695.61779
695.61777
695.61775
695.61771
695.61767
695.6176
695.61752
695.61742
695.61731
695.61719
695.61712
695.61716
695.61736
695.61773
695.61813
695.61848
695.61878
695.61904
695.61922
695.61934
695.61938
695.61935
695.61925
695.61907
695.61882
695.61853
695.61847
695.62025
695.63695
695.75647
696.46965
699.89823
712.65563
724.94288
695.61747
695.61748
695.61748
695.61748
695.61748
695.61748
695.61747
695.61745
695.61743
695.6174
695.61735
695.61728
695.6172
695.6171
695.61698
695.61687
695.6168
695.61683
695.61704
695.6174
695.6178
695.61814
695.61843
695.61868
695.61887
695.61897
695.61901
695.61898
695.61888
695.6187
695.61846
695.61817
695.61813
695.61991
695.63662
695.75619
696.46934
699.89696
712.65501
724.94488
695.61717
695.61717
695.61718
695.61718
695.61718
695.61717
695.61716
695.61715
695.61712
695.61709
695.61704
695.61698
695.6169
695.61679
695.61668
695.61656
695.61649
695.61652
695.61672
695.61708
695.61748
695.61781
695.6181
695.61835
695.61852
695.61862
695.61866
695.61863
695.61852
695.61835
695.61811
695.61784
695.6178
695.61959
695.63631
695.75592
696.46906
699.89589
712.65472
724.94714
695.61687
695.61688
695.61688
695.61688
695.61688
695.61688
695.61687
695.61685
695.61683
695.61679
695.61675
695.61668
695.6166
695.6165
695.61638
695.61626
695.61619
695.61622
695.61642
695.61677
695.61717
695.61749
695.61778
695.61802
695.61819
695.61829
695.61832
695.61829
695.61818
695.61801
695.61778
695.61751
695.61748
695.61927
695.63601
695.75565
696.46881
699.89501
712.65471
724.94965
695.61659
695.61659
695.6166
695.6166
695.6166
695.61659
695.61658
695.61657
695.61654
695.61651
695.61646
695.6164
695.61632
695.61621
695.61609
695.61598
695.6159
695.61593
695.61613
695.61648
695.61687
695.61719
695.61747
695.61771
695.61787
695.61796
695.61799
695.61796
695.61786
695.61769
695.61746
695.6172
695.61717
695.61897
695.63571
695.7554
696.46858
699.89429
712.65498
724.95242
695.61631
695.61632
695.61633
695.61633
695.61633
695.61632
695.61631
695.6163
695.61627
695.61624
695.61619
695.61612
695.61604
695.61594
695.61582
695.6157
695.61562
695.61565
695.61585
695.61619
695.61658
695.6169
695.61717
695.61741
695.61756
695.61765
695.61768
695.61764
695.61754
695.61738
695.61715
695.6169
695.61687
695.61868
695.63543
695.75515
696.46838
699.89374
712.65559
724.95544
695.61605
695.61606
695.61607
695.61607
695.61607
695.61606
695.61605
695.61604
695.61601
695.61597
695.61592
695.61586
695.61578
695.61568
695.61556
695.61544
695.61536
695.61538
695.61558
695.61592
695.6163
695.61662
695.61689
695.61712
695.61727
695.61735
695.61737
695.61734
695.61724
695.61708
695.61686
695.61661
695.61659
695.61839
695.63516
695.75491
696.46819
699.89333
712.65644
724.95871
695.6158
695.61581
695.61582
695.61582
695.61581
695.61581
695.6158
695.61578
695.61576
695.61572
695.61567
695.61561
695.61552
695.61542
695.6153
695.61518
695.6151
695.61513
695.61532
695.61566
695.61604
695.61635
695.61662
695.61684
695.61698
695.61706
695.61709
695.61705
695.61695
695.61679
695.61658
695.61633
695.61631
695.61812
695.6349
695.75469
696.46803
699.89306
712.65755
724.96224
695.61556
695.61557
695.61557
695.61557
695.61557
695.61557
695.61556
695.61554
695.61551
695.61548
695.61543
695.61536
695.61528
695.61518
695.61506
695.61494
695.61486
695.61488
695.61507
695.61541
695.61578
695.61609
695.61635
695.61657
695.61671
695.61679
695.61681
695.61677
695.61667
695.61652
695.61631
695.61606
695.61605
695.61786
695.63464
695.75447
696.4679
699.89293
712.65891
724.96604
695.61533
695.61533
695.61534
695.61534
695.61534
695.61533
695.61532
695.61531
695.61528
695.61525
695.6152
695.61513
695.61505
695.61495
695.61482
695.6147
695.61462
695.61464
695.61483
695.61517
695.61554
695.61584
695.6161
695.61631
695.61645
695.61652
695.61654
695.6165
695.6164
695.61625
695.61605
695.6158
695.6158
695.61761
695.6344
695.75426
696.46778
699.89291
712.66053
724.97012
695.61511
695.61511
695.61511
695.61512
695.61512
695.61511
695.6151
695.61508
695.61506
695.61502
695.61497
695.61491
695.61482
695.61472
695.6146
695.61448
695.61439
695.61441
695.6146
695.61494
695.6153
695.61561
695.61586
695.61606
695.6162
695.61627
695.61628
695.61625
695.61615
695.616
695.61579
695.61556
695.61555
695.61737
695.63416
695.75406
696.46769
699.89298
712.66239
724.97447
695.61489
695.6149
695.6149
695.6149
695.6149
695.61489
695.61488
695.61487
695.61484
695.61481
695.61476
695.61469
695.61461
695.61451
695.61438
695.61426
695.61418
695.6142
695.61438
695.61471
695.61508
695.61538
695.61563
695.61583
695.61596
695.61602
695.61604
695.616
695.6159
695.61576
695.61555
695.61532
695.61532
695.61714
695.63394
695.75386
696.46762
699.89319
712.66451
724.97912
695.61469
695.61469
695.6147
695.6147
695.6147
695.61469
695.61468
695.61466
695.61464
695.6146
695.61455
695.61449
695.61441
695.6143
695.61417
695.61405
695.61397
695.61399
695.61417
695.6145
695.61486
695.61516
695.6154
695.6156
695.61573
695.61579
695.6158
695.61576
695.61567
695.61552
695.61532
695.61509
695.61509
695.61692
695.63372
695.75368
696.46757
699.89352
712.66688
724.98408
695.61449
695.6145
695.6145
695.6145
695.6145
695.61449
695.61448
695.61447
695.61444
695.61441
695.61436
695.61429
695.61421
695.6141
695.61398
695.61386
695.61377
695.61379
695.61397
695.6143
695.61466
695.61495
695.61519
695.61538
695.6155
695.61557
695.61558
695.61554
695.61544
695.6153
695.6151
695.61488
695.61488
695.6167
695.63351
695.75351
696.46754
699.89395
712.6695
724.98936
695.6143
695.61431
695.61431
695.61431
695.61431
695.6143
695.61429
695.61428
695.61425
695.61422
695.61417
695.6141
695.61402
695.61391
695.61379
695.61367
695.61358
695.6136
695.61378
695.6141
695.61446
695.61475
695.61498
695.61517
695.61529
695.61535
695.61536
695.61532
695.61523
695.61508
695.61489
695.61467
695.61467
695.6165
695.63331
695.75335
696.46754
699.89448
712.67238
724.99499
695.61412
695.61413
695.61413
695.61413
695.61413
695.61412
695.61411
695.6141
695.61407
695.61404
695.61399
695.61392
695.61384
695.61373
695.6136
695.61349
695.6134
695.61341
695.61359
695.61392
695.61427
695.61455
695.61478
695.61497
695.61509
695.61514
695.61515
695.61511
695.61502
695.61488
695.61469
695.61447
695.61447
695.6163
695.63312
695.75319
696.46757
699.89512
712.67553
725.00097
695.61395
695.61396
695.61396
695.61396
695.61396
695.61395
695.61394
695.61393
695.6139
695.61387
695.61381
695.61375
695.61366
695.61356
695.61343
695.61331
695.61323
695.61324
695.61341
695.61374
695.61409
695.61437
695.6146
695.61478
695.61489
695.61495
695.61495
695.61491
695.61482
695.61468
695.6145
695.61427
695.61428
695.61611
695.63294
695.75305
696.46761
699.89587
712.67895
725.00734
695.61379
695.61379
695.6138
695.6138
695.61379
695.61379
695.61378
695.61376
695.61373
695.6137
695.61365
695.61358
695.6135
695.61339
695.61327
695.61315
695.61306
695.61307
695.61325
695.61357
695.61391
695.61419
695.61442
695.61459
695.61471
695.61476
695.61476
695.61472
695.61463
695.61449
695.61431
695.61409
695.6141
695.61593
695.63277
695.75292
696.46769
699.89673
712.68266
725.01412
695.61363
695.61364
695.61364
695.61364
695.61364
695.61363
695.61362
695.6136
695.61358
695.61354
695.61349
695.61343
695.61334
695.61323
695.61311
695.61299
695.6129
695.61291
695.61308
695.61341
695.61375
695.61402
695.61424
695.61442
695.61453
695.61458
695.61458
695.61454
695.61445
695.61431
695.61413
695.61392
695.61393
695.61576
695.6326
695.75279
696.46779
699.8977
712.68666
725.02135
695.61348
695.61349
695.61349
695.61349
695.61349
695.61348
695.61347
695.61345
695.61343
695.61339
695.61334
695.61328
695.61319
695.61308
695.61296
695.61283
695.61275
695.61276
695.61293
695.61325
695.61359
695.61386
695.61408
695.61425
695.61436
695.61441
695.61441
695.61437
695.61428
695.61414
695.61396
695.61375
695.61376
695.6156
695.63244
695.75268
696.46792
699.89878
712.69097
725.02906
695.61334
695.61334
695.61335
695.61335
695.61334
695.61334
695.61333
695.61331
695.61328
695.61325
695.6132
695.61313
695.61304
695.61294
695.61282
695.61269
695.6126
695.61262
695.61279
695.6131
695.61344
695.61371
695.61392
695.61409
695.61419
695.61424
695.61424
695.61421
695.61412
695.61398
695.6138
695.61359
695.61361
695.61544
695.63229
695.75258
696.46809
699.89999
712.69562
725.03728
695.6132
695.61321
695.61321
695.61321
695.61321
695.6132
695.61319
695.61317
695.61315
695.61311
695.61306
695.613
695.61291
695.6128
695.61268
695.61255
695.61247
695.61248
695.61265
695.61296
695.61329
695.61356
695.61377
695.61394
695.61404
695.61409
695.61409
695.61405
695.61396
695.61383
695.61365
695.61344
695.61346
695.61529
695.63215
695.75249
696.46828
699.90132
712.70061
725.04608
695.61307
695.61308
695.61308
695.61308
695.61308
695.61307
695.61306
695.61305
695.61302
695.61298
695.61293
695.61287
695.61278
695.61267
695.61255
695.61243
695.61234
695.61235
695.61252
695.61283
695.61316
695.61343
695.61363
695.61379
695.61389
695.61394
695.61394
695.6139
695.61381
695.61368
695.6135
695.6133
695.61331
695.61515
695.63201
695.75241
696.46851
699.90278
712.70597
725.0555
695.61295
695.61296
695.61296
695.61296
695.61296
695.61295
695.61294
695.61292
695.6129
695.61286
695.61281
695.61275
695.61266
695.61255
695.61243
695.6123
695.61222
695.61223
695.6124
695.6127
695.61303
695.61329
695.6135
695.61366
695.61375
695.61379
695.6138
695.61376
695.61367
695.61354
695.61337
695.61316
695.61318
695.61502
695.63189
695.75234
696.46878
699.90439
712.71174
725.06561
695.61284
695.61285
695.61285
695.61285
695.61284
695.61284
695.61282
695.61281
695.61278
695.61275
695.6127
695.61263
695.61254
695.61244
695.61232
695.61219
695.6121
695.61211
695.61228
695.61259
695.61291
695.61317
695.61337
695.61353
695.61362
695.61366
695.61366
695.61362
695.61354
695.6134
695.61323
695.61303
695.61305
695.61489
695.63177
695.75228
696.46908
699.90614
712.71795
725.0765
695.61273
695.61274
695.61274
695.61274
695.61274
695.61273
695.61272
695.6127
695.61267
695.61264
695.61259
695.61252
695.61244
695.61233
695.61221
695.61208
695.61199
695.612
695.61217
695.61247
695.6128
695.61305
695.61325
695.6134
695.6135
695.61354
695.61353
695.6135
695.61341
695.61328
695.61311
695.61291
695.61293
695.61477
695.63166
695.75224
696.46943
699.90806
712.72462
725.08825
695.61263
695.61263
695.61264
695.61264
695.61264
695.61263
695.61261
695.6126
695.61257
695.61254
695.61249
695.61242
695.61233
695.61223
695.61211
695.61198
695.61189
695.6119
695.61207
695.61237
695.61269
695.61294
695.61314
695.61329
695.61338
695.61342
695.61342
695.61338
695.61329
695.61316
695.61299
695.61279
695.61281
695.61466
695.63156
695.75221
696.46982
699.91014
712.73182
725.10098
695.61254
695.61254
695.61255
695.61255
695.61254
695.61253
695.61252
695.61251
695.61248
695.61244
695.61239
695.61232
695.61224
695.61214
695.61201
695.61189
695.6118
695.61181
695.61197
695.61227
695.61259
695.61284
695.61303
695.61318
695.61327
695.61331
695.61331
695.61327
695.61318
695.61305
695.61288
695.61268
695.6127
695.61455
695.63146
695.7522
696.47025
699.91241
712.73957
725.11483
695.61245
695.61245
695.61246
695.61246
695.61245
695.61245
695.61243
695.61242
695.61239
695.61235
695.6123
695.61224
695.61215
695.61205
695.61192
695.6118
695.61171
695.61172
695.61188
695.61218
695.6125
695.61274
695.61293
695.61308
695.61317
695.6132
695.6132
695.61316
695.61308
695.61295
695.61278
695.61258
695.6126
695.61445
695.63137
695.7522
696.47074
699.91489
712.74794
725.12999
695.61237
695.61237
695.61238
695.61238
695.61237
695.61237
695.61235
695.61234
695.61231
695.61227
695.61222
695.61216
695.61207
695.61197
695.61184
695.61172
695.61163
695.61164
695.6118
695.6121
695.61241
695.61266
695.61284
695.61299
695.61307
695.61311
695.6131
695.61306
695.61298
695.61285
695.61268
695.61249
695.61251
695.61436
695.63129
695.75221
696.47128
699.91758
712.75697
725.14668
695.61229
695.61229
695.6123
695.6123
695.6123
695.61229
695.61227
695.61226
695.61223
695.6122
695.61215
695.61208
695.612
695.61189
695.61177
695.61164
695.61155
695.61156
695.61172
695.61202
695.61233
695.61257
695.61276
695.6129
695.61298
695.61302
695.61301
695.61297
695.61289
695.61276
695.61259
695.6124
695.61242
695.61427
695.63122
695.75224
696.47188
699.92052
712.76674
725.16518
695.61222
695.61223
695.61223
695.61223
695.61223
695.61222
695.61221
695.61219
695.61216
695.61213
695.61208
695.61201
695.61193
695.61182
695.6117
695.61157
695.61148
695.61149
695.61166
695.61195
695.61226
695.6125
695.61268
695.61282
695.6129
695.61293
695.61293
695.61289
695.6128
695.61268
695.61251
695.61232
695.61234
695.6142
695.63116
695.75228
696.47255
699.92374
712.77733
725.18589
695.61216
695.61216
695.61217
695.61217
695.61216
695.61216
695.61214
695.61213
695.6121
695.61206
695.61201
695.61195
695.61186
695.61176
695.61163
695.61151
695.61142
695.61143
695.61159
695.61189
695.61219
695.61243
695.61261
695.61274
695.61282
695.61286
695.61285
695.61281
695.61273
695.6126
695.61244
695.61225
695.61227
695.61413
695.6311
695.75235
696.4733
699.92726
712.78881
725.20929
695.61211
695.61211
695.61211
695.61211
695.61211
695.6121
695.61209
695.61207
695.61205
695.61201
695.61196
695.61189
695.61181
695.6117
695.61158
695.61145
695.61136
695.61138
695.61154
695.61183
695.61213
695.61237
695.61254
695.61268
695.61275
695.61279
695.61278
695.61274
695.61266
695.61253
695.61237
695.61218
695.61221
695.61406
695.63106
695.75243
696.47412
699.93111
712.80129
725.23602
695.61206
695.61206
695.61206
695.61206
695.61206
695.61205
695.61204
695.61202
695.612
695.61196
695.61191
695.61184
695.61176
695.61165
695.61153
695.6114
695.61132
695.61133
695.61149
695.61178
695.61208
695.61231
695.61248
695.61261
695.61269
695.61273
695.61272
695.61267
695.61259
695.61247
695.61231
695.61212
695.61215
695.61401
695.63102
695.75254
696.47503
699.93533
712.81489
725.26696
695.61201
695.61201
695.61202
695.61202
695.61202
695.61201
695.612
695.61198
695.61195
695.61192
695.61186
695.6118
695.61172
695.61161
695.61148
695.61136
695.61127
695.61129
695.61144
695.61173
695.61203
695.61226
695.61243
695.61256
695.61264
695.61267
695.61266
695.61262
695.61254
695.61241
695.61225
695.61207
695.61209
695.61396
695.63099
695.75266
696.47604
699.93996
712.82972
725.30326
695.61197
695.61198
695.61198
695.61198
695.61198
695.61197
695.61196
695.61194
695.61191
695.61188
695.61183
695.61176
695.61168
695.61157
695.61145
695.61133
695.61124
695.61125
695.61141
695.61169
695.61199
695.61222
695.61239
695.61251
695.61259
695.61262
695.61261
695.61257
695.61249
695.61236
695.6122
695.61202
695.61205
695.61391
695.63097
695.75281
696.47715
699.94506
712.84594
725.34649
695.61194
695.61194
695.61195
695.61195
695.61194
695.61194
695.61192
695.6119
695.61188
695.61185
695.61179
695.61173
695.61164
695.61154
695.61141
695.61129
695.61121
695.61122
695.61137
695.61166
695.61195
695.61218
695.61234
695.61247
695.61254
695.61258
695.61257
695.61252
695.61244
695.61232
695.61216
695.61198
695.61201
695.61388
695.63096
695.75299
696.47839
699.95069
712.86372
725.39874
695.61191
695.61192
695.61192
695.61192
695.61191
695.61191
695.6119
695.61188
695.61185
695.61182
695.61177
695.6117
695.61162
695.61151
695.61139
695.61127
695.61118
695.61119
695.61135
695.61163
695.61192
695.61215
695.61231
695.61243
695.61251
695.61254
695.61253
695.61248
695.6124
695.61228
695.61212
695.61194
695.61198
695.61385
695.63096
695.75319
696.47975
699.9569
712.88325
725.46288
695.61189
695.61189
695.6119
695.6119
695.61189
695.61189
695.61187
695.61185
695.61183
695.61179
695.61174
695.61168
695.61159
695.61149
695.61137
695.61124
695.61116
695.61117
695.61133
695.61161
695.6119
695.61212
695.61228
695.6124
695.61247
695.61251
695.6125
695.61245
695.61237
695.61225
695.61209
695.61192
695.61195
695.61382
695.63097
695.75342
696.48127
699.9638
712.90475
725.5428
695.61187
695.61188
695.61188
695.61188
695.61187
695.61187
695.61186
695.61184
695.61181
695.61177
695.61173
695.61166
695.61158
695.61147
695.61135
695.61123
695.61114
695.61115
695.61131
695.61159
695.61188
695.6121
695.61226
695.61238
695.61245
695.61248
695.61247
695.61242
695.61234
695.61223
695.61207
695.61189
695.61192
695.6138
695.63098
695.75368
696.48296
699.97148
712.92849
725.64382
695.61186
695.61187
695.61187
695.61187
695.61186
695.61186
695.61185
695.61183
695.6118
695.61176
695.61172
695.61165
695.61157
695.61146
695.61134
695.61122
695.61114
695.61115
695.6113
695.61158
695.61187
695.61208
695.61224
695.61236
695.61243
695.61246
695.61245
695.6124
695.61232
695.61221
695.61205
695.61187
695.61191
695.61379
695.63101
695.75398
696.48484
699.98005
712.95477
725.77318
695.61188
695.61189
695.61189
695.6119
695.61189
695.61188
695.61187
695.61185
695.61182
695.61178
695.61174
695.61167
695.61159
695.61148
695.61136
695.61124
695.61115
695.61117
695.61132
695.6116
695.61188
695.61209
695.61225
695.61236
695.61243
695.61246
695.61245
695.6124
695.61233
695.61221
695.61206
695.61188
695.61191
695.6138
695.63106
695.75432
696.48695
699.98967
712.98395
725.94078
695.61198
695.61199
695.61199
695.61199
695.61198
695.61198
695.61196
695.61194
695.61192
695.61188
695.61183
695.61176
695.61168
695.61157
695.61145
695.61132
695.61124
695.61125
695.6114
695.61168
695.61195
695.61216
695.61231
695.61243
695.61249
695.61252
695.61251
695.61246
695.61238
695.61226
695.61211
695.61193
695.61197
695.61387
695.63117
695.75475
696.48934
700.00053
713.01652
726.1601
695.61233
695.61234
695.61234
695.61234
695.61233
695.61232
695.6123
695.61228
695.61226
695.61221
695.61216
695.61209
695.612
695.61189
695.61176
695.61163
695.61154
695.61155
695.61169
695.61196
695.61223
695.61242
695.61257
695.61267
695.61273
695.61275
695.61273
695.61268
695.6126
695.61248
695.61233
695.61216
695.6122
695.61411
695.63146
695.75539
696.49216
700.01292
713.05328
726.44949
695.61346
695.61347
695.61347
695.61347
695.61345
695.61344
695.61342
695.61339
695.61336
695.61331
695.61324
695.61316
695.61306
695.61294
695.6128
695.61265
695.61254
695.61253
695.61265
695.61289
695.61314
695.61331
695.61342
695.6135
695.61354
695.61354
695.61351
695.61344
695.61335
695.61323
695.61308
695.61292
695.61297
695.61491
695.63234
695.7567
696.49582
700.02744
713.09578
726.83371
695.61696
695.61697
695.61697
695.61696
695.61694
695.61691
695.61687
695.61683
695.61677
695.6167
695.61661
695.6165
695.61637
695.6162
695.61602
695.61583
695.61566
695.61559
695.61566
695.61583
695.61601
695.61611
695.61615
695.61617
695.61614
695.61609
695.616
695.61589
695.61578
695.61566
695.61551
695.61537
695.61546
695.61745
695.63502
695.75994
696.50173
700.04561
713.14765
727.34602
695.62737
695.62739
695.62738
695.62735
695.6273
695.62725
695.62717
695.62708
695.62697
695.62683
695.62667
695.62648
695.62625
695.62598
695.62568
695.62536
695.62506
695.62483
695.62473
695.62473
695.62472
695.62463
695.62449
695.62432
695.62412
695.62391
695.62369
695.62348
695.6233
695.62315
695.62302
695.62292
695.6231
695.62525
695.64309
695.76884
696.5141
700.07181
713.21785
728.03037
695.65717
695.65722
695.65719
695.65711
695.65701
695.65687
695.65669
695.65648
695.65623
695.65593
695.65558
695.65518
695.65471
695.65417
695.65356
695.65291
695.65224
695.65162
695.65108
695.65063
695.65014
695.64956
695.64892
695.64827
695.64762
695.647
695.64644
695.64595
695.64559
695.64536
695.64526
695.6453
695.64572
695.64827
695.66673
695.7939
696.54377
700.11858
713.32825
728.94342
695.73896
695.73908
695.73901
695.73881
695.73855
695.73822
695.7378
695.7373
695.7367
695.73601
695.7352
695.73427
695.73321
695.73202
695.73067
695.7292
695.72763
695.72603
695.72444
695.72286
695.72119
695.7194
695.71754
695.7157
695.71392
695.71228
695.71085
695.70969
695.70888
695.70845
695.70843
695.70879
695.70981
695.71337
695.7333
695.8633
696.61993
700.21809
713.52928
730.15496
695.95259
695.95291
695.95276
695.9523
695.95168
695.95089
695.94992
695.94875
695.94737
695.94577
695.94392
695.9418
695.93939
695.93667
695.93363
695.93028
695.92664
695.92279
695.91876
695.91459
695.9102
695.9056
695.90092
695.8963
695.8919
695.88787
695.88441
695.88167
695.87981
695.87891
695.87906
695.8802
695.88265
695.88858
695.91191
696.04795
696.81566
700.44608
713.92913
731.7434
696.47896
696.47978
696.47948
696.47843
696.47706
696.4753
696.47316
696.47058
696.46755
696.46403
696.45996
696.45532
696.45004
696.44411
696.43747
696.43013
696.4221
696.41344
696.40423
696.39452
696.38431
696.37372
696.36298
696.3524
696.34234
696.33318
696.32533
696.31915
696.31501
696.31309
696.31362
696.31644
696.32205
696.33325
696.36399
696.51292
697.30014
700.97666
714.73916
733.77819
697.68672
697.68864
697.68811
697.68592
697.68309
697.67947
697.67506
697.66977
697.66355
697.65632
697.648
697.63849
697.62771
697.61558
697.60201
697.58697
697.57046
697.55253
697.5333
697.51289
697.49142
697.46919
697.44668
697.4245
697.40341
697.38422
697.36778
697.35486
697.34625
697.3423
697.34361
697.34976
697.36168
697.38354
697.42917
697.60407
698.42603
702.16822
716.34862
736.27395
700.21808
700.22212
700.22128
700.21713
700.21181
700.20499
700.19672
700.18681
700.17516
700.16163
700.14606
700.12828
700.10815
700.08549
700.06017
700.03208
700.00119
699.96755
699.93132
699.89272
699.8521
699.81006
699.7675
699.72551
699.68554
699.64915
699.61792
699.59337
699.57701
699.56953
699.5722
699.58415
699.60727
699.6484
699.7206
699.94294
700.82284
704.65074
719.33461
739.08017
704.84014
704.84746
704.84641
704.83962
704.83099
704.81994
704.80656
704.79056
704.77177
704.74995
704.72489
704.69633
704.664
704.62767
704.58709
704.5421
704.49262
704.4387
704.38053
704.31846
704.25313
704.18552
704.11699
704.0493
703.98476
703.92588
703.87523
703.83531
703.80864
703.79637
703.80086
703.82071
703.85946
703.92845
704.03859
704.33109
705.28688
709.1804
724.1871
741.5816
711.45153
711.46251
711.46155
711.45238
711.44079
711.42597
711.40807
711.38672
711.36171
711.33275
711.29956
711.26184
711.21926
711.17154
711.11839
711.05961
710.9951
710.92491
710.84928
710.76867
710.68392
710.5963
710.50752
710.41977
710.33603
710.2595
710.19349
710.14125
710.10621
710.08997
710.09613
710.12299
710.17655
710.27331
710.42152
710.78652
711.80215
715.65087
730.32741
742.3146
717.07348
717.08649
717.08608
717.07634
717.06409
717.04844
717.02964
717.00733
716.98132
716.95138
716.91727
716.87875
716.83557
716.7875
716.73434
716.67597
716.61237
716.54366
716.4701
716.39217
716.31065
716.22671
716.14194
716.05834
715.97852
715.90541
715.84205
715.79145
715.75703
715.74061
715.74663
715.77395
715.83152
715.93835
716.10303
716.49869
717.49615
721.05886
733.99474
738.65007
713.47611
713.48783
713.48818
713.48044
713.47069
713.45827
713.4435
713.42615
713.40615
713.38342
713.35789
713.3295
713.2982
713.26399
713.22687
713.18693
713.14432
713.09933
713.05228
713.00351
712.95338
712.90251
712.85188
712.80256
712.75548
712.71208
712.67394
712.64253
712.61997
712.60781
712.61059
712.62835
712.67297
712.7593
712.90379
713.2514
714.11582
717.12592
727.04969
724.66606
686.49659
686.50388
686.50485
686.50087
686.49583
686.48945
686.48207
686.47368
686.46436
686.45423
686.44344
686.43218
686.42065
686.40913
686.39788
686.38725
686.37765
686.36957
686.36344
686.35936
686.35691
686.35598
686.35687
686.35919
686.36136
686.36266
686.36255
686.36006
686.35507
686.34855
686.34445
686.3438
686.36137
686.39969
686.49205
686.71245
687.32275
689.46754
695.25758
688.58271
609.72017
609.72216
609.72291
609.72222
609.72126
609.72011
609.71894
609.71784
609.71692
609.71635
609.71631
609.717
609.71866
609.72156
609.726
609.73227
609.74076
609.75191
609.76611
609.78323
609.8025
609.82356
609.8466
609.87068
609.89348
609.91369
609.93012
609.94096
609.94499
609.94261
609.93603
609.92563
609.9233
609.92032
609.9526
610.01754
610.27407
611.21145
612.9942
607.29253
)
;

boundaryField
{
    piston
    {
        type            fixedValue;
        value           uniform 485.2;
    }
    cylinderHead
    {
        type            fixedValue;
        value           uniform 525.2;
    }
    cylinderWall
    {
        type            fixedValue;
        value           uniform 430.1;
    }
    wedgeFront
    {
        type            wedge;
    }
    wedgeBack
    {
        type            wedge;
    }
    axis
    {
        type            empty;
    }
}


// ************************************************************************* //
