/*--------------------------------*- C++ -*----------------------------------*\
  =========                 |
  \\      /  F ield         | OpenFOAM: The Open Source CFD Toolbox
   \\    /   O peration     | Website:  https://openfoam.org
    \\  /    A nd           | Version:  13
     \\/     M anipulation  |
\*---------------------------------------------------------------------------*/
FoamFile
{
    format      ascii;
    class       volScalarField;
    location    "31";
    object      p;
}
// * * * * * * * * * * * * * * * * * * * * * * * * * * * * * * * * * * * * * //

dimensions      [1 -1 -2 0 0 0 0];

internalField   nonuniform List<scalar> 
4800
(
6081321.9
6081321.9
6081321.9
6081321.9
6081321.9
6081321.9
6081321.9
6081321.9
6081321.9
6081322
6081322
6081322
6081322
6081322.1
6081322.1
6081322.1
6081322.2
6081322.2
6081322.3
6081322.3
6081322.4
6081322.4
6081322.3
6081322.2
6081322
6081321.6
6081321.2
6081321
6081320.7
6081320.8
6081320.9
6081320.9
6081320.9
6081320.8
6081320.7
6081320.7
6081320.7
6081320.6
6081320.7
6081320.6
6081322.1
6081322.1
6081322.1
6081322.1
6081322.1
6081322.1
6081322.1
6081322.1
6081322.1
6081322.2
6081322.2
6081322.2
6081322.2
6081322.3
6081322.3
6081322.3
6081322.4
6081322.4
6081322.5
6081322.5
6081322.6
6081322.6
6081322.5
6081322.4
6081322.2
6081321.9
6081321.5
6081321.4
6081321
6081321
6081321.1
6081321.1
6081321.1
6081321
6081320.9
6081320.9
6081320.9
6081320.8
6081320.9
6081320.8
6081322.3
6081322.3
6081322.3
6081322.3
6081322.3
6081322.3
6081322.4
6081322.4
6081322.4
6081322.4
6081322.4
6081322.5
6081322.5
6081322.5
6081322.6
6081322.6
6081322.7
6081322.7
6081322.8
6081322.8
6081322.8
6081322.8
6081322.8
6081322.7
6081322.5
6081322.2
6081322
6081321.8
6081321.3
6081321.2
6081321.3
6081321.4
6081321.3
6081321.2
6081321.2
6081321.1
6081321.1
6081321.1
6081321.2
6081321.1
6081322.6
6081322.6
6081322.7
6081322.7
6081322.7
6081322.7
6081322.7
6081322.7
6081322.7
6081322.7
6081322.8
6081322.8
6081322.8
6081322.9
6081322.9
6081322.9
6081323
6081323
6081323.1
6081323.1
6081323.2
6081323.2
6081323.1
6081323
6081322.8
6081322.6
6081322.3
6081322.1
6081321.7
6081321.5
6081321.6
6081321.7
6081321.6
6081321.6
6081321.5
6081321.5
6081321.4
6081321.4
6081321.5
6081321.4
6081322.9
6081322.9
6081322.9
6081322.9
6081323
6081323
6081323
6081323
6081323
6081323
6081323
6081323.1
6081323.1
6081323.1
6081323.2
6081323.2
6081323.3
6081323.3
6081323.4
6081323.4
6081323.5
6081323.5
6081323.4
6081323.3
6081323.1
6081322.9
6081322.6
6081322.3
6081321.9
6081321.8
6081321.9
6081321.9
6081321.9
6081321.8
6081321.8
6081321.7
6081321.7
6081321.7
6081321.7
6081321.7
6081323.2
6081323.2
6081323.2
6081323.2
6081323.2
6081323.2
6081323.2
6081323.2
6081323.3
6081323.3
6081323.3
6081323.3
6081323.4
6081323.4
6081323.4
6081323.5
6081323.5
6081323.6
6081323.6
6081323.7
6081323.7
6081323.7
6081323.7
6081323.6
6081323.4
6081323.2
6081322.9
6081322.5
6081322.1
6081322
6081322.1
6081322.2
6081322.2
6081322.1
6081322
6081322
6081322
6081322
6081322
6081322
6081323.4
6081323.4
6081323.5
6081323.5
6081323.5
6081323.5
6081323.5
6081323.5
6081323.5
6081323.5
6081323.6
6081323.6
6081323.6
6081323.7
6081323.7
6081323.7
6081323.8
6081323.8
6081323.9
6081323.9
6081324
6081324
6081323.9
6081323.8
6081323.7
6081323.4
6081323.1
6081322.7
6081322.3
6081322.3
6081322.4
6081322.4
6081322.4
6081322.4
6081322.3
6081322.2
6081322.2
6081322.2
6081322.3
6081322.2
6081323.7
6081323.7
6081323.7
6081323.7
6081323.7
6081323.7
6081323.7
6081323.8
6081323.8
6081323.8
6081323.8
6081323.8
6081323.9
6081323.9
6081323.9
6081324
6081324
6081324.1
6081324.1
6081324.2
6081324.2
6081324.2
6081324.2
6081324.1
6081323.9
6081323.7
6081323.3
6081322.8
6081322.5
6081322.5
6081322.6
6081322.7
6081322.6
6081322.6
6081322.5
6081322.5
6081322.5
6081322.5
6081322.5
6081322.5
6081323.9
6081323.9
6081324
6081324
6081324
6081324
6081324
6081324
6081324
6081324
6081324.1
6081324.1
6081324.1
6081324.1
6081324.2
6081324.2
6081324.3
6081324.3
6081324.4
6081324.4
6081324.5
6081324.5
6081324.5
6081324.3
6081324.2
6081323.9
6081323.5
6081323
6081322.7
6081322.7
6081322.8
6081322.9
6081322.9
6081322.8
6081322.8
6081322.7
6081322.7
6081322.7
6081322.8
6081322.7
6081324.2
6081324.2
6081324.2
6081324.2
6081324.2
6081324.2
6081324.2
6081324.2
6081324.3
6081324.3
6081324.3
6081324.3
6081324.4
6081324.4
6081324.4
6081324.5
6081324.5
6081324.5
6081324.6
6081324.6
6081324.7
6081324.7
6081324.7
6081324.6
6081324.4
6081324.1
6081323.6
6081323.2
6081322.9
6081322.9
6081323
6081323.1
6081323.1
6081323.1
6081323
6081323
6081323
6081323
6081323
6081323
6081324.4
6081324.4
6081324.4
6081324.4
6081324.4
6081324.5
6081324.5
6081324.5
6081324.5
6081324.5
6081324.5
6081324.6
6081324.6
6081324.6
6081324.7
6081324.7
6081324.7
6081324.8
6081324.8
6081324.9
6081324.9
6081325
6081324.9
6081324.8
6081324.6
6081324.3
6081323.8
6081323.4
6081323.1
6081323.1
6081323.3
6081323.4
6081323.4
6081323.3
6081323.3
6081323.2
6081323.2
6081323.2
6081323.3
6081323.2
6081324.7
6081324.7
6081324.7
6081324.7
6081324.7
6081324.7
6081324.7
6081324.7
6081324.7
6081324.7
6081324.8
6081324.8
6081324.8
6081324.9
6081324.9
6081324.9
6081325
6081325
6081325.1
6081325.1
6081325.1
6081325.2
6081325.2
6081325
6081324.8
6081324.5
6081324
6081323.5
6081323.3
6081323.3
6081323.5
6081323.6
6081323.6
6081323.6
6081323.5
6081323.5
6081323.5
6081323.5
6081323.5
6081323.5
6081324.9
6081324.9
6081324.9
6081324.9
6081324.9
6081324.9
6081324.9
6081324.9
6081325
6081325
6081325
6081325
6081325.1
6081325.1
6081325.1
6081325.1
6081325.2
6081325.2
6081325.3
6081325.3
6081325.4
6081325.4
6081325.4
6081325.2
6081325
6081324.7
6081324.2
6081323.7
6081323.5
6081323.5
6081323.7
6081323.8
6081323.8
6081323.8
6081323.8
6081323.7
6081323.7
6081323.7
6081323.8
6081323.7
6081325.1
6081325.1
6081325.1
6081325.1
6081325.1
6081325.2
6081325.2
6081325.2
6081325.2
6081325.2
6081325.2
6081325.3
6081325.3
6081325.3
6081325.3
6081325.4
6081325.4
6081325.5
6081325.5
6081325.5
6081325.6
6081325.6
6081325.6
6081325.4
6081325.2
6081324.8
6081324.3
6081323.9
6081323.7
6081323.7
6081323.9
6081324
6081324.1
6081324
6081324
6081324
6081324
6081324
6081324
6081324
6081325.4
6081325.4
6081325.4
6081325.4
6081325.4
6081325.4
6081325.4
6081325.4
6081325.4
6081325.4
6081325.5
6081325.5
6081325.5
6081325.5
6081325.6
6081325.6
6081325.6
6081325.7
6081325.7
6081325.7
6081325.8
6081325.8
6081325.8
6081325.6
6081325.4
6081325
6081324.5
6081324.1
6081323.9
6081323.9
6081324.1
6081324.3
6081324.3
6081324.3
6081324.2
6081324.2
6081324.2
6081324.2
6081324.3
6081324.2
6081325.6
6081325.6
6081325.6
6081325.6
6081325.6
6081325.6
6081325.6
6081325.6
6081325.6
6081325.7
6081325.7
6081325.7
6081325.7
6081325.8
6081325.8
6081325.8
6081325.8
6081325.9
6081325.9
6081326
6081326
6081326
6081326
6081325.8
6081325.6
6081325.2
6081324.7
6081324.2
6081324.1
6081324.1
6081324.3
6081324.5
6081324.5
6081324.5
6081324.5
6081324.5
6081324.5
6081324.5
6081324.5
6081324.5
6081325.8
6081325.8
6081325.8
6081325.8
6081325.8
6081325.8
6081325.8
6081325.9
6081325.9
6081325.9
6081325.9
6081325.9
6081326
6081326
6081326
6081326
6081326.1
6081326.1
6081326.1
6081326.2
6081326.2
6081326.2
6081326.2
6081326
6081325.8
6081325.3
6081324.8
6081324.4
6081324.3
6081324.3
6081324.6
6081324.7
6081324.8
6081324.8
6081324.7
6081324.7
6081324.7
6081324.7
6081324.7
6081324.7
6081326
6081326
6081326
6081326
6081326
6081326.1
6081326.1
6081326.1
6081326.1
6081326.1
6081326.1
6081326.1
6081326.2
6081326.2
6081326.2
6081326.2
6081326.3
6081326.3
6081326.3
6081326.4
6081326.4
6081326.4
6081326.4
6081326.2
6081325.9
6081325.5
6081325
6081324.6
6081324.4
6081324.5
6081324.8
6081325
6081325
6081325
6081325
6081325
6081325
6081325
6081325
6081325
6081326.2
6081326.3
6081326.3
6081326.3
6081326.3
6081326.3
6081326.3
6081326.3
6081326.3
6081326.3
6081326.3
6081326.4
6081326.4
6081326.4
6081326.4
6081326.5
6081326.5
6081326.5
6081326.5
6081326.6
6081326.6
6081326.6
6081326.5
6081326.4
6081326.1
6081325.7
6081325.2
6081324.8
6081324.7
6081324.7
6081325
6081325.2
6081325.2
6081325.2
6081325.2
6081325.2
6081325.2
6081325.2
6081325.2
6081325.2
6081326.5
6081326.5
6081326.5
6081326.5
6081326.5
6081326.5
6081326.5
6081326.5
6081326.5
6081326.5
6081326.6
6081326.6
6081326.6
6081326.6
6081326.6
6081326.7
6081326.7
6081326.7
6081326.7
6081326.8
6081326.8
6081326.8
6081326.7
6081326.5
6081326.3
6081325.9
6081325.4
6081325
6081324.9
6081325
6081325.2
6081325.4
6081325.5
6081325.5
6081325.5
6081325.5
6081325.5
6081325.5
6081325.5
6081325.5
6081326.7
6081326.7
6081326.7
6081326.7
6081326.7
6081326.7
6081326.7
6081326.7
6081326.7
6081326.8
6081326.8
6081326.8
6081326.8
6081326.8
6081326.8
6081326.9
6081326.9
6081326.9
6081326.9
6081326.9
6081326.9
6081326.9
6081326.9
6081326.7
6081326.4
6081326
6081325.6
6081325.2
6081325.1
6081325.2
6081325.4
6081325.6
6081325.7
6081325.7
6081325.7
6081325.7
6081325.7
6081325.7
6081325.7
6081325.7
6081326.9
6081326.9
6081326.9
6081326.9
6081326.9
6081326.9
6081326.9
6081326.9
6081326.9
6081327
6081327
6081327
6081327
6081327
6081327.1
6081327.1
6081327.1
6081327.1
6081327.1
6081327.1
6081327.1
6081327.1
6081327
6081326.9
6081326.6
6081326.2
6081325.8
6081325.4
6081325.3
6081325.4
6081325.7
6081325.9
6081325.9
6081325.9
6081325.9
6081325.9
6081325.9
6081326
6081326
6081326
6081327.1
6081327.1
6081327.1
6081327.1
6081327.1
6081327.1
6081327.1
6081327.1
6081327.2
6081327.2
6081327.2
6081327.2
6081327.2
6081327.2
6081327.3
6081327.3
6081327.3
6081327.3
6081327.3
6081327.3
6081327.3
6081327.3
6081327.2
6081327
6081326.8
6081326.4
6081326
6081325.6
6081325.5
6081325.6
6081325.9
6081326.1
6081326.1
6081326.2
6081326.2
6081326.2
6081326.2
6081326.2
6081326.2
6081326.2
6081327.3
6081327.3
6081327.3
6081327.3
6081327.3
6081327.3
6081327.4
6081327.4
6081327.4
6081327.4
6081327.4
6081327.4
6081327.4
6081327.4
6081327.5
6081327.5
6081327.5
6081327.5
6081327.5
6081327.5
6081327.5
6081327.4
6081327.4
6081327.2
6081326.9
6081326.6
6081326.1
6081325.8
6081325.7
6081325.9
6081326.1
6081326.3
6081326.4
6081326.4
6081326.4
6081326.4
6081326.4
6081326.4
6081326.4
6081326.5
6081327.5
6081327.5
6081327.5
6081327.5
6081327.5
6081327.5
6081327.6
6081327.6
6081327.6
6081327.6
6081327.6
6081327.6
6081327.6
6081327.6
6081327.7
6081327.7
6081327.7
6081327.7
6081327.7
6081327.7
6081327.7
6081327.6
6081327.5
6081327.4
6081327.1
6081326.7
6081326.3
6081326.1
6081326
6081326.1
6081326.4
6081326.6
6081326.6
6081326.6
6081326.6
6081326.6
6081326.6
6081326.7
6081326.7
6081326.7
6081327.7
6081327.7
6081327.7
6081327.7
6081327.7
6081327.7
6081327.8
6081327.8
6081327.8
6081327.8
6081327.8
6081327.8
6081327.8
6081327.8
6081327.8
6081327.9
6081327.9
6081327.9
6081327.9
6081327.9
6081327.8
6081327.8
6081327.7
6081327.5
6081327.3
6081326.9
6081326.5
6081326.3
6081326.2
6081326.3
6081326.6
6081326.8
6081326.8
6081326.9
6081326.9
6081326.9
6081326.9
6081326.9
6081326.9
6081326.9
6081327.9
6081327.9
6081327.9
6081327.9
6081327.9
6081327.9
6081328
6081328
6081328
6081328
6081328
6081328
6081328
6081328
6081328
6081328.1
6081328.1
6081328.1
6081328.1
6081328
6081328
6081328
6081327.8
6081327.7
6081327.4
6081327.1
6081326.7
6081326.5
6081326.4
6081326.6
6081326.8
6081327
6081327.1
6081327.1
6081327.1
6081327.1
6081327.1
6081327.1
6081327.1
6081327.2
6081328.1
6081328.1
6081328.1
6081328.1
6081328.1
6081328.1
6081328.2
6081328.2
6081328.2
6081328.2
6081328.2
6081328.2
6081328.2
6081328.2
6081328.2
6081328.2
6081328.2
6081328.2
6081328.2
6081328.2
6081328.2
6081328.1
6081328
6081327.8
6081327.6
6081327.3
6081326.9
6081326.7
6081326.7
6081326.8
6081327.1
6081327.2
6081327.3
6081327.3
6081327.3
6081327.3
6081327.3
6081327.4
6081327.4
6081327.4
6081328.3
6081328.3
6081328.3
6081328.3
6081328.3
6081328.3
6081328.4
6081328.4
6081328.4
6081328.4
6081328.4
6081328.4
6081328.4
6081328.4
6081328.4
6081328.4
6081328.4
6081328.4
6081328.4
6081328.4
6081328.3
6081328.3
6081328.2
6081328
6081327.8
6081327.5
6081327.2
6081326.9
6081326.9
6081327
6081327.3
6081327.5
6081327.5
6081327.5
6081327.5
6081327.5
6081327.6
6081327.6
6081327.6
6081327.6
6081328.5
6081328.5
6081328.5
6081328.5
6081328.5
6081328.5
6081328.5
6081328.5
6081328.6
6081328.6
6081328.6
6081328.6
6081328.6
6081328.6
6081328.6
6081328.6
6081328.6
6081328.6
6081328.6
6081328.6
6081328.5
6081328.4
6081328.3
6081328.2
6081327.9
6081327.7
6081327.4
6081327.2
6081327.1
6081327.3
6081327.5
6081327.7
6081327.7
6081327.8
6081327.8
6081327.8
6081327.8
6081327.8
6081327.8
6081327.8
6081328.7
6081328.7
6081328.7
6081328.7
6081328.7
6081328.7
6081328.7
6081328.7
6081328.7
6081328.8
6081328.8
6081328.8
6081328.8
6081328.8
6081328.8
6081328.8
6081328.8
6081328.8
6081328.8
6081328.7
6081328.7
6081328.6
6081328.5
6081328.3
6081328.1
6081327.8
6081327.6
6081327.4
6081327.4
6081327.5
6081327.8
6081327.9
6081328
6081328
6081328
6081328
6081328
6081328
6081328
6081328.1
6081328.9
6081328.9
6081328.9
6081328.9
6081328.9
6081328.9
6081328.9
6081328.9
6081328.9
6081328.9
6081329
6081329
6081329
6081329
6081329
6081329
6081329
6081329
6081328.9
6081328.9
6081328.8
6081328.8
6081328.6
6081328.5
6081328.3
6081328
6081327.8
6081327.6
6081327.6
6081327.8
6081328
6081328.1
6081328.2
6081328.2
6081328.2
6081328.2
6081328.2
6081328.2
6081328.3
6081328.3
6081329.1
6081329.1
6081329.1
6081329.1
6081329.1
6081329.1
6081329.1
6081329.1
6081329.1
6081329.1
6081329.1
6081329.1
6081329.1
6081329.1
6081329.1
6081329.1
6081329.1
6081329.1
6081329.1
6081329.1
6081329
6081328.9
6081328.8
6081328.7
6081328.5
6081328.2
6081328
6081327.9
6081327.9
6081328
6081328.2
6081328.3
6081328.4
6081328.4
6081328.4
6081328.4
6081328.4
6081328.5
6081328.5
6081328.5
6081329.3
6081329.3
6081329.3
6081329.3
6081329.3
6081329.3
6081329.3
6081329.3
6081329.3
6081329.3
6081329.3
6081329.3
6081329.3
6081329.3
6081329.3
6081329.3
6081329.3
6081329.3
6081329.3
6081329.2
6081329.2
6081329.1
6081329
6081328.8
6081328.6
6081328.4
6081328.2
6081328.1
6081328.1
6081328.3
6081328.5
6081328.6
6081328.6
6081328.6
6081328.6
6081328.6
6081328.6
6081328.7
6081328.7
6081328.7
6081329.5
6081329.5
6081329.5
6081329.5
6081329.5
6081329.5
6081329.5
6081329.5
6081329.5
6081329.5
6081329.5
6081329.5
6081329.5
6081329.5
6081329.5
6081329.5
6081329.5
6081329.5
6081329.4
6081329.4
6081329.3
6081329.2
6081329.1
6081329
6081328.8
6081328.6
6081328.4
6081328.3
6081328.3
6081328.5
6081328.7
6081328.8
6081328.8
6081328.8
6081328.8
6081328.9
6081328.9
6081328.9
6081328.9
6081328.9
6081329.6
6081329.6
6081329.6
6081329.7
6081329.6
6081329.6
6081329.7
6081329.7
6081329.7
6081329.7
6081329.7
6081329.7
6081329.7
6081329.7
6081329.7
6081329.7
6081329.6
6081329.6
6081329.6
6081329.6
6081329.5
6081329.4
6081329.3
6081329.2
6081329
6081328.8
6081328.6
6081328.5
6081328.6
6081328.7
6081328.9
6081329
6081329
6081329
6081329
6081329.1
6081329.1
6081329.1
6081329.1
6081329.1
6081329.8
6081329.8
6081329.8
6081329.8
6081329.8
6081329.8
6081329.8
6081329.8
6081329.8
6081329.8
6081329.8
6081329.8
6081329.8
6081329.8
6081329.8
6081329.8
6081329.8
6081329.8
6081329.8
6081329.7
6081329.7
6081329.6
6081329.5
6081329.3
6081329.2
6081329
6081328.8
6081328.8
6081328.8
6081328.9
6081329.1
6081329.2
6081329.2
6081329.3
6081329.3
6081329.3
6081329.3
6081329.3
6081329.3
6081329.3
6081330
6081330
6081330
6081330
6081330
6081330
6081330
6081330
6081330
6081330
6081330
6081330
6081330
6081330
6081330
6081330
6081330
6081330
6081329.9
6081329.9
6081329.8
6081329.7
6081329.6
6081329.5
6081329.3
6081329.2
6081329.1
6081329
6081329
6081329.2
6081329.3
6081329.4
6081329.4
6081329.5
6081329.5
6081329.5
6081329.5
6081329.5
6081329.5
6081329.5
6081330.2
6081330.2
6081330.2
6081330.2
6081330.2
6081330.2
6081330.2
6081330.2
6081330.2
6081330.2
6081330.2
6081330.2
6081330.2
6081330.2
6081330.2
6081330.2
6081330.1
6081330.1
6081330.1
6081330
6081330
6081329.9
6081329.8
6081329.6
6081329.5
6081329.4
6081329.3
6081329.2
6081329.3
6081329.4
6081329.5
6081329.6
6081329.6
6081329.7
6081329.7
6081329.7
6081329.7
6081329.7
6081329.7
6081329.7
6081330.3
6081330.3
6081330.3
6081330.3
6081330.3
6081330.3
6081330.4
6081330.4
6081330.3
6081330.4
6081330.4
6081330.4
6081330.4
6081330.3
6081330.3
6081330.3
6081330.3
6081330.3
6081330.2
6081330.2
6081330.1
6081330
6081329.9
6081329.8
6081329.7
6081329.6
6081329.5
6081329.4
6081329.5
6081329.6
6081329.7
6081329.8
6081329.8
6081329.8
6081329.9
6081329.9
6081329.9
6081329.9
6081329.9
6081329.9
6081330.5
6081330.5
6081330.5
6081330.5
6081330.5
6081330.5
6081330.5
6081330.5
6081330.5
6081330.5
6081330.5
6081330.5
6081330.5
6081330.5
6081330.5
6081330.5
6081330.5
6081330.4
6081330.4
6081330.3
6081330.3
6081330.2
6081330.1
6081330
6081329.9
6081329.7
6081329.7
6081329.6
6081329.7
6081329.8
6081329.9
6081330
6081330
6081330
6081330
6081330.1
6081330.1
6081330.1
6081330.1
6081330.1
6081330.7
6081330.7
6081330.7
6081330.7
6081330.7
6081330.7
6081330.7
6081330.7
6081330.7
6081330.7
6081330.7
6081330.7
6081330.7
6081330.7
6081330.7
6081330.6
6081330.6
6081330.6
6081330.5
6081330.5
6081330.4
6081330.3
6081330.3
6081330.1
6081330
6081329.9
6081329.9
6081329.8
6081329.9
6081330
6081330.1
6081330.2
6081330.2
6081330.2
6081330.2
6081330.3
6081330.3
6081330.3
6081330.3
6081330.3
6081330.8
6081330.8
6081330.8
6081330.8
6081330.8
6081330.8
6081330.9
6081330.8
6081330.8
6081330.8
6081330.8
6081330.8
6081330.8
6081330.8
6081330.8
6081330.8
6081330.8
6081330.7
6081330.7
6081330.6
6081330.6
6081330.5
6081330.4
6081330.3
6081330.2
6081330.1
6081330.1
6081330.1
6081330.1
6081330.2
6081330.3
6081330.4
6081330.4
6081330.4
6081330.4
6081330.4
6081330.5
6081330.5
6081330.5
6081330.5
6081331
6081331
6081331
6081331
6081331
6081331
6081331
6081331
6081331
6081331
6081331
6081331
6081331
6081331
6081331
6081330.9
6081330.9
6081330.9
6081330.9
6081330.8
6081330.7
6081330.7
6081330.6
6081330.5
6081330.4
6081330.3
6081330.2
6081330.2
6081330.3
6081330.4
6081330.5
6081330.6
6081330.6
6081330.6
6081330.6
6081330.6
6081330.6
6081330.7
6081330.7
6081330.7
6081331.2
6081331.2
6081331.2
6081331.2
6081331.2
6081331.2
6081331.2
6081331.2
6081331.2
6081331.2
6081331.2
6081331.2
6081331.1
6081331.1
6081331.1
6081331.1
6081331.1
6081331
6081331
6081330.9
6081330.9
6081330.8
6081330.7
6081330.6
6081330.5
6081330.5
6081330.4
6081330.4
6081330.5
6081330.6
6081330.7
6081330.7
6081330.8
6081330.8
6081330.8
6081330.8
6081330.8
6081330.9
6081330.9
6081330.9
6081331.3
6081331.3
6081331.3
6081331.3
6081331.3
6081331.3
6081331.3
6081331.3
6081331.3
6081331.3
6081331.3
6081331.3
6081331.3
6081331.3
6081331.3
6081331.2
6081331.2
6081331.2
6081331.1
6081331.1
6081331
6081331
6081330.9
6081330.8
6081330.7
6081330.6
6081330.6
6081330.6
6081330.7
6081330.8
6081330.9
6081330.9
6081331
6081331
6081331
6081331
6081331
6081331
6081331
6081331.1
6081331.5
6081331.5
6081331.5
6081331.5
6081331.5
6081331.5
6081331.5
6081331.5
6081331.5
6081331.5
6081331.5
6081331.5
6081331.4
6081331.4
6081331.4
6081331.4
6081331.4
6081331.3
6081331.3
6081331.2
6081331.2
6081331.1
6081331
6081330.9
6081330.9
6081330.8
6081330.8
6081330.8
6081330.9
6081331
6081331
6081331.1
6081331.1
6081331.1
6081331.2
6081331.2
6081331.2
6081331.2
6081331.2
6081331.3
6081331.6
6081331.6
6081331.6
6081331.6
6081331.6
6081331.6
6081331.6
6081331.6
6081331.6
6081331.6
6081331.6
6081331.6
6081331.6
6081331.6
6081331.6
6081331.5
6081331.5
6081331.5
6081331.4
6081331.4
6081331.3
6081331.3
6081331.2
6081331.1
6081331
6081331
6081331
6081331
6081331.1
6081331.1
6081331.2
6081331.3
6081331.3
6081331.3
6081331.3
6081331.4
6081331.4
6081331.4
6081331.4
6081331.4
6081331.8
6081331.8
6081331.8
6081331.8
6081331.8
6081331.8
6081331.8
6081331.8
6081331.8
6081331.8
6081331.8
6081331.8
6081331.7
6081331.7
6081331.7
6081331.7
6081331.7
6081331.6
6081331.6
6081331.5
6081331.5
6081331.4
6081331.3
6081331.3
6081331.2
6081331.2
6081331.1
6081331.2
6081331.2
6081331.3
6081331.4
6081331.4
6081331.5
6081331.5
6081331.5
6081331.5
6081331.5
6081331.6
6081331.6
6081331.6
6081331.9
6081331.9
6081331.9
6081331.9
6081331.9
6081331.9
6081331.9
6081331.9
6081331.9
6081331.9
6081331.9
6081331.9
6081331.9
6081331.9
6081331.9
6081331.8
6081331.8
6081331.8
6081331.7
6081331.7
6081331.6
6081331.5
6081331.5
6081331.4
6081331.4
6081331.3
6081331.3
6081331.3
6081331.4
6081331.5
6081331.6
6081331.6
6081331.6
6081331.7
6081331.7
6081331.7
6081331.7
6081331.7
6081331.8
6081331.8
6081332.1
6081332.1
6081332.1
6081332.1
6081332.1
6081332.1
6081332.1
6081332.1
6081332.1
6081332.1
6081332.1
6081332
6081332
6081332
6081332
6081332
6081331.9
6081331.9
6081331.9
6081331.8
6081331.8
6081331.7
6081331.6
6081331.6
6081331.5
6081331.5
6081331.5
6081331.5
6081331.6
6081331.7
6081331.7
6081331.8
6081331.8
6081331.8
6081331.8
6081331.9
6081331.9
6081331.9
6081331.9
6081332
6081332.2
6081332.2
6081332.2
6081332.2
6081332.2
6081332.2
6081332.2
6081332.2
6081332.2
6081332.2
6081332.2
6081332.2
6081332.2
6081332.2
6081332.1
6081332.1
6081332.1
6081332
6081332
6081332
6081331.9
6081331.8
6081331.8
6081331.7
6081331.7
6081331.6
6081331.6
6081331.7
6081331.7
6081331.8
6081331.9
6081331.9
6081332
6081332
6081332
6081332
6081332
6081332.1
6081332.1
6081332.1
6081332.4
6081332.4
6081332.4
6081332.4
6081332.4
6081332.4
6081332.4
6081332.4
6081332.3
6081332.3
6081332.3
6081332.3
6081332.3
6081332.3
6081332.3
6081332.2
6081332.2
6081332.2
6081332.1
6081332.1
6081332
6081332
6081331.9
6081331.9
6081331.8
6081331.8
6081331.8
6081331.8
6081331.9
6081332
6081332
6081332.1
6081332.1
6081332.2
6081332.2
6081332.2
6081332.2
6081332.2
6081332.3
6081332.3
6081332.5
6081332.5
6081332.5
6081332.5
6081332.5
6081332.5
6081332.5
6081332.5
6081332.5
6081332.5
6081332.5
6081332.5
6081332.4
6081332.4
6081332.4
6081332.4
6081332.4
6081332.3
6081332.3
6081332.2
6081332.2
6081332.1
6081332.1
6081332
6081332
6081332
6081332
6081332
6081332.1
6081332.1
6081332.2
6081332.3
6081332.3
6081332.3
6081332.3
6081332.4
6081332.4
6081332.4
6081332.4
6081332.4
6081332.6
6081332.6
6081332.6
6081332.6
6081332.6
6081332.6
6081332.6
6081332.6
6081332.6
6081332.6
6081332.6
6081332.6
6081332.6
6081332.6
6081332.5
6081332.5
6081332.5
6081332.4
6081332.4
6081332.4
6081332.3
6081332.3
6081332.2
6081332.2
6081332.1
6081332.1
6081332.1
6081332.2
6081332.2
6081332.3
6081332.4
6081332.4
6081332.4
6081332.5
6081332.5
6081332.5
6081332.5
6081332.6
6081332.6
6081332.6
6081332.8
6081332.8
6081332.8
6081332.8
6081332.8
6081332.8
6081332.8
6081332.8
6081332.7
6081332.7
6081332.7
6081332.7
6081332.7
6081332.7
6081332.7
6081332.6
6081332.6
6081332.6
6081332.5
6081332.5
6081332.4
6081332.4
6081332.3
6081332.3
6081332.3
6081332.3
6081332.3
6081332.3
6081332.4
6081332.4
6081332.5
6081332.6
6081332.6
6081332.6
6081332.6
6081332.7
6081332.7
6081332.7
6081332.7
6081332.8
6081332.9
6081332.9
6081332.9
6081332.9
6081332.9
6081332.9
6081332.9
6081332.9
6081332.9
6081332.9
6081332.9
6081332.9
6081332.8
6081332.8
6081332.8
6081332.8
6081332.7
6081332.7
6081332.7
6081332.6
6081332.6
6081332.5
6081332.5
6081332.4
6081332.4
6081332.4
6081332.4
6081332.5
6081332.5
6081332.6
6081332.7
6081332.7
6081332.7
6081332.8
6081332.8
6081332.8
6081332.8
6081332.9
6081332.9
6081332.9
6081333
6081333
6081333
6081333
6081333
6081333
6081333
6081333
6081333
6081333
6081333
6081333
6081333
6081332.9
6081332.9
6081332.9
6081332.9
6081332.8
6081332.8
6081332.8
6081332.7
6081332.7
6081332.6
6081332.6
6081332.6
6081332.6
6081332.6
6081332.6
6081332.7
6081332.7
6081332.8
6081332.9
6081332.9
6081332.9
6081332.9
6081333
6081333
6081333
6081333
6081333.1
6081333.2
6081333.2
6081333.2
6081333.2
6081333.2
6081333.2
6081333.2
6081333.1
6081333.1
6081333.1
6081333.1
6081333.1
6081333.1
6081333.1
6081333
6081333
6081333
6081333
6081332.9
6081332.9
6081332.8
6081332.8
6081332.8
6081332.7
6081332.7
6081332.7
6081332.7
6081332.8
6081332.8
6081332.9
6081333
6081333
6081333
6081333.1
6081333.1
6081333.1
6081333.1
6081333.2
6081333.2
6081333.2
6081333.3
6081333.3
6081333.3
6081333.3
6081333.3
6081333.3
6081333.3
6081333.3
6081333.3
6081333.3
6081333.2
6081333.2
6081333.2
6081333.2
6081333.2
6081333.1
6081333.1
6081333.1
6081333
6081333
6081333
6081332.9
6081332.9
6081332.9
6081332.8
6081332.8
6081332.9
6081332.9
6081333
6081333
6081333.1
6081333.1
6081333.2
6081333.2
6081333.2
6081333.3
6081333.3
6081333.3
6081333.3
6081333.4
6081333.4
6081333.4
6081333.4
6081333.4
6081333.4
6081333.4
6081333.4
6081333.4
6081333.4
6081333.4
6081333.4
6081333.4
6081333.3
6081333.3
6081333.3
6081333.3
6081333.2
6081333.2
6081333.2
6081333.1
6081333.1
6081333.1
6081333
6081333
6081333
6081333
6081333
6081333.1
6081333.1
6081333.2
6081333.2
6081333.3
6081333.3
6081333.4
6081333.4
6081333.4
6081333.4
6081333.5
6081333.5
6081333.5
6081333.5
6081333.5
6081333.5
6081333.5
6081333.5
6081333.5
6081333.5
6081333.5
6081333.5
6081333.5
6081333.5
6081333.5
6081333.5
6081333.4
6081333.4
6081333.4
6081333.4
6081333.3
6081333.3
6081333.3
6081333.2
6081333.2
6081333.1
6081333.1
6081333.1
6081333.1
6081333.1
6081333.2
6081333.3
6081333.3
6081333.4
6081333.4
6081333.5
6081333.5
6081333.5
6081333.5
6081333.6
6081333.6
6081333.6
6081333.6
6081333.7
6081333.7
6081333.7
6081333.7
6081333.7
6081333.6
6081333.6
6081333.6
6081333.6
6081333.6
6081333.6
6081333.6
6081333.6
6081333.6
6081333.5
6081333.5
6081333.5
6081333.4
6081333.4
6081333.4
6081333.3
6081333.3
6081333.3
6081333.3
6081333.2
6081333.3
6081333.3
6081333.3
6081333.4
6081333.4
6081333.5
6081333.6
6081333.6
6081333.6
6081333.7
6081333.7
6081333.7
6081333.7
6081333.8
6081333.8
6081333.8
6081333.8
6081333.8
6081333.8
6081333.8
6081333.8
6081333.8
6081333.8
6081333.7
6081333.7
6081333.7
6081333.7
6081333.7
6081333.7
6081333.6
6081333.6
6081333.6
6081333.6
6081333.5
6081333.5
6081333.5
6081333.4
6081333.4
6081333.4
6081333.4
6081333.4
6081333.4
6081333.5
6081333.5
6081333.6
6081333.6
6081333.7
6081333.7
6081333.8
6081333.8
6081333.8
6081333.8
6081333.9
6081333.9
6081333.9
6081333.9
6081333.9
6081333.9
6081333.9
6081333.9
6081333.9
6081333.9
6081333.9
6081333.9
6081333.8
6081333.8
6081333.8
6081333.8
6081333.8
6081333.8
6081333.7
6081333.7
6081333.7
6081333.6
6081333.6
6081333.6
6081333.5
6081333.5
6081333.5
6081333.5
6081333.5
6081333.5
6081333.6
6081333.7
6081333.7
6081333.8
6081333.8
6081333.9
6081333.9
6081333.9
6081334
6081334
6081334
6081334
6081334.1
6081334
6081334
6081334
6081334
6081334
6081334
6081334
6081334
6081334
6081334
6081333.9
6081333.9
6081333.9
6081333.9
6081333.9
6081333.8
6081333.8
6081333.8
6081333.8
6081333.7
6081333.7
6081333.7
6081333.6
6081333.6
6081333.6
6081333.6
6081333.7
6081333.7
6081333.8
6081333.8
6081333.9
6081333.9
6081334
6081334
6081334.1
6081334.1
6081334.1
6081334.1
6081334.2
6081334.2
6081334.1
6081334.1
6081334.1
6081334.1
6081334.1
6081334.1
6081334.1
6081334.1
6081334.1
6081334.1
6081334.1
6081334
6081334
6081334
6081334
6081334
6081333.9
6081333.9
6081333.9
6081333.8
6081333.8
6081333.8
6081333.8
6081333.8
6081333.8
6081333.8
6081333.8
6081333.8
6081333.9
6081334
6081334
6081334.1
6081334.1
6081334.1
6081334.2
6081334.2
6081334.2
6081334.3
6081334.3
6081334.3
6081334.2
6081334.2
6081334.2
6081334.2
6081334.2
6081334.2
6081334.2
6081334.2
6081334.2
6081334.2
6081334.2
6081334.1
6081334.1
6081334.1
6081334.1
6081334.1
6081334
6081334
6081334
6081334
6081333.9
6081333.9
6081333.9
6081333.9
6081333.9
6081333.9
6081333.9
6081334
6081334
6081334.1
6081334.1
6081334.2
6081334.2
6081334.3
6081334.3
6081334.3
6081334.4
6081334.4
6081334.4
6081334.4
6081334.3
6081334.3
6081334.3
6081334.3
6081334.3
6081334.3
6081334.3
6081334.3
6081334.3
6081334.3
6081334.3
6081334.3
6081334.2
6081334.2
6081334.2
6081334.2
6081334.1
6081334.1
6081334.1
6081334.1
6081334
6081334
6081334
6081334
6081334
6081334
6081334
6081334.1
6081334.1
6081334.2
6081334.3
6081334.3
6081334.4
6081334.4
6081334.4
6081334.5
6081334.5
6081334.5
6081334.5
6081334.6
6081334.4
6081334.4
6081334.4
6081334.4
6081334.4
6081334.4
6081334.4
6081334.4
6081334.4
6081334.4
6081334.4
6081334.4
6081334.3
6081334.3
6081334.3
6081334.3
6081334.2
6081334.2
6081334.2
6081334.2
6081334.1
6081334.1
6081334.1
6081334.1
6081334.1
6081334.1
6081334.2
6081334.2
6081334.3
6081334.3
6081334.4
6081334.4
6081334.5
6081334.5
6081334.5
6081334.6
6081334.6
6081334.6
6081334.7
6081334.7
6081334.5
6081334.5
6081334.5
6081334.5
6081334.5
6081334.5
6081334.5
6081334.5
6081334.5
6081334.5
6081334.5
6081334.5
6081334.4
6081334.4
6081334.4
6081334.4
6081334.4
6081334.3
6081334.3
6081334.3
6081334.3
6081334.2
6081334.2
6081334.2
6081334.2
6081334.2
6081334.3
6081334.3
6081334.4
6081334.4
6081334.5
6081334.5
6081334.6
6081334.6
6081334.7
6081334.7
6081334.7
6081334.8
6081334.8
6081334.8
6081334.6
6081334.6
6081334.6
6081334.6
6081334.6
6081334.6
6081334.6
6081334.6
6081334.6
6081334.6
6081334.6
6081334.6
6081334.5
6081334.5
6081334.5
6081334.5
6081334.5
6081334.4
6081334.4
6081334.4
6081334.4
6081334.3
6081334.3
6081334.3
6081334.3
6081334.4
6081334.4
6081334.4
6081334.5
6081334.6
6081334.6
6081334.7
6081334.7
6081334.7
6081334.8
6081334.8
6081334.8
6081334.9
6081334.9
6081334.9
6081334.7
6081334.7
6081334.7
6081334.7
6081334.7
6081334.7
6081334.7
6081334.7
6081334.7
6081334.7
6081334.7
6081334.7
6081334.6
6081334.6
6081334.6
6081334.6
6081334.6
6081334.5
6081334.5
6081334.5
6081334.5
6081334.4
6081334.4
6081334.4
6081334.4
6081334.5
6081334.5
6081334.6
6081334.6
6081334.7
6081334.7
6081334.8
6081334.8
6081334.9
6081334.9
6081334.9
6081334.9
6081335
6081335
6081335
6081334.8
6081334.8
6081334.8
6081334.8
6081334.8
6081334.8
6081334.8
6081334.8
6081334.8
6081334.8
6081334.8
6081334.7
6081334.7
6081334.7
6081334.7
6081334.7
6081334.6
6081334.6
6081334.6
6081334.6
6081334.6
6081334.5
6081334.5
6081334.5
6081334.6
6081334.6
6081334.6
6081334.7
6081334.7
6081334.8
6081334.8
6081334.9
6081334.9
6081335
6081335
6081335
6081335.1
6081335.1
6081335.1
6081335.1
6081334.9
6081334.9
6081334.9
6081334.9
6081334.9
6081334.9
6081334.9
6081334.9
6081334.9
6081334.9
6081334.9
6081334.8
6081334.8
6081334.8
6081334.8
6081334.8
6081334.7
6081334.7
6081334.7
6081334.7
6081334.7
6081334.6
6081334.6
6081334.6
6081334.7
6081334.7
6081334.7
6081334.8
6081334.8
6081334.9
6081334.9
6081335
6081335
6081335.1
6081335.1
6081335.1
6081335.2
6081335.2
6081335.2
6081335.3
6081335
6081335
6081335
6081335
6081335
6081335
6081335
6081335
6081335
6081335
6081334.9
6081334.9
6081334.9
6081334.9
6081334.9
6081334.9
6081334.8
6081334.8
6081334.8
6081334.8
6081334.8
6081334.7
6081334.7
6081334.7
6081334.8
6081334.8
6081334.8
6081334.9
6081334.9
6081335
6081335
6081335.1
6081335.1
6081335.2
6081335.2
6081335.2
6081335.3
6081335.3
6081335.3
6081335.4
6081335.1
6081335.1
6081335.1
6081335.1
6081335.1
6081335.1
6081335.1
6081335.1
6081335.1
6081335.1
6081335
6081335
6081335
6081335
6081335
6081334.9
6081334.9
6081334.9
6081334.9
6081334.9
6081334.9
6081334.8
6081334.8
6081334.8
6081334.9
6081334.9
6081334.9
6081335
6081335
6081335.1
6081335.1
6081335.2
6081335.2
6081335.3
6081335.3
6081335.3
6081335.4
6081335.4
6081335.4
6081335.5
6081335.2
6081335.2
6081335.2
6081335.2
6081335.2
6081335.2
6081335.2
6081335.2
6081335.2
6081335.1
6081335.1
6081335.1
6081335.1
6081335.1
6081335.1
6081335
6081335
6081335
6081335
6081335
6081334.9
6081334.9
6081334.9
6081334.9
6081335
6081335
6081335
6081335.1
6081335.1
6081335.2
6081335.2
6081335.3
6081335.3
6081335.4
6081335.4
6081335.4
6081335.5
6081335.5
6081335.5
6081335.6
6081335.3
6081335.3
6081335.3
6081335.3
6081335.3
6081335.3
6081335.3
6081335.2
6081335.2
6081335.2
6081335.2
6081335.2
6081335.2
6081335.2
6081335.1
6081335.1
6081335.1
6081335.1
6081335.1
6081335
6081335
6081335
6081335
6081335
6081335.1
6081335.1
6081335.1
6081335.2
6081335.2
6081335.3
6081335.3
6081335.4
6081335.4
6081335.5
6081335.5
6081335.5
6081335.6
6081335.6
6081335.6
6081335.7
6081335.4
6081335.4
6081335.4
6081335.4
6081335.4
6081335.3
6081335.3
6081335.3
6081335.3
6081335.3
6081335.3
6081335.3
6081335.3
6081335.2
6081335.2
6081335.2
6081335.2
6081335.2
6081335.1
6081335.1
6081335.1
6081335.1
6081335.1
6081335.1
6081335.1
6081335.2
6081335.2
6081335.3
6081335.3
6081335.4
6081335.4
6081335.5
6081335.5
6081335.6
6081335.6
6081335.6
6081335.7
6081335.7
6081335.7
6081335.8
6081335.5
6081335.4
6081335.4
6081335.4
6081335.4
6081335.4
6081335.4
6081335.4
6081335.4
6081335.4
6081335.4
6081335.4
6081335.3
6081335.3
6081335.3
6081335.3
6081335.3
6081335.3
6081335.2
6081335.2
6081335.2
6081335.2
6081335.2
6081335.2
6081335.2
6081335.3
6081335.3
6081335.4
6081335.4
6081335.5
6081335.5
6081335.6
6081335.6
6081335.7
6081335.7
6081335.7
6081335.8
6081335.8
6081335.8
6081335.9
6081335.5
6081335.5
6081335.5
6081335.5
6081335.5
6081335.5
6081335.5
6081335.5
6081335.5
6081335.5
6081335.5
6081335.4
6081335.4
6081335.4
6081335.4
6081335.4
6081335.3
6081335.3
6081335.3
6081335.3
6081335.3
6081335.3
6081335.3
6081335.3
6081335.3
6081335.4
6081335.4
6081335.4
6081335.5
6081335.5
6081335.6
6081335.7
6081335.7
6081335.7
6081335.8
6081335.8
6081335.8
6081335.9
6081335.9
6081335.9
6081335.6
6081335.6
6081335.6
6081335.6
6081335.6
6081335.6
6081335.6
6081335.6
6081335.6
6081335.5
6081335.5
6081335.5
6081335.5
6081335.5
6081335.5
6081335.4
6081335.4
6081335.4
6081335.4
6081335.4
6081335.4
6081335.4
6081335.4
6081335.4
6081335.4
6081335.4
6081335.5
6081335.5
6081335.6
6081335.6
6081335.7
6081335.7
6081335.8
6081335.8
6081335.9
6081335.9
6081335.9
6081336
6081336
6081336
6081335.7
6081335.7
6081335.7
6081335.7
6081335.7
6081335.7
6081335.7
6081335.6
6081335.6
6081335.6
6081335.6
6081335.6
6081335.6
6081335.6
6081335.5
6081335.5
6081335.5
6081335.5
6081335.5
6081335.5
6081335.5
6081335.5
6081335.5
6081335.5
6081335.5
6081335.5
6081335.6
6081335.6
6081335.7
6081335.7
6081335.8
6081335.8
6081335.9
6081335.9
6081336
6081336
6081336
6081336.1
6081336.1
6081336.1
6081335.8
6081335.8
6081335.8
6081335.7
6081335.7
6081335.7
6081335.7
6081335.7
6081335.7
6081335.7
6081335.7
6081335.7
6081335.6
6081335.6
6081335.6
6081335.6
6081335.6
6081335.6
6081335.6
6081335.5
6081335.5
6081335.5
6081335.5
6081335.6
6081335.6
6081335.6
6081335.7
6081335.7
6081335.8
6081335.8
6081335.9
6081335.9
6081336
6081336
6081336
6081336.1
6081336.1
6081336.1
6081336.2
6081336.2
6081335.8
6081335.8
6081335.8
6081335.8
6081335.8
6081335.8
6081335.8
6081335.8
6081335.8
6081335.8
6081335.7
6081335.7
6081335.7
6081335.7
6081335.7
6081335.7
6081335.7
6081335.6
6081335.6
6081335.6
6081335.6
6081335.6
6081335.6
6081335.6
6081335.7
6081335.7
6081335.7
6081335.8
6081335.8
6081335.9
6081335.9
6081336
6081336
6081336.1
6081336.1
6081336.2
6081336.2
6081336.2
6081336.2
6081336.3
6081335.9
6081335.9
6081335.9
6081335.9
6081335.9
6081335.9
6081335.9
6081335.9
6081335.8
6081335.8
6081335.8
6081335.8
6081335.8
6081335.8
6081335.8
6081335.7
6081335.7
6081335.7
6081335.7
6081335.7
6081335.7
6081335.7
6081335.7
6081335.7
6081335.7
6081335.8
6081335.8
6081335.9
6081335.9
6081336
6081336
6081336.1
6081336.1
6081336.2
6081336.2
6081336.2
6081336.3
6081336.3
6081336.3
6081336.4
6081336
6081336
6081336
6081336
6081335.9
6081335.9
6081335.9
6081335.9
6081335.9
6081335.9
6081335.9
6081335.9
6081335.9
6081335.8
6081335.8
6081335.8
6081335.8
6081335.8
6081335.8
6081335.8
6081335.8
6081335.8
6081335.8
6081335.8
6081335.8
6081335.8
6081335.9
6081335.9
6081336
6081336
6081336.1
6081336.1
6081336.2
6081336.2
6081336.3
6081336.3
6081336.3
6081336.4
6081336.4
6081336.4
6081336
6081336
6081336
6081336
6081336
6081336
6081336
6081336
6081336
6081336
6081335.9
6081335.9
6081335.9
6081335.9
6081335.9
6081335.9
6081335.9
6081335.8
6081335.8
6081335.8
6081335.8
6081335.8
6081335.8
6081335.9
6081335.9
6081335.9
6081336
6081336
6081336.1
6081336.1
6081336.2
6081336.2
6081336.3
6081336.3
6081336.3
6081336.4
6081336.4
6081336.5
6081336.5
6081336.5
6081336.1
6081336.1
6081336.1
6081336.1
6081336.1
6081336.1
6081336.1
6081336
6081336
6081336
6081336
6081336
6081336
6081336
6081336
6081335.9
6081335.9
6081335.9
6081335.9
6081335.9
6081335.9
6081335.9
6081335.9
6081335.9
6081336
6081336
6081336
6081336.1
6081336.1
6081336.2
6081336.2
6081336.3
6081336.3
6081336.4
6081336.4
6081336.5
6081336.5
6081336.5
6081336.5
6081336.6
6081336.2
6081336.1
6081336.1
6081336.1
6081336.1
6081336.1
6081336.1
6081336.1
6081336.1
6081336.1
6081336.1
6081336.1
6081336
6081336
6081336
6081336
6081336
6081336
6081336
6081336
6081336
6081336
6081336
6081336
6081336
6081336.1
6081336.1
6081336.1
6081336.2
6081336.2
6081336.3
6081336.3
6081336.4
6081336.4
6081336.5
6081336.5
6081336.6
6081336.6
6081336.6
6081336.7
6081336.2
6081336.2
6081336.2
6081336.2
6081336.2
6081336.2
6081336.2
6081336.2
6081336.2
6081336.1
6081336.1
6081336.1
6081336.1
6081336.1
6081336.1
6081336.1
6081336
6081336
6081336
6081336
6081336
6081336
6081336
6081336.1
6081336.1
6081336.1
6081336.2
6081336.2
6081336.3
6081336.3
6081336.4
6081336.4
6081336.5
6081336.5
6081336.5
6081336.6
6081336.6
6081336.7
6081336.7
6081336.7
6081336.3
6081336.3
6081336.3
6081336.3
6081336.3
6081336.2
6081336.2
6081336.2
6081336.2
6081336.2
6081336.2
6081336.2
6081336.2
6081336.1
6081336.1
6081336.1
6081336.1
6081336.1
6081336.1
6081336.1
6081336.1
6081336.1
6081336.1
6081336.1
6081336.2
6081336.2
6081336.2
6081336.3
6081336.3
6081336.4
6081336.4
6081336.5
6081336.5
6081336.6
6081336.6
6081336.7
6081336.7
6081336.7
6081336.7
6081336.8
6081336.3
6081336.3
6081336.3
6081336.3
6081336.3
6081336.3
6081336.3
6081336.3
6081336.3
6081336.3
6081336.2
6081336.2
6081336.2
6081336.2
6081336.2
6081336.2
6081336.2
6081336.2
6081336.1
6081336.1
6081336.1
6081336.2
6081336.2
6081336.2
6081336.2
6081336.3
6081336.3
6081336.3
6081336.4
6081336.4
6081336.5
6081336.5
6081336.6
6081336.6
6081336.7
6081336.7
6081336.7
6081336.8
6081336.8
6081336.8
6081336.4
6081336.4
6081336.4
6081336.4
6081336.4
6081336.3
6081336.3
6081336.3
6081336.3
6081336.3
6081336.3
6081336.3
6081336.3
6081336.3
6081336.2
6081336.2
6081336.2
6081336.2
6081336.2
6081336.2
6081336.2
6081336.2
6081336.2
6081336.2
6081336.3
6081336.3
6081336.4
6081336.4
6081336.4
6081336.5
6081336.5
6081336.6
6081336.6
6081336.7
6081336.7
6081336.8
6081336.8
6081336.8
6081336.9
6081336.9
6081336.4
6081336.4
6081336.4
6081336.4
6081336.4
6081336.4
6081336.4
6081336.4
6081336.4
6081336.4
6081336.3
6081336.3
6081336.3
6081336.3
6081336.3
6081336.3
6081336.3
6081336.3
6081336.3
6081336.3
6081336.3
6081336.3
6081336.3
6081336.3
6081336.3
6081336.4
6081336.4
6081336.5
6081336.5
6081336.6
6081336.6
6081336.7
6081336.7
6081336.7
6081336.8
6081336.8
6081336.9
6081336.9
6081336.9
6081337
6081336.5
6081336.5
6081336.5
6081336.5
6081336.5
6081336.4
6081336.4
6081336.4
6081336.4
6081336.4
6081336.4
6081336.4
6081336.4
6081336.4
6081336.3
6081336.3
6081336.3
6081336.3
6081336.3
6081336.3
6081336.3
6081336.3
6081336.3
6081336.4
6081336.4
6081336.4
6081336.5
6081336.5
6081336.6
6081336.6
6081336.7
6081336.7
6081336.8
6081336.8
6081336.8
6081336.9
6081336.9
6081337
6081337
6081337
6081336.5
6081336.5
6081336.5
6081336.5
6081336.5
6081336.5
6081336.5
6081336.5
6081336.5
6081336.5
6081336.4
6081336.4
6081336.4
6081336.4
6081336.4
6081336.4
6081336.4
6081336.4
6081336.4
6081336.4
6081336.4
6081336.4
6081336.4
6081336.4
6081336.4
6081336.5
6081336.5
6081336.6
6081336.6
6081336.7
6081336.7
6081336.8
6081336.8
6081336.9
6081336.9
6081336.9
6081337
6081337
6081337
6081337.1
6081336.6
6081336.6
6081336.6
6081336.6
6081336.5
6081336.5
6081336.5
6081336.5
6081336.5
6081336.5
6081336.5
6081336.5
6081336.5
6081336.4
6081336.4
6081336.4
6081336.4
6081336.4
6081336.4
6081336.4
6081336.4
6081336.4
6081336.4
6081336.5
6081336.5
6081336.5
6081336.6
6081336.6
6081336.7
6081336.7
6081336.8
6081336.8
6081336.9
6081336.9
6081336.9
6081337
6081337
6081337.1
6081337.1
6081337.1
6081336.6
6081336.6
6081336.6
6081336.6
6081336.6
6081336.6
6081336.6
6081336.6
6081336.6
6081336.5
6081336.5
6081336.5
6081336.5
6081336.5
6081336.5
6081336.5
6081336.5
6081336.4
6081336.4
6081336.4
6081336.5
6081336.5
6081336.5
6081336.5
6081336.5
6081336.6
6081336.6
6081336.7
6081336.7
6081336.8
6081336.8
6081336.9
6081336.9
6081337
6081337
6081337
6081337.1
6081337.1
6081337.1
6081337.2
6081336.6
6081336.6
6081336.6
6081336.6
6081336.6
6081336.6
6081336.6
6081336.6
6081336.6
6081336.6
6081336.6
6081336.6
6081336.5
6081336.5
6081336.5
6081336.5
6081336.5
6081336.5
6081336.5
6081336.5
6081336.5
6081336.5
6081336.5
6081336.6
6081336.6
6081336.6
6081336.7
6081336.7
6081336.8
6081336.8
6081336.9
6081336.9
6081337
6081337
6081337
6081337.1
6081337.1
6081337.2
6081337.2
6081337.2
6081336.7
6081336.7
6081336.7
6081336.7
6081336.7
6081336.7
6081336.6
6081336.6
6081336.6
6081336.6
6081336.6
6081336.6
6081336.6
6081336.6
6081336.6
6081336.5
6081336.5
6081336.5
6081336.5
6081336.5
6081336.5
6081336.5
6081336.6
6081336.6
6081336.6
6081336.7
6081336.7
6081336.7
6081336.8
6081336.8
6081336.9
6081336.9
6081337
6081337
6081337.1
6081337.1
6081337.2
6081337.2
6081337.2
6081337.3
6081336.7
6081336.7
6081336.7
6081336.7
6081336.7
6081336.7
6081336.7
6081336.7
6081336.7
6081336.7
6081336.6
6081336.6
6081336.6
6081336.6
6081336.6
6081336.6
6081336.6
6081336.6
6081336.6
6081336.6
6081336.6
6081336.6
6081336.6
6081336.6
6081336.7
6081336.7
6081336.7
6081336.8
6081336.8
6081336.9
6081336.9
6081337
6081337
6081337.1
6081337.1
6081337.2
6081337.2
6081337.2
6081337.3
6081337.3
6081336.8
6081336.7
6081336.7
6081336.7
6081336.7
6081336.7
6081336.7
6081336.7
6081336.7
6081336.7
6081336.7
6081336.7
6081336.6
6081336.6
6081336.6
6081336.6
6081336.6
6081336.6
6081336.6
6081336.6
6081336.6
6081336.6
6081336.6
6081336.7
6081336.7
6081336.7
6081336.8
6081336.8
6081336.9
6081336.9
6081337
6081337
6081337.1
6081337.1
6081337.2
6081337.2
6081337.2
6081337.3
6081337.3
6081337.3
6081336.8
6081336.8
6081336.8
6081336.8
6081336.8
6081336.8
6081336.8
6081336.7
6081336.7
6081336.7
6081336.7
6081336.7
6081336.7
6081336.7
6081336.7
6081336.6
6081336.6
6081336.6
6081336.6
6081336.6
6081336.6
6081336.7
6081336.7
6081336.7
6081336.7
6081336.8
6081336.8
6081336.9
6081336.9
6081337
6081337
6081337.1
6081337.1
6081337.2
6081337.2
6081337.2
6081337.3
6081337.3
6081337.3
6081337.4
6081336.8
6081336.8
6081336.8
6081336.8
6081336.8
6081336.8
6081336.8
6081336.8
6081336.8
6081336.7
6081336.7
6081336.7
6081336.7
6081336.7
6081336.7
6081336.7
6081336.7
6081336.7
6081336.7
6081336.7
6081336.7
6081336.7
6081336.7
6081336.7
6081336.8
6081336.8
6081336.8
6081336.9
6081336.9
6081337
6081337
6081337.1
6081337.1
6081337.2
6081337.2
6081337.3
6081337.3
6081337.3
6081337.4
6081337.4
6081336.8
6081336.8
6081336.8
6081336.8
6081336.8
6081336.8
6081336.8
6081336.8
6081336.8
6081336.8
6081336.8
6081336.8
6081336.7
6081336.7
6081336.7
6081336.7
6081336.7
6081336.7
6081336.7
6081336.7
6081336.7
6081336.7
6081336.7
6081336.8
6081336.8
6081336.8
6081336.9
6081336.9
6081337
6081337
6081337.1
6081337.1
6081337.2
6081337.2
6081337.3
6081337.3
6081337.3
6081337.4
6081337.4
6081337.4
6081336.9
6081336.9
6081336.9
6081336.9
6081336.9
6081336.8
6081336.8
6081336.8
6081336.8
6081336.8
6081336.8
6081336.8
6081336.8
6081336.8
6081336.7
6081336.7
6081336.7
6081336.7
6081336.7
6081336.7
6081336.7
6081336.8
6081336.8
6081336.8
6081336.8
6081336.9
6081336.9
6081337
6081337
6081337.1
6081337.1
6081337.2
6081337.2
6081337.2
6081337.3
6081337.3
6081337.4
6081337.4
6081337.4
6081337.5
6081336.9
6081336.9
6081336.9
6081336.9
6081336.9
6081336.9
6081336.9
6081336.8
6081336.8
6081336.8
6081336.8
6081336.8
6081336.8
6081336.8
6081336.8
6081336.8
6081336.8
6081336.7
6081336.8
6081336.8
6081336.8
6081336.8
6081336.8
6081336.8
6081336.9
6081336.9
6081336.9
6081337
6081337
6081337.1
6081337.1
6081337.2
6081337.2
6081337.3
6081337.3
6081337.4
6081337.4
6081337.4
6081337.5
6081337.5
6081336.9
6081336.9
6081336.9
6081336.9
6081336.9
6081336.9
6081336.9
6081336.9
6081336.9
6081336.8
6081336.8
6081336.8
6081336.8
6081336.8
6081336.8
6081336.8
6081336.8
6081336.8
6081336.8
6081336.8
6081336.8
6081336.8
6081336.8
6081336.8
6081336.9
6081336.9
6081337
6081337
6081337.1
6081337.1
6081337.2
6081337.2
6081337.3
6081337.3
6081337.3
6081337.4
6081337.4
6081337.5
6081337.5
6081337.5
6081336.9
6081336.9
6081336.9
6081336.9
6081336.9
6081336.9
6081336.9
6081336.9
6081336.9
6081336.9
6081336.9
6081336.8
6081336.8
6081336.8
6081336.8
6081336.8
6081336.8
6081336.8
6081336.8
6081336.8
6081336.8
6081336.8
6081336.8
6081336.9
6081336.9
6081336.9
6081337
6081337
6081337.1
6081337.1
6081337.2
6081337.2
6081337.3
6081337.3
6081337.4
6081337.4
6081337.4
6081337.5
6081337.5
6081337.5
6081336.9
6081336.9
6081336.9
6081336.9
6081336.9
6081336.9
6081336.9
6081336.9
6081336.9
6081336.9
6081336.9
6081336.9
6081336.8
6081336.8
6081336.8
6081336.8
6081336.8
6081336.8
6081336.8
6081336.8
6081336.8
6081336.8
6081336.9
6081336.9
6081336.9
6081337
6081337
6081337
6081337.1
6081337.1
6081337.2
6081337.2
6081337.3
6081337.3
6081337.4
6081337.4
6081337.5
6081337.5
6081337.5
6081337.6
6081337
6081337
6081337
6081337
6081336.9
6081336.9
6081336.9
6081336.9
6081336.9
6081336.9
6081336.9
6081336.9
6081336.9
6081336.9
6081336.8
6081336.8
6081336.8
6081336.8
6081336.8
6081336.8
6081336.8
6081336.9
6081336.9
6081336.9
6081336.9
6081337
6081337
6081337.1
6081337.1
6081337.2
6081337.2
6081337.3
6081337.3
6081337.4
6081337.4
6081337.4
6081337.5
6081337.5
6081337.5
6081337.6
6081337
6081337
6081337
6081337
6081337
6081337
6081336.9
6081336.9
6081336.9
6081336.9
6081336.9
6081336.9
6081336.9
6081336.9
6081336.9
6081336.8
6081336.8
6081336.8
6081336.8
6081336.8
6081336.9
6081336.9
6081336.9
6081336.9
6081337
6081337
6081337
6081337.1
6081337.1
6081337.2
6081337.2
6081337.3
6081337.3
6081337.4
6081337.4
6081337.5
6081337.5
6081337.5
6081337.6
6081337.6
6081337
6081337
6081337
6081337
6081337
6081337
6081337
6081336.9
6081336.9
6081336.9
6081336.9
6081336.9
6081336.9
6081336.9
6081336.9
6081336.9
6081336.9
6081336.9
6081336.9
6081336.9
6081336.9
6081336.9
6081336.9
6081336.9
6081337
6081337
6081337
6081337.1
6081337.1
6081337.2
6081337.2
6081337.3
6081337.3
6081337.4
6081337.4
6081337.5
6081337.5
6081337.5
6081337.6
6081337.6
6081337
6081337
6081337
6081337
6081337
6081337
6081337
6081337
6081336.9
6081336.9
6081336.9
6081336.9
6081336.9
6081336.9
6081336.9
6081336.9
6081336.9
6081336.9
6081336.9
6081336.9
6081336.9
6081336.9
6081336.9
6081336.9
6081337
6081337
6081337.1
6081337.1
6081337.2
6081337.2
6081337.2
6081337.3
6081337.3
6081337.4
6081337.4
6081337.5
6081337.5
6081337.5
6081337.6
6081337.6
6081337
6081337
6081337
6081337
6081337
6081337
6081337
6081337
6081336.9
6081336.9
6081336.9
6081336.9
6081336.9
6081336.9
6081336.9
6081336.9
6081336.9
6081336.9
6081336.9
6081336.9
6081336.9
6081336.9
6081336.9
6081337
6081337
6081337
6081337.1
6081337.1
6081337.2
6081337.2
6081337.3
6081337.3
6081337.4
6081337.4
6081337.4
6081337.5
6081337.5
6081337.6
6081337.6
6081337.6
6081337
6081337
6081337
6081337
6081337
6081337
6081337
6081337
6081337
6081336.9
6081336.9
6081336.9
6081336.9
6081336.9
6081336.9
6081336.9
6081336.9
6081336.9
6081336.9
6081336.9
6081336.9
6081336.9
6081336.9
6081337
6081337
6081337
6081337.1
6081337.1
6081337.2
6081337.2
6081337.3
6081337.3
6081337.4
6081337.4
6081337.4
6081337.5
6081337.5
6081337.6
6081337.6
6081337.6
6081337
6081337
6081337
6081337
6081337
6081337
6081337
6081337
6081337
6081336.9
6081336.9
6081336.9
6081336.9
6081336.9
6081336.9
6081336.9
6081336.9
6081336.9
6081336.9
6081336.9
6081336.9
6081336.9
6081336.9
6081337
6081337
6081337
6081337.1
6081337.1
6081337.2
6081337.2
6081337.3
6081337.3
6081337.4
6081337.4
6081337.5
6081337.5
6081337.5
6081337.6
6081337.6
6081337.6
6081337
6081337
6081337
6081337
6081337
6081337
6081337
6081337
6081337
6081336.9
6081336.9
6081336.9
6081336.9
6081336.9
6081336.9
6081336.9
6081336.9
6081336.9
6081336.9
6081336.9
6081336.9
6081336.9
6081336.9
6081337
6081337
6081337
6081337.1
6081337.1
6081337.2
6081337.2
6081337.3
6081337.3
6081337.4
6081337.4
6081337.4
6081337.5
6081337.5
6081337.6
6081337.6
6081337.6
)
;

boundaryField
{
    piston
    {
        type            zeroGradient;
    }
    cylinderHead
    {
        type            zeroGradient;
    }
    cylinderWall
    {
        type            zeroGradient;
    }
    wedgeFront
    {
        type            wedge;
    }
    wedgeBack
    {
        type            wedge;
    }
    axis
    {
        type            empty;
    }
}


// ************************************************************************* //
