/*--------------------------------*- C++ -*----------------------------------*\
  =========                 |
  \\      /  F ield         | OpenFOAM: The Open Source CFD Toolbox
   \\    /   O peration     | Website:  https://openfoam.org
    \\  /    A nd           | Version:  13
     \\/     M anipulation  |
\*---------------------------------------------------------------------------*/
FoamFile
{
    format      ascii;
    class       volScalarField;
    location    "31";
    object      rho;
}
// * * * * * * * * * * * * * * * * * * * * * * * * * * * * * * * * * * * * * //

dimensions      [1 -3 0 0 0 0 0];

internalField   nonuniform List<scalar> 
4800
(
11.38277
11.387904
11.387971
11.388033
11.38875
11.38961
11.391197
11.393178
11.394552
11.397186
11.400343
11.403304
11.40828
11.415132
11.423191
11.433868
11.448483
11.467393
11.491594
11.521337
11.545683
11.524714
11.39868
11.232721
11.207866
11.552567
12.479923
13.276125
12.937022
11.944006
11.266393
10.971671
10.940475
10.959819
10.93764
10.779605
10.484399
10.124743
9.7521705
9.5234936
8.8001965
8.8048313
8.804984
8.8050364
8.8056306
8.8063575
8.8077462
8.8094506
8.8106002
8.8128675
8.8155578
8.8180338
8.8222991
8.8281039
8.8348992
8.8438868
8.8562344
8.8721159
8.8922194
8.916175
8.9326483
8.9057427
8.7957813
8.6859012
8.7364335
9.1370124
9.9673034
10.556387
10.112554
9.1943319
8.6395338
8.4457778
8.4342392
8.4509259
8.4307808
8.3169167
8.1201541
7.8830475
7.674631
7.6313502
7.540765
7.5444165
7.5446852
7.5447431
7.5451643
7.5457088
7.5467142
7.5479361
7.5488468
7.5505408
7.5525591
7.5544981
7.5577176
7.5620632
7.5672049
7.5740242
7.5833979
7.5955276
7.6108404
7.6283403
7.6375375
7.6093256
7.5234068
7.4676008
7.5849144
8.0166668
8.71221
9.0534336
8.543456
7.7521343
7.3446131
7.2350227
7.2377108
7.2558506
7.2442365
7.1712402
7.0565723
6.9550261
6.8978187
6.9745558
6.9330277
6.9357312
6.9360552
6.9360971
6.9363625
6.936731
6.9373841
6.9381794
6.9388323
6.9399798
6.9413694
6.9427532
6.9449759
6.94795
6.9515219
6.9562875
6.9628563
6.9714629
6.9822489
6.993005
6.995506
6.9678296
6.9050857
6.8909739
7.0514927
7.4704493
7.9982207
8.1435236
7.6337177
6.9972243
6.7190922
6.6618295
6.6743037
6.6966593
6.6959808
6.665602
6.6195359
6.5870199
6.5960307
6.7404025
6.6440543
6.6456412
6.6458928
6.6458871
6.6459864
6.6461427
6.6464337
6.646789
6.6470724
6.6475924
6.6482314
6.6488465
6.649868
6.6512469
6.6528982
6.6551163
6.6581967
6.6621888
6.6670347
6.671661
6.6682552
6.6416151
6.5971029
6.6102227
6.7883466
7.1640781
7.5297069
7.5499105
7.0850785
6.5935025
6.4144731
6.3910596
6.4154309
6.4418534
6.4526424
6.4473771
6.4373969
6.4392557
6.4781055
6.6611949
6.5138277
6.51472
6.5149003
6.5148646
6.5148689
6.5148982
6.514981
6.515082
6.5151374
6.515284
6.5154697
6.5156099
6.5159039
6.5163176
6.5167894
6.5174267
6.5183103
6.5193218
6.5200092
6.5185546
6.508374
6.4776378
6.4413985
6.4687964
6.6457405
6.9601149
7.1972594
7.144653
6.7420916
6.3760656
6.2674823
6.267954
6.3008919
6.3282666
6.3452743
6.3549989
6.3641147
6.3819633
6.4318036
6.6365358
6.4587785
6.4592557
6.4593781
6.4593263
6.4592806
6.45924
6.4592107
6.4591743
6.4591005
6.4590399
6.4589697
6.4588383
6.45872
6.4585848
6.4583746
6.4580872
6.4576686
6.4568745
6.4551256
6.4505
6.436291
6.4012684
6.3636917
6.3930254
6.5554967
6.8065699
6.9520379
6.8606697
6.5232275
6.2583472
6.1968056
6.2151585
6.2547635
6.2813104
6.3003895
6.3179348
6.3367896
6.361078
6.4125053
6.6293145
6.4383194
6.4385709
6.4386532
6.4385959
6.4385296
6.4384577
6.4383778
6.4382791
6.4381458
6.4379897
6.4377986
6.4375401
6.4372272
6.4368307
6.4362922
6.4355548
6.4344968
6.4328405
6.4299517
6.4236769
6.4072123
6.3690427
6.3261547
6.3495156
6.4898711
6.6837492
6.7674319
6.6584206
6.3810068
6.1931067
6.1624421
6.1954844
6.239718
6.2649155
6.2836705
6.304485
6.3279586
6.3542821
6.4033999
6.6269976
6.4324372
6.4325773
6.4326345
6.4325779
6.432507
6.432426
6.4323297
6.4322104
6.4320585
6.4318702
6.4316365
6.4313354
6.4309536
6.4304618
6.4298031
6.4288989
6.4276046
6.425646
6.4223188
6.4153674
6.3978589
6.3576769
6.3087231
6.3213256
6.4371666
6.5835723
6.6267465
6.5127115
6.2867878
6.1552747
6.1451252
6.1903242
6.2368048
6.2611304
6.2790296
6.3006016
6.3259515
6.3526242
6.3971869
6.6259638
6.431521
6.4316173
6.4316631
6.4316084
6.4315384
6.431457
6.4313582
6.4312357
6.431082
6.4308883
6.4306465
6.4303389
6.4299433
6.4294306
6.4287459
6.4278056
6.4264629
6.424434
6.421006
6.4138765
6.3960547
6.3550172
6.3010486
6.3007567
6.3926418
6.5016612
6.5186318
6.4066962
6.2230703
6.1313898
6.1353514
6.1905772
6.2412323
6.2634973
6.2786617
6.3000384
6.3264736
6.3527499
6.3917269
6.6249195
6.4329662
6.4330198
6.4330503
6.4330033
6.4329424
6.4328704
6.4327815
6.4326712
6.4325338
6.4323584
6.4321382
6.4318613
6.4315007
6.4310296
6.4303996
6.4295328
6.4282853
6.4263812
6.423111
6.416183
6.3985321
6.3569061
6.2982229
6.2846587
6.3543549
6.4347599
6.4349829
6.3286492
6.1790456
6.1144229
6.1291463
6.1953788
6.2507125
6.2712252
6.2827394
6.3021011
6.3290161
6.3546224
6.38674
6.6236693
6.4350049
6.4350284
6.4350462
6.4350092
6.4349613
6.4349039
6.4348322
6.4347432
6.4346329
6.4344908
6.4343115
6.4340866
6.4337923
6.4334058
6.4328888
6.4321692
6.4311272
6.4295024
6.4266069
6.4202449
6.4033646
6.361839
6.2976809
6.2717799
6.321225
6.3803761
6.3697741
6.2706307
6.1475313
6.1011275
6.1246795
6.2026388
6.2639811
6.2834137
6.2905063
6.3064729
6.3331717
6.3578804
6.3823276
6.622252
6.4370546
6.4370625
6.4370718
6.4370448
6.4370098
6.4369677
6.4369145
6.4368484
6.4367667
6.4366603
6.4365255
6.4363564
6.4361338
6.4358398
6.4354419
6.4348869
6.4340656
6.4327541
6.4303549
6.4248312
6.4092779
6.3685572
6.3000289
6.2616898
6.2928218
6.3359401
6.3186236
6.2270336
6.1240776
6.0898482
6.1211115
6.2115988
6.2797184
6.2996348
6.3025105
6.3136937
6.3390607
6.3624628
6.3786068
6.6207178
6.4387259
6.4387259
6.4387297
6.4387116
6.4386884
6.4386602
6.4386244
6.4385797
6.4385246
6.4384522
6.4383601
6.438244
6.4380898
6.4378849
6.4376064
6.4372153
6.4366227
6.4356483
6.4337954
6.429271
6.4155472
6.3767175
6.3049188
6.2541201
6.2687022
6.2994592
6.278203
6.1940524
6.1060107
6.0798575
6.1180208
6.2214809
6.2958324
6.3178754
6.3181674
6.3239797
6.3464924
6.3679423
6.375642
6.619073
6.4397451
6.4397452
6.4397466
6.4397363
6.4397234
6.439708
6.4396885
6.439664
6.4396338
6.4395937
6.4395424
6.4394775
6.4393904
6.4392705
6.4391005
6.4388411
6.438435
6.4377452
6.4363965
6.4328802
6.4212629
6.3853955
6.3122642
6.2496106
6.2485286
6.2692934
6.2459839
6.1686203
6.0916722
6.0709131
6.1161038
6.2315974
6.3110442
6.3362628
6.3359836
6.3368709
6.3552511
6.3739858
6.3737546
6.6172953
6.4401834
6.4401844
6.4401848
6.4401791
6.4401725
6.4401647
6.4401548
6.4401424
6.440127
6.4401064
6.4400798
6.4400458
6.4399996
6.4399339
6.4398387
6.4396944
6.4394617
6.4390494
6.4381257
6.4355021
6.4260316
6.3939162
6.3215857
6.2477518
6.2320095
6.2441404
6.2200761
6.1488412
6.0800746
6.062987
6.1155099
6.2416722
6.3247926
6.3533863
6.3542587
6.3515826
6.3650815
6.3802423
6.3729669
6.6153533
6.440298
6.4402998
6.4402999
6.4402961
6.4402921
6.4402875
6.4402816
6.4402744
6.4402653
6.4402529
6.4402367
6.4402159
6.4401875
6.4401503
6.4401014
6.4400275
6.4399027
6.4396679
6.4391093
6.4372503
6.4297916
6.4018796
6.3322035
6.2481042
6.2187509
6.223004
6.1990368
6.1333783
6.070643
6.0560554
6.1163555
6.2516185
6.3369622
6.3684302
6.3714356
6.3669943
6.3755928
6.3863458
6.3728084
6.6132425
6.4402208
6.4402232
6.440223
6.4402212
6.4402197
6.4402183
6.4402166
6.4402144
6.4402118
6.4402077
6.4402023
6.4401953
6.4401852
6.4401689
6.4401429
6.4400993
6.4400215
6.4398698
6.4395484
6.4383445
6.4326326
6.409065
6.3436927
6.2517751
6.2083795
6.2051122
6.1817499
6.1212384
6.0630337
6.0501549
6.1198183
6.2614258
6.34768
6.3811107
6.3864294
6.38177
6.3862024
6.3920692
6.373517
6.611052
6.4400206
6.4400232
6.4400228
6.4400217
6.440021
6.4400207
6.4400203
6.4400199
6.4400195
6.4400185
6.4400171
6.4400157
6.4400131
6.4400087
6.440001
6.4399858
6.4399549
6.4398845
6.439677
6.4389026
6.4346976
6.4153564
6.3555641
6.2591967
6.2016952
6.1899386
6.1673538
6.1116756
6.0570374
6.0453162
6.1264196
6.2711234
6.3571501
6.3915206
6.3987733
6.3948882
6.3961969
6.3972467
6.3748781
6.6089504
6.4397784
6.439781
6.4397806
6.4397798
6.4397795
6.4397796
6.4397798
6.4397802
6.4397807
6.439781
6.4397816
6.4397827
6.4397833
6.4397832
6.4397818
6.4397766
6.439763
6.4397316
6.4396346
6.4391211
6.4361381
6.4207139
6.3675046
6.2697474
6.1989063
6.1772227
6.1551893
6.1041053
6.05252
6.0427734
6.1361667
6.2807549
6.3655664
6.399928
6.4084681
6.4058059
6.4050144
6.4017765
6.3764144
6.607055
6.4395155
6.4395181
6.4395177
6.4395172
6.4395174
6.4395179
6.4395188
6.4395199
6.4395215
6.4395228
6.4395247
6.4395271
6.4395293
6.4395314
6.439533
6.4395323
6.4395263
6.4395117
6.4394628
6.4391682
6.4370946
6.4251464
6.3791604
6.2828655
6.1985209
6.1668347
6.1447679
6.0980557
6.0492574
6.0421123
6.1484902
6.2903604
6.3730733
6.4066344
6.4158144
6.4144056
6.4123455
6.4055754
6.3777657
6.605519
6.4392326
6.4392352
6.4392349
6.4392346
6.439235
6.4392359
6.439237
6.4392387
6.4392408
6.4392431
6.439246
6.4392498
6.4392539
6.4392586
6.4392637
6.439268
6.4392698
6.4392651
6.4392388
6.4390729
6.4376911
6.428701
6.3901732
6.2981177
6.201673
6.1590015
6.1357609
6.0931735
6.047695
6.0440324
6.1625862
6.2999768
6.3797934
6.4119298
6.4212523
6.4208624
6.4181253
6.4086191
6.3788762
6.6042815
6.4389409
6.4389434
6.4389432
6.4389429
6.4389434
6.4389443
6.4389456
6.4389473
6.4389497
6.4389525
6.4389558
6.4389603
6.4389654
6.4389715
6.4389787
6.4389863
6.4389936
6.4389987
6.4389922
6.4388933
6.4379862
6.4314546
6.4002363
6.3149311
6.2092035
6.155178
6.1280533
6.0891711
6.047274
6.0501522
6.1776723
6.3096828
6.3858294
6.4161225
6.4252176
6.4255192
6.4224564
6.4109543
6.3797615
6.6033001
6.4386479
6.4386504
6.4386501
6.4386498
6.4386503
6.4386513
6.4386525
6.4386542
6.4386567
6.4386595
6.4386629
6.4386675
6.438673
6.4386795
6.4386875
6.4386966
6.4387066
6.4387178
6.4387261
6.4386751
6.4380892
6.4335036
6.4090251
6.3326829
6.2212132
6.154146
6.1216134
6.0858226
6.0477286
6.0616761
6.1931877
6.3196059
6.3913567
6.4195339
6.4280825
6.4287581
6.425548
6.4126727
6.3804513
6.6025236
6.438357
6.4383595
6.4383591
6.4383589
6.4383593
6.4383602
6.4383613
6.438363
6.4383654
6.4383682
6.4383715
6.438376
6.4383815
6.4383881
6.4383961
6.4384057
6.4384168
6.4384309
6.4384476
6.438433
6.4380818
6.4349473
6.416428
6.3505727
6.2373795
6.156349
6.1183365
6.0838792
6.0496766
6.0775698
6.2094698
6.3297696
6.3965993
6.4223591
6.4301365
6.4309303
6.4276543
6.4138881
6.3809809
6.6019027
6.4380696
6.4380721
6.4380717
6.4380714
6.4380718
6.4380725
6.4380737
6.4380752
6.4380776
6.4380802
6.4380834
6.4380877
6.438093
6.4380994
6.4381072
6.4381167
6.4381283
6.4381437
6.4381646
6.4381719
6.4379667
6.4359173
6.4224117
6.3678037
6.2571433
6.1627785
6.1174498
6.0832894
6.054117
6.0961621
6.226977
6.3403222
6.4015988
6.4247397
6.4315944
6.4323318
6.4290207
6.4147155
6.3813824
6.6014011
6.4377863
6.4377887
6.4377882
6.4377878
6.4377881
6.4377889
6.4377899
6.4377914
6.4377936
6.4377961
6.437799
6.4378032
6.4378082
6.4378144
6.4378219
6.4378312
6.4378428
6.4378588
6.4378814
6.4379006
6.43779
6.436509
6.4270363
6.3835989
6.2795887
6.174174
6.1192152
6.0844462
6.0621973
6.1169133
6.2455429
6.351043
6.4063706
6.4267481
6.4326128
6.4331977
6.429862
6.4152568
6.381682
6.6009925
6.437507
6.4375093
6.4375088
6.4375083
6.4375085
6.4375093
6.4375102
6.4375115
6.4375136
6.437516
6.4375187
6.4375226
6.4375275
6.4375333
6.4375405
6.4375494
6.4375609
6.4375771
6.4376004
6.4376256
6.4375798
6.4367899
6.4304331
6.3971056
6.3032199
6.1907562
6.1251218
6.0886842
6.0745691
6.1398565
6.2648398
6.3617372
6.4108463
6.4284242
6.4333062
6.4336917
6.4303276
6.4155953
6.3819016
6.6006559
6.4372318
6.437234
6.4372334
6.437233
6.437233
6.4372337
6.4372345
6.4372357
6.4372377
6.4372399
6.4372424
6.4372461
6.4372507
6.4372562
6.437263
6.4372716
6.4372829
6.4372992
6.4373224
6.4373504
6.4373441
6.4368794
6.4327702
6.4080606
6.3266508
6.2120203
6.1363959
6.0973162
6.0917988
6.1650824
6.2845126
6.3721725
6.4149636
6.4298014
6.4337602
6.4339174
6.4305345
6.4157996
6.3820593
6.6003713
6.4369606
6.4369627
6.4369621
6.4369616
6.4369616
6.4369622
6.4369629
6.4369639
6.4369658
6.4369678
6.4369702
6.4369736
6.4369779
6.4369831
6.4369895
6.4369977
6.4370089
6.4370252
6.4370479
6.4370767
6.4370913
6.4368434
6.434278
6.4165392
6.3486729
6.2368963
6.1533631
6.1114185
6.1141275
6.1924024
6.3042341
6.3821239
6.4186676
6.4309084
6.4340313
6.4339853
6.430594
6.4159042
6.3821678
6.6001313
6.4366935
6.4366955
6.4366948
6.4366943
6.4366942
6.4366947
6.4366953
6.4366961
6.4366979
6.4366998
6.4367019
6.436705
6.4367091
6.436714
6.43672
6.4367279
6.4367389
6.436755
6.4367771
6.4368056
6.4368304
6.4367063
6.4351771
6.4228275
6.3683859
6.2639859
6.1756832
6.1314384
6.1412397
6.2212903
6.3236085
6.3913847
6.4219159
6.4317761
6.434152
6.433968
6.4305729
6.4159452
6.3822344
6.5999265
6.4364303
6.4364323
6.4364316
6.4364308
6.4364308
6.4364312
6.4364317
6.4364324
6.4364339
6.4364357
6.4364376
6.4364405
6.4364443
6.4364487
6.4364544
6.436462
6.436473
6.4364888
6.43651
6.4365375
6.436567
6.4365176
6.4356151
6.4273105
6.3852112
6.2917743
6.2024092
6.1570733
6.172364
6.2508988
6.3421706
6.3997795
6.4246848
6.4324294
6.4341842
6.4338653
6.4304765
6.4159531
6.3822629
6.5997481
6.4361711
6.4361729
6.4361722
6.4361714
6.4361714
6.4361717
6.436172
6.4361726
6.4361739
6.4361755
6.4361772
6.4361799
6.4361833
6.4361875
6.4361928
6.4362002
6.4362111
6.4362264
6.4362467
6.4362728
6.4363037
6.4362988
6.4357665
6.4303726
6.3989729
6.3187572
6.2321452
6.1873067
6.2062417
6.2802232
6.3594442
6.407172
6.4269728
6.4328967
6.4341497
6.4337223
6.4303445
6.4159339
6.3822687
6.5995875
6.4359158
6.4359175
6.4359167
6.435916
6.4359158
6.4359161
6.4359163
6.4359168
6.4359179
6.4359193
6.4359208
6.4359232
6.4359263
6.4359302
6.4359351
6.4359423
6.4359531
6.4359679
6.4359871
6.4360116
6.4360423
6.4360596
6.4357734
6.4323667
6.409769
6.3436718
6.2632407
6.2205544
6.2412569
6.3082382
6.3750154
6.4134817
6.4287997
6.4332127
6.4340526
6.4335588
6.4301958
6.4158948
6.3822516
6.5994408
6.4356643
6.435666
6.4356653
6.4356644
6.4356642
6.4356644
6.4356645
6.4356648
6.4356658
6.435667
6.4356683
6.4356704
6.4356733
6.4356767
6.4356814
6.4356884
6.4356989
6.4357133
6.4357313
6.4357542
6.4357836
6.4358104
6.435663
6.4336006
6.4178914
6.365592
6.2940097
6.2549188
6.275674
6.3340053
6.3885816
6.4186895
6.4302028
6.4333806
6.4339178
6.4333824
6.4300393
6.4158423
6.3822126
6.599306
6.4354167
6.4354184
6.4354177
6.4354168
6.4354165
6.4354166
6.4354166
6.4354168
6.4354176
6.4354186
6.4354197
6.4354215
6.4354241
6.4354273
6.4354316
6.4354384
6.4354488
6.4354624
6.4354792
6.4355005
6.435528
6.4355583
6.4354913
6.4342752
6.4237428
6.3839889
6.3229407
6.2884859
6.3079004
6.3567881
6.3999831
6.4228366
6.4312326
6.4334388
6.4337616
6.4331941
6.4298778
6.4157796
6.3821563
6.5991792
6.4351731
6.4351747
6.4351739
6.4351731
6.4351727
6.4351727
6.4351726
6.4351726
6.4351732
6.4351741
6.435175
6.4351765
6.4351788
6.4351816
6.4351856
6.4351924
6.4352025
6.4352152
6.4352308
6.4352506
6.4352761
6.4353066
6.4352886
6.4345719
6.427771
6.3987251
6.3488529
6.3195998
6.3366947
6.3761392
6.4092132
6.4260151
6.431948
6.4334373
6.4335919
6.4329993
6.4297119
6.4157082
6.3820853
6.5990579
6.4349333
6.4349349
6.4349342
6.4349332
6.4349328
6.4349327
6.4349325
6.4349323
6.4349328
6.4349334
6.4349341
6.4349354
6.4349374
6.4349398
6.4349436
6.4349503
6.43496
6.4349719
6.4349862
6.4350045
6.4350279
6.4350569
6.4350645
6.4346563
6.4304125
6.4099928
6.3709841
6.3470346
6.3612796
6.3919218
6.4164011
6.428352
6.4324152
6.4333619
6.4334084
6.4328014
6.4295438
6.415629
6.3820019
6.59894
6.4346974
6.434699
6.4346982
6.4346973
6.4346967
6.4346965
6.4346962
6.4346958
6.4346962
6.4346966
6.434697
6.4346981
6.4346998
6.434702
6.4347056
6.4347121
6.4347213
6.4347323
6.4347455
6.4347622
6.4347835
6.4348103
6.4348289
6.4346104
6.4320549
6.4182145
6.3890114
6.3700929
6.3813634
6.4042804
6.4217789
6.4299927
6.4326622
6.4332421
6.4332169
6.4326028
6.4293751
6.4155432
6.3819077
6.5988242
6.4344654
6.4344669
6.4344661
6.4344652
6.4344645
6.4344642
6.4344637
6.4344632
6.4344635
6.4344637
6.4344638
6.4344647
6.434466
6.4344679
6.4344714
6.4344778
6.4344863
6.4344965
6.4345085
6.4345236
6.4345428
6.4345672
6.4345895
6.4344751
6.4329982
6.4239539
6.403006
6.3885905
6.3970765
6.4135666
6.4256378
6.4310847
6.4327536
6.4330963
6.4330219
6.4324048
6.4292063
6.4154513
6.3818042
6.5987093
6.4342372
6.4342386
6.4342378
6.4342367
6.4342359
6.4342356
6.434235
6.4342344
6.4342344
6.4342345
6.4342344
6.434235
6.4342361
6.4342378
6.4342412
6.4342473
6.4342552
6.4342644
6.4342753
6.4342889
6.4343061
6.4343277
6.4343501
6.4342983
6.4334486
6.427776
6.4133613
6.4027678
6.4088522
6.4202618
6.428286
6.4317699
6.4327647
6.4329341
6.4328257
6.4322086
6.4290378
6.415354
6.3816927
6.5985946
6.4340127
6.4340141
6.4340132
6.434012
6.4340113
6.4340108
6.4340101
6.4340093
6.4340091
6.434009
6.4340087
6.4340091
6.4340099
6.4340114
6.4340147
6.4340205
6.4340278
6.434036
6.4340459
6.4340579
6.4340731
6.4340921
6.4341128
6.4340952
6.4336
6.4301899
6.420662
6.4131524
6.4173034
6.4248865
6.4300152
6.4321299
6.4326897
6.4327572
6.4326293
6.4320146
6.42887
6.4152518
6.3815745
6.5984796
6.4337919
6.4337932
6.4337922
6.433791
6.4337902
6.4337896
6.4337888
6.4337879
6.4337876
6.4337873
6.4337868
6.4337869
6.4337875
6.4337888
6.433792
6.4337974
6.433804
6.4338114
6.4338201
6.4338307
6.4338439
6.4338603
6.4338785
6.4338766
6.433606
6.4316341
6.4255595
6.4204199
6.4231069
6.427938
6.4310843
6.4322726
6.4325693
6.4325729
6.4324339
6.4318231
6.4287031
6.4151452
6.3814503
6.5983638
6.4335748
6.433576
6.4335749
6.4335737
6.4335727
6.4335721
6.4335712
6.4335702
6.4335697
6.4335692
6.4335685
6.4335684
6.4335687
6.4335699
6.4335729
6.433578
6.4335839
6.4335905
6.433598
6.4336071
6.4336184
6.4336324
6.4336477
6.4336518
6.433502
6.4323857
6.428673
6.4252716
6.4269123
6.4298509
6.4316723
6.4323008
6.4324241
6.4323858
6.4322402
6.4316342
6.4285372
6.4150347
6.38132
6.5982472
6.4333612
6.4333623
6.4333612
6.43336
6.433359
6.4333582
6.4333573
6.4333561
6.4333555
6.4333548
6.4333539
6.4333536
6.4333537
6.4333546
6.4333576
6.4333623
6.4333675
6.4333731
6.4333796
6.4333873
6.4333968
6.4334084
6.4334208
6.4334262
6.4333444
6.4327037
6.4305464
6.4283517
6.4292846
6.4309875
6.4319328
6.432234
6.432261
6.4321977
6.432049
6.4314482
6.4283723
6.414921
6.3811848
6.5981295
6.4331512
6.4331522
6.4331512
6.4331499
6.4331488
6.4331479
6.4331469
6.4331456
6.4331447
6.433144
6.4331428
6.4331423
6.4331422
6.4331431
6.433146
6.4331502
6.4331548
6.4331595
6.4331648
6.4331712
6.4331789
6.4331883
6.4331978
6.4332022
6.4331581
6.4327889
6.4315696
6.4302068
6.4306889
6.4315621
6.432007
6.4321161
6.4320871
6.4320103
6.4318604
6.4312649
6.4282085
6.4148041
6.3810469
6.5980107
6.4329447
6.4329457
6.4329446
6.4329432
6.4329421
6.4329412
6.4329401
6.4329387
6.4329376
6.4329367
6.4329353
6.4329346
6.4329344
6.4329353
6.4329379
6.4329416
6.4329456
6.4329494
6.4329538
6.4329587
6.4329647
6.4329721
6.4329788
6.4329811
6.4329546
6.4327422
6.4320376
6.4312253
6.4314112
6.4317951
6.4319756
6.4319733
6.4319085
6.4318246
6.431675
6.4310844
6.428046
6.414684
6.3809063
6.5978909
6.4327417
6.4327427
6.4327416
6.4327402
6.4327389
6.432738
6.4327368
6.4327353
6.4327341
6.4327329
6.4327315
6.4327306
6.4327302
6.4327311
6.4327334
6.4327366
6.4327399
6.432743
6.4327462
6.4327499
6.4327543
6.4327596
6.4327639
6.4327636
6.4327443
6.4326142
6.4321862
6.4316937
6.4317148
6.4318506
6.4318717
6.4318127
6.4317282
6.4316411
6.4314925
6.4309066
6.4278848
6.4145613
6.3807631
6.5977701
6.4325422
6.4325431
6.432542
6.4325406
6.4325394
6.4325383
6.4325369
6.4325353
6.432534
6.4325327
6.4325311
6.43253
6.4325296
6.4325304
6.4325324
6.4325352
6.4325377
6.43254
6.4325423
6.4325448
6.4325476
6.432551
6.4325529
6.4325502
6.4325328
6.43245
6.4321922
6.4318468
6.4317955
6.4317971
6.4317365
6.4316422
6.4315482
6.4314603
6.4313131
6.4307316
6.4277251
6.4144371
6.3806178
6.5976483
6.4323462
6.432347
6.4323459
6.4323445
6.4323433
6.4323421
6.4323406
6.4323389
6.4323375
6.4323359
6.4323341
6.432333
6.4323326
6.4323333
6.432335
6.4323372
6.4323391
6.4323406
6.432342
6.4323432
6.4323447
6.4323462
6.4323459
6.4323407
6.4323231
6.4322641
6.4320922
6.4318608
6.4317585
6.4316823
6.4315811
6.4314676
6.43137
6.4312823
6.4311367
6.4305594
6.4275669
6.4143114
6.3804708
6.5975258
6.4321536
6.4321544
6.4321532
6.4321518
6.4321506
6.4321493
6.4321478
6.432146
6.4321444
6.4321426
6.4321408
6.4321396
6.4321392
6.4321397
6.4321411
6.4321427
6.432144
6.4321447
6.4321452
6.4321453
6.4321453
6.4321451
6.4321427
6.4321353
6.4321165
6.432068
6.4319476
6.4317702
6.4316482
6.4315413
6.4314139
6.4312924
6.4311941
6.4311074
6.4309633
6.4303899
6.4274101
6.4141842
6.3803223
6.5974025
6.4319644
6.4319651
6.431964
6.4319626
6.4319613
6.4319599
6.4319583
6.4319565
6.4319547
6.4319528
6.4319509
6.4319497
6.4319492
6.4319495
6.4319506
6.4319517
6.4319523
6.4319523
6.4319519
6.4319509
6.4319496
6.4319478
6.4319435
6.431934
6.4319135
6.4318692
6.4317779
6.4316353
6.4315088
6.4313809
6.4312417
6.4311183
6.4310208
6.4309354
6.430793
6.4302231
6.4272549
6.414056
6.3801729
6.5972783
6.4317786
6.4317793
6.4317782
6.4317768
6.4317754
6.4317739
6.4317723
6.4317703
6.4317684
6.4317665
6.4317645
6.4317632
6.4317627
6.4317629
6.4317635
6.4317641
6.4317641
6.4317634
6.4317621
6.43176
6.4317575
6.4317542
6.4317482
6.4317367
6.4317146
6.4316717
6.4315943
6.4314753
6.4313476
6.4312102
6.4310683
6.4309462
6.4308504
6.4307664
6.4306256
6.430059
6.4271015
6.4139267
6.3800227
6.5971536
6.4315961
6.4315968
6.4315958
6.4315942
6.4315929
6.4315914
6.4315896
6.4315876
6.4315855
6.4315835
6.4315815
6.4315802
6.4315797
6.4315796
6.4315798
6.4315799
6.4315793
6.431578
6.4315758
6.4315727
6.4315691
6.4315643
6.4315566
6.4315434
6.4315197
6.4314771
6.4314063
6.4313004
6.4311748
6.4310361
6.4308961
6.4307768
6.4306829
6.4306004
6.4304612
6.4298976
6.4269498
6.4137967
6.3798719
6.5970281
6.431417
6.4314176
6.4314166
6.4314151
6.4314136
6.4314121
6.4314102
6.4314081
6.431406
6.4314039
6.4314018
6.4314006
6.4314
6.4313996
6.4313995
6.4313991
6.4313979
6.431396
6.431393
6.4313889
6.4313842
6.431378
6.4313687
6.4313539
6.4313288
6.4312861
6.4312187
6.4311201
6.4309983
6.4308624
6.4307262
6.4306101
6.4305184
6.4304372
6.4302996
6.4297389
6.4267998
6.4136663
6.3797208
6.596902
6.4312412
6.4312417
6.4312408
6.4312392
6.4312377
6.4312361
6.4312342
6.431232
6.4312298
6.4312277
6.4312257
6.4312244
6.4312236
6.4312229
6.4312225
6.4312216
6.4312198
6.4312173
6.4312135
6.4312085
6.4312027
6.4311953
6.4311846
6.4311683
6.4311419
6.4310991
6.4310335
6.4309398
6.4308223
6.4306907
6.4305591
6.4304464
6.4303568
6.430277
6.430141
6.4295828
6.4266516
6.4135355
6.3795694
6.5967752
6.4310686
6.4310691
6.4310682
6.4310666
6.431065
6.4310634
6.4310614
6.4310592
6.431057
6.4310549
6.4310528
6.4310515
6.4310506
6.4310496
6.4310487
6.4310474
6.4310451
6.4310419
6.4310373
6.4310315
6.4310246
6.4310161
6.431004
6.4309865
6.4309589
6.4309159
6.4308518
6.4307616
6.4306485
6.4305217
6.4303949
6.4302855
6.4301981
6.4301198
6.4299852
6.4294294
6.4265053
6.4134046
6.3794179
6.5966479
6.4308993
6.4308998
6.4308988
6.4308973
6.4308956
6.4308939
6.430892
6.4308897
6.4308875
6.4308854
6.4308833
6.430882
6.4308808
6.4308794
6.4308782
6.4308764
6.4308736
6.4308698
6.4308645
6.4308579
6.43085
6.4308403
6.4308271
6.4308083
6.4307798
6.4307367
6.4306737
6.4305866
6.4304778
6.4303558
6.4302336
6.4301276
6.4300423
6.4299654
6.4298322
6.4292787
6.4263608
6.4132737
6.3792666
6.5965199
6.4307332
6.4307336
6.4307326
6.430731
6.4307294
6.4307277
6.4307257
6.4307235
6.4307213
6.4307191
6.4307171
6.4307156
6.4307142
6.4307125
6.4307109
6.4307087
6.4307054
6.4307009
6.430695
6.4306876
6.4306788
6.430668
6.4306537
6.4306338
6.4306044
6.4305613
6.4304994
6.4304149
6.4303103
6.4301931
6.4300754
6.4299726
6.4298893
6.4298139
6.429682
6.4291305
6.4262183
6.413143
6.3791154
6.5963913
6.4305702
6.4305706
6.4305696
6.4305681
6.4305664
6.4305646
6.4305627
6.4305604
6.4305583
6.4305561
6.430554
6.4305524
6.4305507
6.4305488
6.4305468
6.4305441
6.4305403
6.4305353
6.4305287
6.4305205
6.4305109
6.4304991
6.4304838
6.4304629
6.4304328
6.4303896
6.4303288
6.4302469
6.4301462
6.4300335
6.4299201
6.4298205
6.4297392
6.4296652
6.4295347
6.4289849
6.4260776
6.4130127
6.3789646
6.596262
6.4304103
6.4304107
6.4304097
6.4304082
6.4304065
6.4304048
6.4304028
6.4304006
6.4303985
6.4303963
6.4303941
6.4303922
6.4303904
6.4303881
6.4303858
6.4303827
6.4303784
6.4303729
6.4303656
6.4303567
6.4303463
6.4303335
6.4303173
6.4302956
6.4302648
6.4302218
6.4301619
6.4300825
6.4299855
6.4298772
6.4297678
6.4296713
6.4295919
6.4295193
6.4293901
6.428842
6.425939
6.4128828
6.3788142
6.596132
6.4302536
6.430254
6.430253
6.4302515
6.4302497
6.430248
6.4302461
6.4302439
6.4302418
6.4302395
6.4302373
6.4302352
6.4302331
6.4302306
6.4302279
6.4302244
6.4302196
6.4302136
6.4302057
6.4301961
6.4301849
6.4301713
6.4301542
6.4301316
6.4301005
6.4300575
6.4299987
6.4299216
6.429828
6.4297238
6.4296185
6.4295248
6.4294474
6.4293761
6.4292482
6.4287015
6.4258023
6.4127535
6.3786643
6.5960012
6.4301
6.4301003
6.4300993
6.4300979
6.4300962
6.4300944
6.4300925
6.4300903
6.4300882
6.4300859
6.4300836
6.4300813
6.4300789
6.4300761
6.4300731
6.4300691
6.430064
6.4300574
6.4300489
6.4300387
6.4300267
6.4300123
6.4299945
6.4299711
6.4299396
6.4298968
6.429839
6.4297642
6.4296739
6.4295736
6.4294721
6.4293812
6.4293056
6.4292357
6.4291089
6.4285636
6.4256676
6.4126247
6.378515
6.5958693
6.4299494
6.4299497
6.4299488
6.4299473
6.4299456
6.4299439
6.4299421
6.4299399
6.4299378
6.4299354
6.4299328
6.4299304
6.4299277
6.4299246
6.4299213
6.429917
6.4299114
6.4299043
6.4298952
6.4298844
6.4298718
6.4298566
6.4298381
6.4298141
6.4297823
6.4297396
6.4296828
6.4296102
6.429523
6.4294264
6.4293287
6.4292404
6.4291666
6.4290979
6.4289723
6.4284282
6.4255349
6.4124968
6.3783663
6.5957363
6.4298019
6.4298022
6.4298013
6.4297998
6.4297982
6.4297965
6.4297947
6.4297925
6.4297903
6.4297878
6.4297851
6.4297825
6.4297795
6.4297762
6.4297726
6.4297678
6.4297618
6.4297542
6.4297446
6.4297332
6.4297199
6.4297041
6.4296848
6.4296603
6.4296283
6.4295858
6.42953
6.4294594
6.4293753
6.4292823
6.429188
6.4291023
6.4290304
6.4289628
6.4288383
6.4282953
6.4254042
6.4123697
6.3782185
6.5956022
6.4296574
6.4296577
6.4296568
6.4296554
6.4296537
6.4296521
6.4296503
6.429648
6.4296458
6.4296432
6.4296403
6.4296375
6.4296343
6.4296307
6.4296267
6.4296216
6.4296152
6.4296072
6.429597
6.429585
6.4295712
6.4295548
6.4295349
6.4295099
6.4294776
6.4294355
6.4293806
6.4293121
6.4292307
6.4291411
6.4290501
6.428967
6.4288967
6.4288304
6.4287069
6.4281649
6.4252756
6.4122435
6.3780713
6.5954665
6.4295159
6.4295163
6.4295153
6.429514
6.4295123
6.4295107
6.4295088
6.4295066
6.4295042
6.4295015
6.4294984
6.4294955
6.429492
6.4294882
6.4294838
6.4294784
6.4294716
6.4294632
6.4294524
6.42944
6.4294255
6.4294085
6.4293881
6.4293628
6.4293302
6.4292884
6.4292347
6.4291679
6.4290893
6.4290029
6.428915
6.4288343
6.4287657
6.4287007
6.4285782
6.428037
6.4251489
6.4121183
6.3779249
6.595329
6.4293775
6.4293778
6.4293767
6.4293754
6.4293739
6.4293723
6.4293702
6.429368
6.4293655
6.4293627
6.4293595
6.4293563
6.4293526
6.4293485
6.4293439
6.4293381
6.4293309
6.429322
6.4293109
6.4292979
6.4292829
6.4292653
6.4292445
6.4292188
6.4291861
6.4291446
6.4290918
6.429027
6.4289508
6.4288675
6.4287827
6.4287043
6.4286374
6.4285735
6.428452
6.4279116
6.4250245
6.4119942
6.3777794
6.5951893
6.4292419
6.4292422
6.4292412
6.4292399
6.4292383
6.4292367
6.4292346
6.4292323
6.4292297
6.4292268
6.4292234
6.42922
6.4292161
6.4292117
6.4292069
6.4292007
6.4291932
6.4291838
6.4291723
6.4291588
6.4291433
6.4291252
6.429104
6.4290779
6.4290452
6.429004
6.4289523
6.4288892
6.4288154
6.428735
6.4286531
6.4285771
6.4285116
6.4284489
6.4283283
6.4277885
6.424902
6.4118713
6.3776347
6.595047
6.4291092
6.4291095
6.4291085
6.4291072
6.4291056
6.429104
6.4291018
6.4290994
6.4290968
6.4290937
6.4290902
6.4290865
6.4290825
6.4290779
6.4290727
6.4290662
6.4290583
6.4290486
6.4290366
6.4290227
6.4290067
6.4289882
6.4289665
6.4289401
6.4289074
6.4288667
6.4288159
6.4287545
6.428683
6.4286054
6.4285263
6.4284524
6.4283885
6.4283268
6.4282072
6.427668
6.4247817
6.4117496
6.377491
6.5949016
6.4289793
6.4289797
6.4289787
6.4289774
6.4289757
6.428974
6.4289719
6.4289694
6.4289666
6.4289634
6.4289597
6.4289559
6.4289516
6.4289468
6.4289413
6.4289345
6.4289263
6.4289162
6.4289038
6.4288895
6.428873
6.4288541
6.428832
6.4288054
6.4287728
6.4287324
6.4286826
6.4286228
6.4285536
6.4284785
6.4284021
6.4283304
6.4282679
6.4282074
6.4280885
6.4275498
6.4246634
6.411629
6.3773488
6.5947519
6.4288524
6.4288527
6.4288516
6.4288503
6.4288486
6.4288469
6.4288447
6.4288422
6.4288393
6.4288359
6.4288321
6.4288282
6.4288236
6.4288185
6.4288128
6.4288057
6.4287972
6.4287866
6.4287739
6.4287592
6.4287423
6.4287229
6.4287006
6.4286737
6.4286412
6.4286013
6.4285523
6.4284941
6.4284271
6.4283544
6.4282806
6.428211
6.42815
6.4280905
6.4279724
6.427434
6.4245472
6.4115099
6.3772083
6.5945972
6.4287282
6.4287284
6.4287274
6.428726
6.4287244
6.4287225
6.4287203
6.4287176
6.4287146
6.4287112
6.4287072
6.4287032
6.4286984
6.4286931
6.4286871
6.4286796
6.4286708
6.4286599
6.4286468
6.4286317
6.4286145
6.4285947
6.4285721
6.4285451
6.4285127
6.4284731
6.4284251
6.4283684
6.4283033
6.4282331
6.4281617
6.4280941
6.4280345
6.427976
6.4278587
6.4273206
6.4244331
6.4113921
6.3770686
6.5944376
6.4286068
6.4286069
6.4286059
6.4286045
6.4286028
6.4286009
6.4285986
6.4285958
6.4285927
6.4285892
6.4285852
6.4285808
6.4285758
6.4285703
6.428564
6.4285564
6.4285472
6.428536
6.4285225
6.4285071
6.4284895
6.4284694
6.4284465
6.4284194
6.428387
6.4283479
6.4283009
6.4282455
6.4281824
6.4281144
6.4280453
6.4279798
6.4279216
6.4278641
6.4277475
6.4272095
6.4243211
6.4112755
6.3769297
6.5942723
6.428488
6.4284882
6.4284871
6.4284856
6.4284839
6.4284819
6.4284796
6.4284767
6.4284736
6.4284699
6.4284658
6.4284612
6.4284561
6.4284503
6.4284438
6.4284359
6.4284264
6.4284149
6.4284011
6.4283852
6.4283672
6.4283469
6.4283238
6.4282966
6.4282643
6.4282256
6.4281795
6.4281255
6.4280644
6.4279985
6.4279316
6.4278681
6.4278111
6.4277546
6.4276386
6.4271009
6.4242112
6.4111602
6.3767915
6.5941005
6.428372
6.4283721
6.4283709
6.4283695
6.4283676
6.4283656
6.4283632
6.4283603
6.4283571
6.4283533
6.428349
6.4283442
6.428339
6.428333
6.4283262
6.428318
6.4283083
6.4282964
6.4282823
6.4282661
6.4282478
6.4282272
6.4282039
6.4281766
6.4281445
6.4281063
6.428061
6.4280083
6.427949
6.4278852
6.4278204
6.4277588
6.4277032
6.4276475
6.4275322
6.4269945
6.4241034
6.4110461
6.376654
6.5939211
6.4282586
6.4282586
6.4282575
6.4282559
6.428254
6.428252
6.4282495
6.4282465
6.4282432
6.4282392
6.4282348
6.42823
6.4282245
6.4282183
6.4282113
6.4282029
6.4281928
6.4281807
6.4281662
6.4281497
6.4281311
6.4281103
6.4280868
6.4280594
6.4280276
6.4279898
6.4279453
6.427894
6.4278364
6.4277745
6.4277118
6.4276519
6.4275977
6.4275429
6.4274282
6.4268905
6.4239978
6.4109336
6.3765168
6.5937328
6.4281478
6.4281477
6.4281466
6.4281449
6.428143
6.4281409
6.4281384
6.4281353
6.4281319
6.4281279
6.4281233
6.4281184
6.4281127
6.4281063
6.428099
6.4280903
6.42808
6.4280676
6.4280529
6.4280361
6.4280172
6.4279962
6.4279725
6.427945
6.4279133
6.4278761
6.4278325
6.4277824
6.4277264
6.4276664
6.4276057
6.4275475
6.4274946
6.4274406
6.4273265
6.4267887
6.4238942
6.4108225
6.3763798
6.5935342
6.4280396
6.4280394
6.4280382
6.4280366
6.4280346
6.4280324
6.4280298
6.4280267
6.4280232
6.428019
6.4280145
6.4280093
6.4280034
6.4279968
6.4279893
6.4279804
6.4279699
6.4279572
6.4279421
6.4279251
6.427906
6.4278847
6.4278609
6.4278334
6.4278019
6.4277651
6.4277224
6.4276735
6.427619
6.4275609
6.427502
6.4274456
6.4273938
6.4273407
6.4272272
6.4266893
6.4237926
6.410713
6.3762429
6.5933237
6.427934
6.4279336
6.4279325
6.4279308
6.4279288
6.4279265
6.4279238
6.4279206
6.4279171
6.4279128
6.4279082
6.4279028
6.4278968
6.42789
6.4278822
6.4278731
6.4278624
6.4278494
6.4278341
6.4278168
6.4277974
6.4277759
6.427752
6.4277246
6.4276932
6.4276569
6.4276149
6.4275671
6.4275142
6.4274579
6.4274008
6.427346
6.4272955
6.4272432
6.4271303
6.426592
6.4236932
6.410605
6.3761059
6.5930993
6.4278308
6.4278305
6.4278292
6.4278274
6.4278254
6.4278231
6.4278203
6.4278171
6.4278134
6.4278091
6.4278043
6.4277989
6.4277927
6.4277857
6.4277777
6.4277683
6.4277573
6.4277441
6.4277285
6.427711
6.4276914
6.4276698
6.4276457
6.4276183
6.4275872
6.4275513
6.4275101
6.4274635
6.427412
6.4273573
6.427302
6.4272488
6.4271995
6.4271481
6.4270356
6.4264971
6.4235957
6.4104985
6.3759686
6.5928589
6.4277301
6.4277298
6.4277284
6.4277267
6.4277246
6.4277222
6.4277194
6.4277161
6.4277124
6.4277079
6.427703
6.4276974
6.4276911
6.4276839
6.4276757
6.4276661
6.4276549
6.4276414
6.4276256
6.4276078
6.4275881
6.4275663
6.427542
6.4275147
6.4274838
6.4274484
6.427408
6.4273624
6.4273123
6.4272592
6.4272056
6.4271539
6.4271058
6.4270552
6.4269432
6.4264044
6.4235003
6.4103937
6.3758307
6.5926001
6.427632
6.4276315
6.4276302
6.4276284
6.4276263
6.4276238
6.427621
6.4276175
6.4276138
6.4276093
6.4276042
6.4275985
6.427592
6.4275847
6.4275763
6.4275665
6.427555
6.4275412
6.4275253
6.4275072
6.4274873
6.4274654
6.427441
6.4274138
6.4273831
6.4273481
6.4273085
6.4272639
6.4272152
6.4271636
6.4271115
6.4270613
6.4270145
6.4269646
6.426853
6.4263139
6.4234068
6.4102904
6.3756922
6.5923197
6.4275362
6.4275357
6.4275344
6.4275325
6.4275304
6.4275279
6.427525
6.4275214
6.4275176
6.4275131
6.4275079
6.4275021
6.4274955
6.4274879
6.4274793
6.4274693
6.4274576
6.4274436
6.4274274
6.4274092
6.427389
6.427367
6.4273426
6.4273155
6.427285
6.4272504
6.4272116
6.427168
6.4271205
6.4270704
6.4270198
6.4269711
6.4269254
6.4268762
6.4267651
6.4262256
6.4233154
6.4101885
6.3755525
6.5920149
6.4274429
6.4274424
6.427441
6.4274391
6.4274369
6.4274343
6.4274314
6.4274278
6.427424
6.4274193
6.4274141
6.4274081
6.4274013
6.4273937
6.4273848
6.4273745
6.4273626
6.4273485
6.4273321
6.4273137
6.4272934
6.4272712
6.4272468
6.4272197
6.4271894
6.4271553
6.4271171
6.4270745
6.4270282
6.4269795
6.4269304
6.426883
6.4268385
6.4267901
6.4266794
6.4261395
6.423226
6.4100881
6.3754114
6.5916815
6.4273521
6.4273516
6.42735
6.4273481
6.4273459
6.4273433
6.4273403
6.4273366
6.4273327
6.4273279
6.4273226
6.4273165
6.4273096
6.4273018
6.4272928
6.4272823
6.4272702
6.4272558
6.4272393
6.4272207
6.4272002
6.4271779
6.4271534
6.4271265
6.4270964
6.4270627
6.4270252
6.4269835
6.4269385
6.4268911
6.4268434
6.4267973
6.4267539
6.4267063
6.426596
6.4260555
6.4231386
6.409989
6.3752685
6.5913154
6.4272635
6.427263
6.4272615
6.4272595
6.4272573
6.4272546
6.4272516
6.4272479
6.4272438
6.427239
6.4272336
6.4272274
6.4272203
6.4272123
6.4272031
6.4271925
6.4271802
6.4271656
6.4271489
6.4271301
6.4271095
6.4270871
6.4270626
6.4270357
6.4270059
6.4269726
6.4269357
6.4268949
6.426851
6.4268049
6.4267586
6.4267138
6.4266715
6.4266247
6.4265148
6.4259738
6.4230532
6.4098914
6.3751234
6.5909114
6.4271774
6.4271769
6.4271753
6.4271733
6.427171
6.4271683
6.4271652
6.4271615
6.4271573
6.4271525
6.4271469
6.4271406
6.4271334
6.4271252
6.4271159
6.4271051
6.4270925
6.4270777
6.4270609
6.427042
6.4270212
6.4269988
6.4269742
6.4269475
6.4269179
6.426885
6.4268487
6.4268088
6.426766
6.4267211
6.4266761
6.4266324
6.4265912
6.4265451
6.4264357
6.425894
6.4229697
6.409795
6.3749755
6.5904639
6.4270937
6.4270932
6.4270915
6.4270895
6.4270872
6.4270844
6.4270812
6.4270775
6.4270733
6.4270683
6.4270627
6.4270562
6.4270489
6.4270406
6.427031
6.42702
6.4270074
6.4269924
6.4269754
6.4269562
6.4269354
6.4269129
6.4268884
6.4268617
6.4268322
6.4267999
6.4267641
6.4267251
6.4266833
6.4266396
6.4265958
6.4265534
6.4265131
6.4264677
6.4263587
6.4258165
6.4228883
6.4096999
6.3748242
6.5899665
6.4270124
6.4270117
6.4270101
6.427008
6.4270056
6.4270028
6.4269996
6.4269957
6.4269915
6.4269865
6.4269808
6.4269742
6.4269667
6.4269582
6.4269486
6.4269374
6.4269246
6.4269094
6.4268922
6.4268729
6.426852
6.4268294
6.4268049
6.4267783
6.4267491
6.4267171
6.426682
6.4266437
6.4266029
6.4265604
6.4265177
6.4264764
6.4264371
6.4263925
6.4262839
6.425741
6.4228087
6.4096059
6.374669
6.5894116
6.4269333
6.4269326
6.426931
6.4269289
6.4269264
6.4269236
6.4269203
6.4269164
6.4269121
6.426907
6.4269012
6.4268945
6.426887
6.4268783
6.4268685
6.4268572
6.4268441
6.4268289
6.4268114
6.4267921
6.426771
6.4267483
6.4267238
6.4266973
6.4266683
6.4266368
6.4266022
6.4265647
6.4265248
6.4264834
6.4264419
6.4264016
6.4263632
6.4263194
6.4262111
6.4256675
6.4227311
6.409513
6.3745089
6.5887908
6.4268564
6.4268559
6.4268542
6.426852
6.4268496
6.4268466
6.4268433
6.4268394
6.4268349
6.4268298
6.426824
6.4268171
6.4268095
6.4268007
6.4267907
6.4267792
6.4267659
6.4267506
6.426733
6.4267135
6.4266924
6.4266696
6.4266451
6.4266187
6.4265901
6.4265588
6.4265248
6.4264881
6.4264491
6.4264086
6.4263681
6.4263289
6.4262915
6.4262483
6.4261405
6.4255962
6.4226553
6.4094211
6.3743431
6.5880947
6.4267819
6.4267814
6.4267797
6.4267774
6.426775
6.4267719
6.4267687
6.4267646
6.4267602
6.4267549
6.4267489
6.426742
6.4267342
6.4267253
6.4267152
6.4267035
6.4266901
6.4266746
6.4266569
6.4266373
6.4266161
6.4265933
6.4265689
6.4265425
6.4265141
6.4264832
6.4264497
6.4264137
6.4263756
6.4263361
6.4262966
6.4262584
6.4262218
6.4261794
6.4260719
6.4255268
6.4225813
6.40933
6.3741706
6.5873124
6.4267097
6.4267091
6.4267074
6.426705
6.4267026
6.4266996
6.4266962
6.4266921
6.4266875
6.4266823
6.4266762
6.4266692
6.4266613
6.4266523
6.426642
6.4266302
6.4266166
6.4266009
6.4265831
6.4265634
6.4265421
6.4265193
6.4264948
6.4264686
6.4264403
6.4264098
6.4263769
6.4263415
6.4263042
6.4262657
6.4262272
6.4261899
6.4261542
6.4261124
6.4260052
6.4254593
6.4225089
6.4092395
6.3739901
6.586432
6.4266397
6.4266389
6.4266373
6.4266349
6.4266323
6.4266293
6.4266259
6.4266217
6.4266171
6.4266117
6.4266057
6.4265985
6.4265905
6.4265814
6.426571
6.4265591
6.4265453
6.4265295
6.4265115
6.4264917
6.4264704
6.4264476
6.4264231
6.426397
6.426369
6.4263387
6.4263063
6.4262716
6.426235
6.4261975
6.4261599
6.4261234
6.4260885
6.4260473
6.4259404
6.4253937
6.4224382
6.4091493
6.3738001
6.5854402
6.4265715
6.4265708
6.4265691
6.4265667
6.4265641
6.426561
6.4265575
6.4265534
6.4265487
6.4265433
6.4265371
6.42653
6.4265218
6.4265126
6.4265021
6.42649
6.4264761
6.4264602
6.4264421
6.4264223
6.4264008
6.426378
6.4263537
6.4263276
6.4262998
6.4262699
6.4262379
6.4262038
6.426168
6.4261312
6.4260945
6.4260589
6.4260247
6.4259839
6.4258774
6.4253297
6.4223688
6.409059
6.3735983
6.5843225
6.426505
6.4265044
6.4265025
6.4265001
6.4264975
6.4264944
6.4264909
6.4264868
6.426482
6.4264766
6.4264703
6.4264631
6.4264549
6.4264455
6.426435
6.4264228
6.4264088
6.4263928
6.4263747
6.4263547
6.4263332
6.4263105
6.4262861
6.4262603
6.4262326
6.4262031
6.4261715
6.4261379
6.4261029
6.4260668
6.4260308
6.425996
6.4259624
6.4259222
6.4258158
6.425267
6.4223004
6.408968
6.3733821
6.5830631
6.4264394
6.4264387
6.4264369
6.4264344
6.4264318
6.4264287
6.4264252
6.426421
6.4264163
6.4264108
6.4264046
6.4263974
6.4263891
6.4263797
6.426369
6.4263568
6.4263429
6.4263268
6.4263086
6.4262886
6.4262672
6.4262445
6.4262202
6.4261946
6.4261671
6.4261379
6.4261067
6.4260737
6.4260391
6.4260037
6.4259684
6.4259341
6.425901
6.4258612
6.4257548
6.4252048
6.4222319
6.4088747
6.3731469
6.5816456
6.4263732
6.4263724
6.4263705
6.4263681
6.4263655
6.4263624
6.4263588
6.4263547
6.42635
6.4263446
6.4263385
6.4263313
6.4263231
6.4263137
6.4263031
6.426291
6.426277
6.4262611
6.426243
6.4262232
6.4262019
6.4261793
6.4261553
6.4261297
6.4261026
6.4260736
6.4260428
6.4260101
6.425976
6.4259411
6.4259062
6.4258722
6.4258394
6.4257997
6.425693
6.4251416
6.4221617
6.4087769
6.3728867
6.5800532
6.4263027
6.4263019
6.4263
6.4262977
6.4262951
6.426292
6.4262886
6.4262846
6.4262801
6.4262747
6.4262688
6.4262618
6.4262539
6.4262448
6.4262345
6.4262226
6.426209
6.4261934
6.4261757
6.4261562
6.4261354
6.4261131
6.4260894
6.4260642
6.4260373
6.4260086
6.425978
6.4259456
6.4259116
6.4258768
6.4258418
6.4258077
6.4257745
6.4257345
6.4256272
6.4250739
6.4220863
6.4086703
6.3725915
6.5782698
6.4262221
6.4262213
6.4262195
6.4262173
6.4262148
6.4262118
6.4262088
6.426205
6.4262007
6.4261958
6.4261902
6.4261837
6.4261763
6.4261679
6.4261581
6.4261469
6.4261341
6.4261193
6.4261024
6.4260836
6.4260636
6.426042
6.4260189
6.4259942
6.4259678
6.4259394
6.4259089
6.4258764
6.4258422
6.4258067
6.425771
6.425736
6.4257017
6.4256605
6.4255518
6.4249958
6.4219991
6.408547
6.3722462
6.5762824
6.4261197
6.4261191
6.4261173
6.4261153
6.4261131
6.4261105
6.4261078
6.4261046
6.426101
6.4260968
6.426092
6.4260866
6.4260801
6.4260729
6.4260645
6.4260547
6.4260434
6.4260301
6.4260149
6.4259977
6.4259792
6.425959
6.4259372
6.4259136
6.4258877
6.4258596
6.4258291
6.425796
6.4257607
6.4257236
6.4256857
6.4256482
6.4256112
6.4255674
6.4254559
6.424896
6.4218885
6.4083938
6.3718282
6.5740833
6.4259756
6.425975
6.4259735
6.4259718
6.4259701
6.4259682
6.4259663
6.4259641
6.4259616
6.4259588
6.4259556
6.4259519
6.4259475
6.4259425
6.4259365
6.4259293
6.4259209
6.4259105
6.4258984
6.4258842
6.4258685
6.4258511
6.4258315
6.4258097
6.425785
6.4257574
6.4257263
6.425692
6.4256541
6.4256136
6.4255713
6.4255289
6.4254868
6.4254381
6.4253215
6.4247555
6.4217343
6.4081884
6.3713052
6.5716762
6.4257577
6.4257575
6.4257563
6.4257552
6.4257544
6.4257535
6.425753
6.4257525
6.4257519
6.4257514
6.4257509
6.4257503
6.4257493
6.4257481
6.4257463
6.4257439
6.4257403
6.4257352
6.4257284
6.4257195
6.425709
6.4256962
6.4256808
6.4256621
6.4256396
6.4256127
6.4255808
6.4255438
6.4255016
6.4254548
6.4254048
6.4253536
6.4253025
6.4252452
6.42512
6.4245445
6.4215055
6.4078973
6.3706346
6.5690856
6.4254205
6.4254206
6.42542
6.4254199
6.4254205
6.4254215
6.4254231
6.4254252
6.4254278
6.4254309
6.4254346
6.4254389
6.4254435
6.4254485
6.4254535
6.4254587
6.4254631
6.4254665
6.4254686
6.4254686
6.4254666
6.4254618
6.4254534
6.4254403
6.4254214
6.425396
6.425363
6.4253219
6.4252725
6.4252156
6.4251531
6.4250879
6.4250224
6.4249515
6.4248127
6.4242228
6.4211602
6.407476
6.3697672
6.5663742
6.4249104
6.424911
6.4249113
6.4249127
6.4249153
6.4249189
6.4249237
6.4249296
6.4249369
6.4249454
6.4249555
6.4249668
6.4249797
6.424994
6.4250093
6.4250258
6.4250425
6.425059
6.4250746
6.4250884
6.4251
6.4251079
6.4251108
6.425107
6.4250947
6.4250722
6.4250382
6.4249918
6.4249324
6.4248611
6.4247806
6.4246949
6.4246083
6.4245171
6.4243584
6.4237476
6.4206537
6.4068785
6.3686658
6.5636737
6.4241922
6.4241931
6.4241943
6.4241977
6.4242029
6.42421
6.424219
6.4242301
6.4242437
6.4242594
6.4242779
6.424299
6.424323
6.42435
6.4243796
6.4244117
6.4244456
6.4244805
6.4245155
6.4245492
6.4245808
6.4246078
6.4246282
6.4246389
6.4246375
6.4246212
6.4245878
6.4245359
6.4244646
6.4243756
6.4242721
6.4241603
6.4240463
6.4239281
6.4237431
6.4231038
6.41997
6.4060909
6.3673501
6.56124
6.423321
6.4233215
6.4233236
6.4233293
6.4233377
6.4233488
6.4233628
6.42338
6.4234008
6.4234251
6.4234536
6.4234865
6.423524
6.4235663
6.4236134
6.4236652
6.4237209
6.4237797
6.4238404
6.4239009
6.4239602
6.4240146
6.4240614
6.4240965
6.4241161
6.4241162
6.4240931
6.4240442
6.4239676
6.4238647
6.4237398
6.4236008
6.4234561
6.4233053
6.4230865
6.4224067
6.4192187
6.4052243
6.3660317
6.5598906
6.4227663
6.4227647
6.4227669
6.4227743
6.422785
6.4227992
6.4228171
6.4228389
6.4228652
6.4228964
6.422933
6.4229754
6.4230241
6.4230795
6.4231418
6.423211
6.4232864
6.4233672
6.4234524
6.4235397
6.4236274
6.4237116
6.4237885
6.4238528
6.4239
6.4239245
6.4239212
6.4238872
6.4238191
6.4237176
6.4235868
6.4234354
6.4232733
6.4231004
6.4228561
6.4221405
6.4189036
6.4048224
6.3654714
6.5601012
6.4232567
6.4232506
6.4232515
6.423259
6.42327
6.4232847
6.4233032
6.4233259
6.4233534
6.4233863
6.4234251
6.4234704
6.4235233
6.4235841
6.4236535
6.4237321
6.4238198
6.4239162
6.4240204
6.4241314
6.4242467
6.4243636
6.4244776
6.4245837
6.4246762
6.4247487
6.4247946
6.4248082
6.4247853
6.4247219
6.4246208
6.4244879
6.4243337
6.4241554
6.4238961
6.4231437
6.4198544
6.4057118
6.3666712
6.5636503
6.4268289
6.4268129
6.4268094
6.4268132
6.4268194
6.4268285
6.4268404
6.4268552
6.4268733
6.426896
6.4269231
6.426956
6.426996
6.4270434
6.4271002
6.4271672
6.4272463
6.4273377
6.427442
6.4275614
6.4276931
6.4278381
6.4279926
6.4281539
6.4283168
6.4284745
6.42862
6.4287428
6.4288353
6.4288852
6.428889
6.4288439
6.4287578
6.4286194
6.4283799
6.4276075
6.4242784
6.4101394
6.37228
6.5734615
6.437512
6.437478
6.4374649
6.4374585
6.4374514
6.4374444
6.4374367
6.4374277
6.4374177
6.437409
6.4373995
6.4373916
6.4373876
6.4373873
6.4373943
6.4374106
6.437441
6.4374873
6.4375533
6.4376479
6.4377691
6.4379263
6.4381185
6.4383498
6.4386177
6.4389171
6.4392416
6.4395729
6.4398966
6.4401844
6.4404182
6.4405763
6.4406592
6.4406372
6.440479
6.4397203
6.4363777
6.4223349
6.3869291
6.5945603
6.462775
6.4627121
6.462682
6.4626555
6.4626223
6.4625834
6.4625371
6.4624807
6.4624145
6.4623425
6.4622593
6.4621683
6.4620734
6.4619734
6.4618738
6.4617792
6.4616988
6.4616375
6.4616045
6.4616209
6.4616871
6.461827
6.4620477
6.4623653
6.4627849
6.4633054
6.4639225
6.4646065
6.4653296
6.4660354
6.4666798
6.4672071
6.4676042
6.4678072
6.4678202
6.467127
6.4638081
6.4499665
6.4186732
6.6348764
6.5157905
6.5156856
6.5156289
6.5155698
6.5154937
6.515403
6.515294
6.51516
6.5150011
6.5148252
6.5146204
6.5143913
6.5141447
6.5138776
6.5135975
6.5133131
6.5130406
6.5127895
6.5125771
6.5124436
6.512395
6.5124769
6.5127116
6.5131348
6.5137656
6.514609
6.5156655
6.5168881
6.5182263
6.5195799
6.5208627
6.5219663
6.5228582
6.523417
6.5237161
6.5231499
6.5198938
6.5063372
6.4810737
6.7073935
6.6191178
6.6189567
6.6188635
6.6187578
6.6186205
6.618457
6.6182601
6.618016
6.6177253
6.6174023
6.6170248
6.6165981
6.6161341
6.6156271
6.6150859
6.6145258
6.6139725
6.6134409
6.6129603
6.6125975
6.6123674
6.6123459
6.612578
6.6131264
6.6140341
6.6153134
6.6169726
6.6189408
6.6211327
6.6233861
6.6255521
6.6274509
6.6290282
6.6300708
6.6307787
6.6304018
6.627228
6.6139649
6.5966709
6.8337398
6.8116931
6.8114638
6.8113239
6.8111576
6.8109406
6.8106843
6.810376
6.8099902
6.8095304
6.8090208
6.8084232
6.8077441
6.8070032
6.8061903
6.8053144
6.8043994
6.8034827
6.8025868
6.8017542
6.8010873
6.8006148
6.8004464
6.8006645
6.8013598
6.8026111
6.8044399
6.8068632
6.8097833
6.8130662
6.8164665
6.8197535
6.822653
6.8250949
6.8267236
6.8279552
6.8278177
6.8247007
6.8116361
6.8040351
7.051337
7.1652588
7.1649616
7.1647668
7.1645287
7.1642179
7.1638558
7.1634208
7.1628705
7.162208
7.1614771
7.1606166
7.1596336
7.1585592
7.1573782
7.1560984
7.1547544
7.1533993
7.1520636
7.1508053
7.149771
7.149005
7.1486573
7.148859
7.1497353
7.1514076
7.1539092
7.1572647
7.1613359
7.1659163
7.1706752
7.1752722
7.1793287
7.182772
7.185036
7.1868807
7.187006
7.1838551
7.1707654
7.1740998
7.4304091
7.8302352
7.8298466
7.8295855
7.8292632
7.8288404
7.8283576
7.8277795
7.8270352
7.8261374
7.8251571
7.8239949
7.8226617
7.8212056
7.8196009
7.8178549
7.8160134
7.8141492
7.8123011
7.8105429
7.8090776
7.807965
7.8074026
7.8075809
7.8086691
7.8108378
7.8141338
7.8185923
7.8240319
7.8301621
7.8365304
7.8426626
7.8480453
7.8526465
7.8555577
7.8581101
7.8584836
7.8550925
7.8414759
7.856512
8.1215875
9.20679
9.206312
9.2059708
9.2055502
9.204996
9.2043781
9.2036369
9.202665
9.2014907
9.2002191
9.1986993
9.1969502
9.1950403
9.1929241
9.1906169
9.1881658
9.185672
9.1831845
9.1807904
9.1787663
9.1771897
9.1763215
9.1764297
9.1777459
9.1805051
9.1847784
9.1906115
9.1977698
9.205841
9.2142258
9.22226
9.2292575
9.2352816
9.2388735
9.2423006
9.2428732
9.2388782
9.2236814
9.2518301
9.5311581
13.049671
13.049067
13.04859
13.048006
13.047234
13.046389
13.045355
13.04398
13.042329
13.040538
13.038376
13.035893
13.033165
13.030111
13.02678
13.02319
13.019494
13.01576
13.012096
13.008907
13.006311
13.004707
13.00451
13.006096
13.009832
13.015872
13.024271
13.034713
13.046529
13.058854
13.070607
13.080773
13.089567
13.094445
13.099595
13.100272
13.094721
13.074058
13.121623
13.459581
)
;

boundaryField
{
    piston
    {
        type            calculated;
        value           nonuniform List<scalar> 
40
(
43.490519
43.490519
43.490519
43.490519
43.490519
43.490519
43.490519
43.490519
43.49052
43.49052
43.49052
43.49052
43.49052
43.490521
43.490521
43.490521
43.490521
43.490522
43.490522
43.490523
43.490523
43.490523
43.490523
43.490522
43.49052
43.490517
43.490514
43.490513
43.490511
43.490511
43.490512
43.490513
43.490512
43.490512
43.490511
43.490511
43.49051
43.49051
43.49051
43.49051
)
;
    }
    cylinderHead
    {
        type            calculated;
        value           nonuniform List<scalar> 
40
(
40.178318
40.178318
40.178318
40.178318
40.178318
40.178317
40.178317
40.178317
40.178317
40.178317
40.178317
40.178317
40.178317
40.178317
40.178317
40.178317
40.178317
40.178317
40.178317
40.178317
40.178317
40.178317
40.178317
40.178317
40.178318
40.178318
40.178318
40.178318
40.178319
40.178319
40.178319
40.17832
40.17832
40.17832
40.178321
40.178321
40.178321
40.178321
40.178321
40.178322
)
;
    }
    cylinderWall
    {
        type            calculated;
        value           nonuniform List<scalar> 
120
(
49.062068
49.06207
49.062072
49.062075
49.062077
49.062079
49.062081
49.062083
49.062085
49.062087
49.062089
49.062091
49.062093
49.062095
49.062097
49.062099
49.062102
49.062104
49.062106
49.062108
49.062109
49.062111
49.062113
49.062115
49.062117
49.062119
49.062121
49.062123
49.062125
49.062127
49.062128
49.06213
49.062132
49.062134
49.062135
49.062137
49.062139
49.06214
49.062142
49.062143
49.062145
49.062147
49.062148
49.06215
49.062151
49.062153
49.062154
49.062156
49.062157
49.062158
49.06216
49.062161
49.062162
49.062164
49.062165
49.062166
49.062167
49.062169
49.06217
49.062171
49.062172
49.062173
49.062174
49.062176
49.062177
49.062178
49.062179
49.06218
49.062181
49.062182
49.062183
49.062184
49.062185
49.062185
49.062186
49.062187
49.062188
49.062189
49.06219
49.06219
49.062191
49.062192
49.062193
49.062193
49.062194
49.062195
49.062195
49.062196
49.062196
49.062197
49.062198
49.062198
49.062199
49.062199
49.0622
49.0622
49.062201
49.062201
49.062201
49.062202
49.062202
49.062202
49.062203
49.062203
49.062203
49.062204
49.062204
49.062204
49.062204
49.062205
49.062205
49.062205
49.062205
49.062205
49.062205
49.062205
49.062205
49.062205
49.062205
49.062205
)
;
    }
    wedgeFront
    {
        type            wedge;
    }
    wedgeBack
    {
        type            wedge;
    }
    axis
    {
        type            empty;
    }
}


// ************************************************************************* //
