/*--------------------------------*- C++ -*----------------------------------*\
  =========                 |
  \\      /  F ield         | OpenFOAM: The Open Source CFD Toolbox
   \\    /   O peration     | Website:  https://openfoam.org
    \\  /    A nd           | Version:  13
     \\/     M anipulation  |
\*---------------------------------------------------------------------------*/
FoamFile
{
    format      ascii;
    class       volScalarField;
    location    "31";
    object      T;
}
// * * * * * * * * * * * * * * * * * * * * * * * * * * * * * * * * * * * * * //

dimensions      [0 0 0 1 0 0 0];

internalField   nonuniform List<scalar> 
4800
(
1853.8194
1852.9836
1852.9727
1852.9627
1852.846
1852.7061
1852.4481
1852.126
1851.9025
1851.4745
1850.9618
1850.4813
1849.6741
1848.5638
1847.2597
1845.5348
1843.1788
1840.1393
1836.264
1831.5237
1827.6617
1830.987
1851.2321
1878.5832
1882.7492
1826.5723
1690.8436
1589.4394
1631.1015
1766.7101
1872.9683
1923.2802
1928.7641
1925.36
1929.2641
1957.5481
2012.6663
2084.1611
2163.7845
2215.741
2397.8556
2396.5934
2396.5518
2396.5376
2396.3759
2396.1781
2395.8003
2395.3367
2395.0242
2394.408
2393.6773
2393.0052
2391.8483
2390.2756
2388.4371
2386.0099
2382.6833
2378.4182
2373.0411
2366.6653
2362.3008
2369.4377
2399.0594
2429.4084
2415.3565
2309.4639
2117.082
1998.9412
2086.6733
2295.0658
2442.4463
2498.4789
2501.8969
2496.9568
2502.9232
2537.1898
2598.6695
2676.8323
2749.5259
2765.1196
2798.337
2796.9826
2796.883
2796.8615
2796.7054
2796.5035
2796.131
2795.6784
2795.3411
2794.714
2793.9671
2793.25
2792.0601
2790.4557
2788.5596
2786.049
2782.6052
2778.1616
2772.572
2766.2116
2762.8805
2773.124
2804.7936
2825.754
2782.0488
2632.2163
2422.072
2330.7841
2469.9136
2722.0372
2873.0714
2916.5905
2915.5072
2908.2183
2912.8808
2942.5311
2990.3467
3034.0069
3059.1696
3025.5113
3043.6345
3042.4481
3042.306
3042.2877
3042.1713
3042.0096
3041.7233
3041.3746
3041.0885
3040.5856
3039.9769
3039.3711
3038.3983
3037.0978
3035.5372
3033.4577
3030.5959
3026.8545
3022.1787
3017.5303
3016.4515
3028.4329
3055.9511
3062.2092
2992.5016
2824.6765
2638.287
2591.2126
2764.2624
3015.7099
3140.5431
3167.5382
3161.6181
3151.0635
3151.3828
3165.7454
3187.7761
3203.5122
3199.1359
3130.614
3176.0131
3175.2547
3175.1345
3175.1373
3175.0898
3175.0152
3174.8761
3174.7064
3174.5711
3174.3228
3174.0177
3173.724
3173.2365
3172.5787
3171.7913
3170.7342
3169.2673
3167.3682
3165.066
3162.8713
3164.4868
3177.1798
3198.617
3192.2684
3108.5042
2945.4737
2802.4467
2794.9472
2978.3156
3200.3627
3289.6856
3301.7373
3289.1945
3275.7032
3270.2261
3272.8967
3277.9708
3277.0246
3257.372
3167.84
3239.5092
3239.0654
3238.9758
3238.9936
3238.9915
3238.9768
3238.9357
3238.8855
3238.858
3238.7851
3238.6928
3238.6231
3238.477
3238.2715
3238.037
3237.7204
3237.2815
3236.7793
3236.4381
3237.1603
3242.224
3257.6083
3275.9355
3262.0606
3175.2075
3031.7897
2931.8943
2953.4817
3129.83
3309.5018
3366.8385
3366.5852
3348.9863
3334.4993
3325.5616
3320.4727
3315.7165
3306.4433
3280.8216
3179.6107
3267.1202
3266.8788
3266.8169
3266.8431
3266.8662
3266.8867
3266.9016
3266.92
3266.9573
3266.988
3267.0235
3267.09
3267.1498
3267.2182
3267.3246
3267.47
3267.6819
3268.0838
3268.9692
3271.3134
3278.5353
3296.4728
3315.938
3300.7231
3218.918
3100.182
3035.312
3075.7351
3234.8406
3371.7531
3405.2386
3395.1832
3373.685
3359.4266
3349.2534
3339.9524
3330.0145
3317.2995
3290.6953
3183.0744
3277.5023
3277.3742
3277.3323
3277.3615
3277.3953
3277.4318
3277.4725
3277.5228
3277.5906
3277.6702
3277.7675
3277.8991
3278.0584
3278.2604
3278.5347
3278.9103
3279.4495
3280.2939
3281.7677
3284.9734
3293.4148
3313.1522
3335.6137
3323.3413
3251.4678
3157.1511
3118.1111
3169.1605
3306.9393
3407.2725
3424.2273
3405.965
3381.8199
3368.2182
3358.165
3347.0778
3334.6618
3320.8475
3295.3747
3184.1873
3280.4995
3280.4281
3280.3989
3280.4278
3280.4639
3280.5052
3280.5544
3280.6152
3280.6927
3280.7888
3280.908
3281.0616
3281.2564
3281.5074
3281.8436
3282.3052
3282.9661
3283.9669
3285.6682
3289.2284
3298.2298
3319.0754
3344.8304
3338.1619
3278.0895
3205.191
3184.3085
3240.0643
3356.4999
3428.2146
3433.8769
3408.8042
3383.3997
3370.2546
3360.6471
3349.141
3335.72
3321.7143
3298.5753
3184.6843
3280.9669
3280.9178
3280.8945
3280.9224
3280.9581
3280.9996
3281.0501
3281.1125
3281.191
3281.2898
3281.4132
3281.5702
3281.7721
3282.0338
3282.3834
3282.8636
3283.5495
3284.5865
3286.3401
3289.9931
3299.1603
3320.4646
3348.9044
3349.0595
3300.9215
3245.5717
3237.1219
3293.6796
3390.867
3441.5694
3439.3473
3408.6651
3380.9997
3368.9811
3360.8442
3349.4405
3335.4448
3321.6488
3301.3932
3185.1865
3280.23
3280.2027
3280.1871
3280.2111
3280.2422
3280.2789
3280.3242
3280.3805
3280.4505
3280.54
3280.6523
3280.7936
3280.9775
3281.2179
3281.5394
3281.9818
3282.6188
3283.5914
3285.2632
3288.8105
3297.8831
3319.4781
3350.4071
3357.6382
3320.8107
3279.3156
3279.2017
3334.2984
3415.0264
3451.1195
3442.8293
3406.0234
3375.872
3364.8297
3358.6631
3348.3444
3334.105
3320.6701
3303.9711
3185.7878
3279.1909
3279.1789
3279.1699
3279.1887
3279.2131
3279.2424
3279.279
3279.3243
3279.3805
3279.453
3279.5444
3279.659
3279.809
3280.0061
3280.2697
3280.6367
3281.1683
3281.9975
3283.4762
3286.7299
3295.3943
3316.9044
3350.6955
3364.5331
3338.2153
3307.2672
3312.7717
3365.1489
3432.5331
3458.6402
3445.3403
3402.0369
3368.7212
3358.3028
3354.5162
3346.0234
3331.9175
3318.9686
3306.2555
3186.4697
3278.1469
3278.1428
3278.1381
3278.1519
3278.1697
3278.1911
3278.2183
3278.2519
3278.2936
3278.3478
3278.4164
3278.5025
3278.616
3278.7658
3278.9685
3279.2513
3279.6699
3280.3386
3281.5626
3284.3839
3292.354
3313.4054
3349.4469
3369.9548
3353.2828
3330.4623
3339.5893
3388.7093
3445.679
3465.0462
3447.3488
3397.1297
3360.2791
3349.6556
3348.1272
3342.1967
3328.8223
3316.5784
3308.1842
3187.2083
3277.2961
3277.2961
3277.2941
3277.3034
3277.3152
3277.3295
3277.3477
3277.3705
3277.3986
3277.4355
3277.4823
3277.5415
3277.62
3277.7243
3277.8661
3278.0653
3278.3671
3278.8635
3279.8078
3282.1159
3289.1368
3309.1654
3346.8493
3374.0337
3366.1851
3349.7495
3361.0905
3406.753
3455.8744
3470.7403
3449.0904
3391.7339
3351.6787
3339.9847
3339.8303
3336.7608
3324.9243
3313.7246
3309.7227
3188.0004
3276.7775
3276.7775
3276.7768
3276.782
3276.7886
3276.7964
3276.8063
3276.8188
3276.8342
3276.8546
3276.8807
3276.9138
3276.9581
3277.0191
3277.1057
3277.2377
3277.4444
3277.7956
3278.4825
3280.2745
3286.2092
3304.6682
3342.9547
3376.4685
3377.053
3365.8675
3378.4283
3420.7986
3464.0089
3475.8539
3450.1716
3386.2278
3343.6002
3330.2925
3330.4392
3329.9729
3320.3421
3310.5829
3310.703
3188.857
3276.5547
3276.5541
3276.5539
3276.5568
3276.5602
3276.5642
3276.5692
3276.5755
3276.5833
3276.5939
3276.6074
3276.6247
3276.6482
3276.6817
3276.7301
3276.8036
3276.922
3277.1319
3277.6021
3278.9383
3283.7707
3300.2644
3338.0255
3377.4731
3386.0046
3379.4261
3392.5003
3431.8024
3470.6165
3480.398
3450.5068
3380.7621
3336.3322
3321.3169
3320.8609
3322.26
3315.2143
3307.3366
3311.1123
3189.7932
3276.4965
3276.4956
3276.4955
3276.4974
3276.4995
3276.5018
3276.5048
3276.5085
3276.5131
3276.5195
3276.5277
3276.5383
3276.5528
3276.5717
3276.5966
3276.6342
3276.6977
3276.8172
3277.1015
3278.0479
3281.8505
3296.1593
3332.4284
3377.2827
3393.2238
3390.9044
3404.0143
3440.4545
3476.0088
3484.3817
3450.0299
3375.3835
3329.9252
3313.4712
3311.9082
3314.2184
3309.7487
3304.1759
3311.1948
3190.8115
3276.5358
3276.5346
3276.5347
3276.5356
3276.5364
3276.5371
3276.538
3276.5391
3276.5405
3276.5425
3276.5453
3276.5489
3276.5541
3276.5624
3276.5756
3276.5978
3276.6374
3276.7146
3276.8782
3277.4909
3280.4012
3292.464
3326.3931
3375.2997
3398.8924
3400.6819
3413.5336
3447.2779
3480.3713
3487.78
3448.0779
3370.0967
3324.3029
3306.8868
3304.1328
3306.5452
3304.2502
3301.2175
3310.8268
3191.8688
3276.6378
3276.6365
3276.6367
3276.6373
3276.6376
3276.6378
3276.638
3276.6382
3276.6384
3276.6389
3276.6397
3276.6404
3276.6417
3276.644
3276.6479
3276.6556
3276.6714
3276.7072
3276.8128
3277.2069
3279.3486
3289.2352
3320.1799
3371.2977
3402.5559
3409.0181
3421.5017
3452.6718
3483.817
3490.5718
3444.3626
3364.8854
3319.3509
3301.501
3297.7589
3299.7624
3299.0872
3298.5458
3310.12
3192.8839
3276.7612
3276.7599
3276.7601
3276.7605
3276.7606
3276.7606
3276.7605
3276.7603
3276.76
3276.7599
3276.7596
3276.759
3276.7588
3276.7588
3276.7596
3276.7622
3276.7691
3276.7851
3276.8345
3277.0958
3278.6147
3286.4908
3313.9539
3365.6246
3404.0868
3416.0358
3428.2637
3456.9539
3486.4173
3492.0407
3438.8915
3359.7255
3314.9623
3297.164
3292.7701
3294.1386
3294.5457
3296.212
3309.3226
3193.8
3276.8951
3276.8938
3276.894
3276.8942
3276.8941
3276.8938
3276.8934
3276.8928
3276.892
3276.8914
3276.8904
3276.8892
3276.8881
3276.887
3276.8863
3276.8866
3276.8897
3276.8971
3276.922
3277.072
3278.1276
3284.2236
3307.8988
3358.5975
3404.2985
3421.7901
3434.0781
3460.3835
3488.2978
3492.4229
3431.999
3354.5952
3311.0577
3293.7127
3288.9999
3289.7223
3290.7792
3294.2573
3308.6216
3194.5428
3277.0392
3277.0378
3277.038
3277.0381
3277.0379
3277.0375
3277.0369
3277.0361
3277.035
3277.0339
3277.0324
3277.0305
3277.0284
3277.026
3277.0234
3277.0212
3277.0203
3277.0227
3277.0361
3277.1206
3277.824
3282.4078
3302.1981
3350.4641
3402.5684
3426.1422
3439.1192
3463.1563
3489.1991
3491.3136
3424.149
3349.4749
3307.5701
3290.9927
3286.2147
3286.4143
3287.8158
3292.6928
3308.0457
3195.1415
3277.1877
3277.1864
3277.1866
3277.1867
3277.1864
3277.186
3277.1853
3277.1845
3277.1832
3277.1819
3277.1802
3277.1779
3277.1753
3277.1722
3277.1686
3277.1647
3277.161
3277.1584
3277.1617
3277.2121
3277.6738
3281.0025
3297.0062
3341.5437
3398.4418
3428.2706
3443.4449
3465.4327
3489.4421
3487.7821
3415.7872
3344.3226
3304.4439
3288.8423
3284.1868
3284.0327
3285.5988
3291.4936
3307.5868
3195.6165
3277.337
3277.3357
3277.3359
3277.336
3277.3357
3277.3353
3277.3347
3277.3338
3277.3325
3277.3311
3277.3294
3277.327
3277.3243
3277.321
3277.3169
3277.3123
3277.3072
3277.3015
3277.2973
3277.3232
3277.6214
3279.9576
3292.485
3332.1767
3391.8814
3428.8455
3447.0675
3467.3396
3489.1799
3481.1516
3407.23
3339.0714
3301.5863
3287.0946
3282.7232
3282.3782
3284.0181
3290.6117
3307.2294
3195.9925
3277.4852
3277.4839
3277.4841
3277.4842
3277.484
3277.4835
3277.483
3277.4821
3277.4809
3277.4795
3277.4778
3277.4755
3277.4727
3277.4694
3277.4653
3277.4605
3277.4548
3277.4476
3277.4391
3277.4465
3277.6253
3279.2218
3288.6864
3322.7899
3383.0903
3427.6187
3448.9139
3468.4473
3488.0565
3472.0481
3398.2959
3333.71
3298.8804
3285.6488
3281.6747
3281.2696
3282.9421
3289.9883
3306.955
3196.2932
3277.6316
3277.6303
3277.6305
3277.6307
3277.6305
3277.6301
3277.6295
3277.6287
3277.6275
3277.6262
3277.6246
3277.6224
3277.6197
3277.6165
3277.6125
3277.6076
3277.6018
3277.5939
3277.5833
3277.5796
3277.684
3278.7277
3285.6225
3313.7987
3372.4045
3424.0428
3449.4138
3468.7837
3485.4984
3461.459
3388.7416
3328.1616
3296.3042
3284.4315
3280.931
3280.5548
3282.2444
3289.564
3306.747
3196.5362
3277.7759
3277.7747
3277.7749
3277.7752
3277.775
3277.7746
3277.7741
3277.7734
3277.7722
3277.771
3277.7695
3277.7674
3277.7648
3277.7617
3277.7578
3277.7531
3277.7472
3277.7391
3277.7276
3277.7178
3277.7741
3278.4264
3283.2584
3305.5993
3360.3505
3417.7232
3448.4188
3468.1244
3480.8527
3449.7164
3378.6682
3322.5437
3293.8491
3283.4052
3280.4117
3280.1134
3281.8151
3289.2866
3306.5919
3196.7342
3277.9182
3277.9171
3277.9173
3277.9176
3277.9175
3277.9171
3277.9166
3277.916
3277.9149
3277.9137
3277.9123
3277.9103
3277.9079
3277.9049
3277.9013
3277.8967
3277.8909
3277.8826
3277.8708
3277.8579
3277.8812
3278.2834
3281.5241
3298.62
3347.7524
3408.5688
3445.0935
3465.7105
3473.7635
3436.8258
3368.2614
3316.9585
3291.5496
3282.5492
3280.0582
3279.8617
3281.5776
3289.1132
3306.4783
3196.8973
3278.0585
3278.0574
3278.0577
3278.0579
3278.0579
3278.0575
3278.0571
3278.0565
3278.0555
3278.0544
3278.0531
3278.0512
3278.0489
3278.0461
3278.0426
3278.0383
3278.0325
3278.0242
3278.0124
3277.9981
3278.0013
3278.2379
3280.332
3292.9809
3335.354
3396.9012
3438.7642
3460.8042
3463.9387
3422.7633
3357.7176
3311.5267
3289.4372
3281.8463
3279.8269
3279.7468
3281.4721
3289.0085
3306.3967
3197.0353
3278.1967
3278.1956
3278.1959
3278.1962
3278.1962
3278.1959
3278.1955
3278.195
3278.1941
3278.193
3278.1919
3278.1901
3278.1879
3278.1853
3278.182
3278.1779
3278.1721
3278.1639
3278.1523
3278.1376
3278.1301
3278.2563
3279.5633
3288.6297
3323.7846
3383.3527
3429.2823
3452.8184
3451.2885
3407.6627
3347.2138
3306.3633
3287.539
3281.2814
3279.6888
3279.7123
3281.4419
3288.9551
3306.3406
3197.1516
3278.3328
3278.3318
3278.3322
3278.3325
3278.3325
3278.3322
3278.3319
3278.3315
3278.3306
3278.3297
3278.3286
3278.327
3278.3249
3278.3224
3278.3194
3278.3154
3278.3097
3278.3015
3278.2903
3278.2758
3278.2631
3278.3263
3279.1052
3285.4101
3313.4961
3368.721
3416.8883
3441.5446
3436.052
3391.8397
3336.9587
3301.5726
3285.8763
3280.8389
3279.6274
3279.7212
3281.4528
3288.9342
3306.3062
3197.2509
3278.467
3278.466
3278.4664
3278.4667
3278.4667
3278.4665
3278.4663
3278.4659
3278.4652
3278.4643
3278.4633
3278.4618
3278.4599
3278.4576
3278.4548
3278.4509
3278.4453
3278.4372
3278.4264
3278.4124
3278.3974
3278.4225
3278.8822
3283.1186
3304.7649
3353.8427
3402.1652
3427.2159
3418.7258
3375.7738
3327.1923
3297.242
3284.4603
3280.5058
3279.6111
3279.7736
3281.5021
3288.9302
3306.2916
3197.3375
3278.5991
3278.5982
3278.5986
3278.599
3278.599
3278.5988
3278.5987
3278.5984
3278.5977
3278.5969
3278.596
3278.5947
3278.5929
3278.5908
3278.5881
3278.5843
3278.5788
3278.571
3278.5606
3278.5473
3278.5315
3278.534
3278.8051
3281.5553
3297.6578
3339.5209
3385.9322
3410.4695
3400.0643
3360.0114
3318.1551
3293.4378
3283.2911
3280.2676
3279.6288
3279.8467
3281.5695
3288.9402
3306.2887
3197.4154
3278.7293
3278.7284
3278.7288
3278.7292
3278.7293
3278.7291
3278.729
3278.7288
3278.7282
3278.7275
3278.7268
3278.7256
3278.7239
3278.722
3278.7195
3278.7158
3278.7103
3278.7027
3278.693
3278.6804
3278.6648
3278.6559
3278.8017
3280.5381
3292.1036
3326.4052
3369.122
3392.2413
3380.9891
3345.0896
3310.0505
3290.1978
3282.3582
3280.1066
3279.6784
3279.9301
3281.6455
3288.9603
3306.2977
3197.4866
3278.8575
3278.8566
3278.857
3278.8575
3278.8575
3278.8575
3278.8574
3278.8573
3278.8568
3278.8562
3278.8555
3278.8544
3278.853
3278.8512
3278.8488
3278.8453
3278.8399
3278.8326
3278.8234
3278.8117
3278.7967
3278.783
3278.858
3279.909
3287.9372
3314.9507
3352.6517
3373.6045
3362.4472
3331.4817
3303.0217
3287.5284
3281.6421
3280.0211
3279.7472
3280.0202
3281.7255
3288.9873
3306.318
3197.552
3278.9837
3278.9829
3278.9833
3278.9837
3278.9838
3278.9838
3278.9838
3278.9837
3278.9833
3278.9828
3278.9823
3278.9814
3278.98
3278.9784
3278.9762
3278.9727
3278.9674
3278.9605
3278.9519
3278.941
3278.927
3278.9115
3278.9456
3279.5652
3284.9423
3305.398
3337.3116
3355.5968
3345.2689
3319.5418
3297.1375
3285.4058
3281.1167
3279.9915
3279.827
3280.1163
3281.8081
3289.0196
3306.3473
3197.6136
3279.108
3279.1072
3279.1076
3279.108
3279.1082
3279.1082
3279.1082
3279.1083
3279.1079
3279.1075
3279.107
3279.1063
3279.1051
3279.1037
3279.1016
3279.0982
3279.093
3279.0865
3279.0786
3279.0684
3279.0554
3279.0398
3279.0489
3279.4141
3282.8838
3297.7858
3323.6908
3339.076
3330.068
3309.4673
3292.3893
3283.7809
3280.7519
3279.9924
3279.9136
3280.2157
3281.8929
3289.0563
3306.3841
3197.6725
3279.2303
3279.2295
3279.2298
3279.2303
3279.2305
3279.2306
3279.2307
3279.2308
3279.2305
3279.2302
3279.2299
3279.2292
3279.2282
3279.227
3279.225
3279.2216
3279.2167
3279.2106
3279.2033
3279.1939
3279.182
3279.1671
3279.1632
3279.3712
3281.5353
3291.9889
3312.1453
3324.6431
3317.1981
3301.2959
3288.7011
3282.5872
3280.5137
3280.031
3280.0073
3280.3168
3281.9787
3289.097
3306.4275
3197.7297
3279.3506
3279.3498
3279.3502
3279.3506
3279.3509
3279.351
3279.3512
3279.3514
3279.3512
3279.351
3279.3508
3279.3502
3279.3494
3279.3483
3279.3464
3279.3431
3279.3384
3279.3328
3279.326
3279.3175
3279.3066
3279.2929
3279.2833
3279.3946
3280.6975
3287.772
3302.7998
3312.6088
3306.7582
3294.9254
3285.9472
3281.7497
3280.3878
3280.0921
3280.105
3280.4182
3282.065
3289.1412
3306.4764
3197.7859
3279.4689
3279.4681
3279.4685
3279.4691
3279.4694
3279.4695
3279.4698
3279.47
3279.4699
3279.4698
3279.4697
3279.4693
3279.4686
3279.4676
3279.4658
3279.4626
3279.4582
3279.4531
3279.4469
3279.4392
3279.4293
3279.4169
3279.4054
3279.4637
3280.2165
3284.8347
3295.5812
3303.0175
3298.6359
3290.1548
3283.974
3281.1926
3280.3413
3280.1666
3280.2045
3280.5192
3282.1513
3289.1884
3306.5301
3197.8417
3279.5853
3279.5846
3279.585
3279.5856
3279.586
3279.5861
3279.5864
3279.5868
3279.5867
3279.5867
3279.5867
3279.5864
3279.5859
3279.585
3279.5833
3279.5802
3279.5761
3279.5714
3279.5658
3279.5589
3279.5501
3279.539
3279.5275
3279.5539
3279.987
3282.8815
3290.2601
3295.7039
3292.5751
3286.7238
3282.6212
3280.8431
3280.3358
3280.2494
3280.3047
3280.6194
3282.2374
3289.2384
3306.588
3197.8974
3279.6998
3279.6991
3279.6996
3279.7002
3279.7006
3279.7008
3279.7012
3279.7016
3279.7017
3279.7017
3279.7019
3279.7017
3279.7013
3279.7005
3279.6988
3279.6958
3279.6921
3279.6879
3279.6829
3279.6767
3279.6689
3279.6592
3279.6486
3279.6575
3279.9099
3281.6493
3286.519
3290.3674
3288.2391
3284.3581
3281.7385
3280.6596
3280.3741
3280.3397
3280.4049
3280.7185
3282.3232
3289.2909
3306.6493
3197.9533
3279.8125
3279.8118
3279.8123
3279.813
3279.8134
3279.8137
3279.8141
3279.8145
3279.8147
3279.8148
3279.8151
3279.815
3279.8147
3279.8141
3279.8124
3279.8096
3279.8063
3279.8025
3279.798
3279.7926
3279.7859
3279.7774
3279.7681
3279.769
3279.9069
3280.9124
3284.0141
3286.643
3285.2681
3282.7991
3281.1931
3280.5869
3280.4356
3280.4338
3280.5047
3280.8163
3282.4085
3289.3456
3306.7138
3198.0095
3279.9233
3279.9226
3279.9232
3279.9238
3279.9243
3279.9246
3279.9251
3279.9256
3279.9258
3279.9261
3279.9265
3279.9265
3279.9263
3279.9258
3279.9242
3279.9216
3279.9186
3279.9152
3279.9113
3279.9067
3279.9009
3279.8937
3279.8859
3279.8837
3279.96
3280.5292
3282.4237
3284.1614
3283.323
3281.8225
3280.8932
3280.5726
3280.5098
3280.5293
3280.6036
3280.9127
3282.4933
3289.4024
3306.7814
3198.0661
3280.0322
3280.0317
3280.0322
3280.0328
3280.0334
3280.0338
3280.0342
3280.0348
3280.0352
3280.0355
3280.036
3280.0361
3280.0361
3280.0356
3280.034
3280.0317
3280.029
3280.0261
3280.0228
3280.0188
3280.0139
3280.008
3280.0016
3279.9988
3280.0405
3280.3671
3281.4676
3282.5879
3282.1117
3281.2426
3280.7604
3280.6068
3280.593
3280.6253
3280.7012
3281.0077
3282.5776
3289.4608
3306.8516
3198.1232
3280.1394
3280.1389
3280.1394
3280.1401
3280.1406
3280.1411
3280.1416
3280.1422
3280.1427
3280.1431
3280.1437
3280.1439
3280.144
3280.1435
3280.142
3280.1399
3280.1375
3280.1351
3280.1323
3280.1291
3280.1251
3280.1203
3280.1154
3280.1131
3280.1355
3280.3238
3280.9457
3281.641
3281.395
3280.9495
3280.7227
3280.667
3280.6818
3280.721
3280.7975
3281.1013
3282.6614
3289.5208
3306.9232
3198.1809
3280.2448
3280.2443
3280.2448
3280.2455
3280.2461
3280.2466
3280.2471
3280.2478
3280.2484
3280.2489
3280.2495
3280.2499
3280.25
3280.2495
3280.2482
3280.2463
3280.2443
3280.2423
3280.2401
3280.2375
3280.2344
3280.2306
3280.2271
3280.2259
3280.2394
3280.3477
3280.707
3281.1214
3281.0266
3280.8308
3280.7388
3280.74
3280.773
3280.8159
3280.8922
3281.1935
3282.7444
3289.5825
3306.9961
3198.2391
3280.3484
3280.3479
3280.3484
3280.3491
3280.3498
3280.3503
3280.3509
3280.3516
3280.3522
3280.3529
3280.3536
3280.354
3280.3542
3280.3538
3280.3526
3280.3509
3280.3492
3280.3476
3280.346
3280.344
3280.3418
3280.339
3280.3368
3280.3369
3280.3467
3280.4131
3280.6313
3280.8825
3280.8718
3280.8026
3280.7919
3280.822
3280.8651
3280.9096
3280.9853
3281.2843
3282.8268
3289.6455
3307.0704
3198.2977
3280.4502
3280.4497
3280.4503
3280.451
3280.4516
3280.4522
3280.4529
3280.4537
3280.4543
3280.455
3280.4559
3280.4564
3280.4566
3280.4562
3280.4551
3280.4537
3280.4524
3280.4512
3280.45
3280.4487
3280.4473
3280.4455
3280.4445
3280.4458
3280.4546
3280.4969
3280.6284
3280.8046
3280.8308
3280.83
3280.8609
3280.9091
3280.957
3281.0019
3281.077
3281.3737
3282.9085
3289.7093
3307.1458
3198.3569
3280.5502
3280.5498
3280.5504
3280.5511
3280.5517
3280.5523
3280.5531
3280.5539
3280.5547
3280.5555
3280.5564
3280.5569
3280.5571
3280.5568
3280.5559
3280.5548
3280.5538
3280.553
3280.5523
3280.5516
3280.5508
3280.55
3280.5501
3280.5527
3280.5617
3280.5918
3280.6794
3280.7975
3280.8497
3280.8886
3280.9403
3280.9982
3281.048
3281.0928
3281.1671
3281.4616
3282.9894
3289.7739
3307.2221
3198.4164
3280.6486
3280.6481
3280.6487
3280.6494
3280.6501
3280.6507
3280.6515
3280.6524
3280.6532
3280.6541
3280.6551
3280.6557
3280.6559
3280.6556
3280.6549
3280.654
3280.6534
3280.653
3280.6527
3280.6527
3280.6526
3280.6526
3280.6538
3280.6576
3280.6672
3280.6919
3280.7533
3280.8438
3280.906
3280.9606
3281.0256
3281.0877
3281.1379
3281.1821
3281.2556
3281.5482
3283.0696
3289.8392
3307.2992
3198.4762
3280.7451
3280.7448
3280.7453
3280.746
3280.7467
3280.7474
3280.7482
3280.7492
3280.75
3280.751
3280.752
3280.7526
3280.7528
3280.7527
3280.7521
3280.7515
3280.7512
3280.7512
3280.7514
3280.7519
3280.7525
3280.7534
3280.7555
3280.7604
3280.7708
3280.7933
3280.84
3280.9127
3280.9773
3281.0426
3281.1136
3281.1766
3281.2263
3281.2699
3281.3426
3281.6334
3283.1489
3289.9051
3307.3767
3198.5365
3280.84
3280.8396
3280.8402
3280.8409
3280.8416
3280.8423
3280.8432
3280.8442
3280.8452
3280.8461
3280.8472
3280.8478
3280.848
3280.8479
3280.8476
3280.8473
3280.8473
3280.8476
3280.8483
3280.8493
3280.8505
3280.8522
3280.8552
3280.8611
3280.8723
3280.8942
3280.9337
3280.9944
3281.0596
3281.1297
3281.2022
3281.2645
3281.3134
3281.3563
3281.4281
3281.7173
3283.2274
3289.9715
3307.4547
3198.5971
3280.9331
3280.9328
3280.9333
3280.9341
3280.9348
3280.9356
3280.9364
3280.9375
3280.9385
3280.9396
3280.9406
3280.9412
3280.9415
3280.9415
3280.9414
3280.9413
3280.9416
3280.9423
3280.9434
3280.9449
3280.9467
3280.9492
3280.9531
3280.9598
3280.9719
3280.9936
3281.0297
3281.0837
3281.1479
3281.2186
3281.2901
3281.351
3281.3989
3281.4411
3281.5121
3281.7997
3283.305
3290.0383
3307.5329
3198.658
3281.0246
3281.0243
3281.0248
3281.0255
3281.0263
3281.0271
3281.028
3281.0291
3281.0302
3281.0313
3281.0323
3281.0329
3281.0332
3281.0334
3281.0335
3281.0337
3281.0343
3281.0352
3281.0367
3281.0388
3281.0411
3281.0443
3281.049
3281.0565
3281.0693
3281.0911
3281.1255
3281.1758
3281.238
3281.3074
3281.3769
3281.4361
3281.483
3281.5244
3281.5946
3281.8808
3283.3817
3290.1052
3307.6114
3198.7192
3281.1144
3281.1141
3281.1146
3281.1154
3281.1161
3281.1169
3281.1179
3281.119
3281.1201
3281.1212
3281.1222
3281.1229
3281.1233
3281.1236
3281.1238
3281.1243
3281.1252
3281.1264
3281.1283
3281.1309
3281.1338
3281.1375
3281.143
3281.1513
3281.1647
3281.1866
3281.22
3281.2679
3281.3279
3281.395
3281.4622
3281.5198
3281.5655
3281.6062
3281.6757
3281.9606
3283.4575
3290.1724
3307.69
3198.7808
3281.2025
3281.2022
3281.2027
3281.2035
3281.2043
3281.2051
3281.2061
3281.2072
3281.2084
3281.2094
3281.2105
3281.2111
3281.2116
3281.2121
3281.2126
3281.2132
3281.2144
3281.216
3281.2183
3281.2213
3281.2247
3281.2291
3281.2352
3281.2441
3281.2582
3281.2801
3281.3128
3281.3589
3281.4166
3281.4813
3281.5461
3281.602
3281.6466
3281.6866
3281.7553
3282.039
3283.5323
3290.2396
3307.7686
3198.8426
3281.2889
3281.2887
3281.2892
3281.29
3281.2908
3281.2917
3281.2927
3281.2938
3281.2949
3281.296
3281.2971
3281.2977
3281.2983
3281.299
3281.2996
3281.3005
3281.3019
3281.3039
3281.3065
3281.3099
3281.3139
3281.3188
3281.3255
3281.3351
3281.3496
3281.3716
3281.4038
3281.4483
3281.5038
3281.5661
3281.6285
3281.6826
3281.7262
3281.7654
3281.8334
3282.116
3283.6062
3290.3069
3307.8471
3198.9047
3281.3738
3281.3735
3281.374
3281.3748
3281.3757
3281.3765
3281.3775
3281.3787
3281.3798
3281.3809
3281.382
3281.3827
3281.3834
3281.3842
3281.385
3281.3862
3281.3879
3281.3901
3281.3931
3281.3969
3281.4013
3281.4068
3281.4141
3281.4242
3281.4392
3281.4612
3281.4928
3281.5359
3281.5894
3281.6492
3281.7093
3281.7618
3281.8044
3281.8428
3281.9102
3282.1917
3283.6792
3290.374
3307.9256
3198.9672
3281.457
3281.4568
3281.4573
3281.4581
3281.4589
3281.4598
3281.4608
3281.462
3281.463
3281.4642
3281.4652
3281.4661
3281.4669
3281.4679
3281.4689
3281.4702
3281.4722
3281.4747
3281.478
3281.4822
3281.4871
3281.4931
3281.5009
3281.5115
3281.5269
3281.5489
3281.58
3281.6218
3281.6732
3281.7307
3281.7887
3281.8395
3281.8811
3281.9188
3281.9855
3282.2661
3283.7511
3290.441
3308.0039
3199.03
3281.5386
3281.5384
3281.539
3281.5397
3281.5406
3281.5415
3281.5425
3281.5436
3281.5447
3281.5458
3281.5469
3281.5478
3281.5488
3281.5499
3281.5511
3281.5527
3281.5549
3281.5576
3281.5613
3281.5658
3281.5711
3281.5776
3281.5859
3281.597
3281.6127
3281.6346
3281.6652
3281.7057
3281.7553
3281.8106
3281.8664
3281.9158
3281.9563
3281.9934
3282.0594
3282.3392
3283.822
3290.5077
3308.082
3199.0931
3281.6187
3281.6185
3281.619
3281.6198
3281.6207
3281.6215
3281.6225
3281.6236
3281.6247
3281.6258
3281.627
3281.628
3281.6291
3281.6304
3281.6317
3281.6335
3281.6359
3281.639
3281.643
3281.6479
3281.6536
3281.6605
3281.6692
3281.6807
3281.6966
3281.7185
3281.7486
3281.7879
3281.8357
3281.8889
3281.9427
3281.9906
3282.0301
3282.0665
3282.1319
3282.411
3283.8919
3290.5741
3308.1598
3199.1566
3281.6972
3281.697
3281.6975
3281.6982
3281.6991
3281.7
3281.7009
3281.7021
3281.7031
3281.7043
3281.7055
3281.7066
3281.7078
3281.7093
3281.7108
3281.7128
3281.7154
3281.7188
3281.7231
3281.7283
3281.7344
3281.7417
3281.7508
3281.7627
3281.7788
3281.8007
3281.8302
3281.8684
3281.9145
3281.9657
3282.0175
3282.064
3282.1026
3282.1383
3282.203
3282.4815
3283.9609
3290.6402
3308.2373
3199.2206
3281.7741
3281.7739
3281.7744
3281.7751
3281.776
3281.7769
3281.7778
3281.7789
3281.78
3281.7812
3281.7825
3281.7837
3281.7851
3281.7866
3281.7883
3281.7905
3281.7934
3281.797
3281.8016
3281.8071
3281.8135
3281.8213
3281.8307
3281.8429
3281.8592
3281.881
3281.9099
3281.9471
3281.9916
3282.0409
3282.0908
3282.1359
3282.1736
3282.2087
3282.2728
3282.5507
3284.0288
3290.706
3308.3145
3199.2852
3281.8494
3281.8493
3281.8497
3281.8505
3281.8513
3281.8522
3281.8531
3281.8542
3281.8553
3281.8566
3281.858
3281.8593
3281.8608
3281.8625
3281.8643
3281.8667
3281.8698
3281.8736
3281.8785
3281.8844
3281.8911
3281.8991
3281.909
3281.9215
3281.9378
3281.9595
3281.988
3282.0241
3282.067
3282.1146
3282.1627
3282.2065
3282.2432
3282.2777
3282.3413
3282.6186
3284.0956
3290.7713
3308.3912
3199.3504
3281.9232
3281.9231
3281.9236
3281.9242
3281.9251
3281.9259
3281.9269
3281.928
3281.9292
3281.9305
3281.9319
3281.9333
3281.935
3281.9368
3281.9388
3281.9414
3281.9447
3281.9487
3281.9539
3281.96
3281.9671
3281.9754
3281.9856
3281.9983
3282.0148
3282.0363
3282.0643
3282.0993
3282.1409
3282.1867
3282.2332
3282.2757
3282.3116
3282.3454
3282.4085
3282.6853
3284.1615
3290.8361
3308.4676
3199.4163
3281.9955
3281.9953
3281.9958
3281.9965
3281.9974
3281.9982
3281.9991
3282.0003
3282.0015
3282.0029
3282.0044
3282.0059
3282.0077
3282.0096
3282.0118
3282.0146
3282.018
3282.0223
3282.0278
3282.0341
3282.0415
3282.0502
3282.0606
3282.0735
3282.0901
3282.1114
3282.1389
3282.173
3282.2132
3282.2573
3282.3022
3282.3434
3282.3785
3282.4117
3282.4743
3282.7506
3284.2263
3290.9004
3308.5436
3199.483
3282.0662
3282.0661
3282.0666
3282.0673
3282.0681
3282.0689
3282.0699
3282.0711
3282.0723
3282.0738
3282.0754
3282.077
3282.0789
3282.081
3282.0833
3282.0863
3282.0899
3282.0944
3282.1001
3282.1067
3282.1144
3282.1233
3282.134
3282.1471
3282.1637
3282.1849
3282.2119
3282.245
3282.284
3282.3265
3282.3698
3282.4099
3282.4441
3282.4767
3282.5388
3282.8148
3284.2899
3290.9642
3308.6192
3199.5509
3282.1355
3282.1354
3282.1359
3282.1365
3282.1373
3282.1382
3282.1392
3282.1404
3282.1417
3282.1432
3282.1449
3282.1466
3282.1486
3282.1508
3282.1533
3282.1565
3282.1603
3282.165
3282.1709
3282.1778
3282.1857
3282.1949
3282.2057
3282.2191
3282.2357
3282.2568
3282.2832
3282.3154
3282.3531
3282.3942
3282.4361
3282.4749
3282.5084
3282.5404
3282.602
3282.8777
3284.3526
3291.0274
3308.6944
3199.62
3282.2033
3282.2031
3282.2037
3282.2043
3282.2051
3282.206
3282.2071
3282.2083
3282.2096
3282.2112
3282.213
3282.2148
3282.2169
3282.2192
3282.2219
3282.2252
3282.2292
3282.2342
3282.2402
3282.2473
3282.2555
3282.2649
3282.276
3282.2895
3282.3061
3282.327
3282.3529
3282.3843
3282.4208
3282.4605
3282.5009
3282.5386
3282.5713
3282.6028
3282.6639
3282.9393
3284.4142
3291.0899
3308.769
3199.6906
3282.2697
3282.2695
3282.27
3282.2707
3282.2715
3282.2724
3282.2735
3282.2747
3282.2761
3282.2778
3282.2796
3282.2816
3282.2838
3282.2862
3282.289
3282.2925
3282.2966
3282.3018
3282.3081
3282.3154
3282.3238
3282.3334
3282.3447
3282.3583
3282.375
3282.3956
3282.421
3282.4516
3282.487
3282.5253
3282.5644
3282.601
3282.6329
3282.6639
3282.7246
3282.9998
3284.4747
3291.1518
3308.8428
3199.7632
3282.3346
3282.3344
3282.3349
3282.3356
3282.3364
3282.3373
3282.3384
3282.3397
3282.3412
3282.3429
3282.3448
3282.3468
3282.3492
3282.3517
3282.3547
3282.3583
3282.3626
3282.368
3282.3745
3282.382
3282.3906
3282.4005
3282.4119
3282.4256
3282.4422
3282.4626
3282.4876
3282.5174
3282.5516
3282.5887
3282.6265
3282.662
3282.6932
3282.7236
3282.784
3283.059
3284.5342
3291.2131
3308.9158
3199.8384
3282.398
3282.3979
3282.3984
3282.3991
3282.3999
3282.4009
3282.402
3282.4034
3282.4049
3282.4066
3282.4087
3282.4107
3282.4132
3282.4159
3282.4189
3282.4227
3282.4272
3282.4327
3282.4394
3282.4471
3282.4559
3282.466
3282.4775
3282.4913
3282.5079
3282.5281
3282.5526
3282.5816
3282.6149
3282.6508
3282.6873
3282.7218
3282.7523
3282.7821
3282.8421
3283.1169
3284.5926
3291.2736
3308.9883
3199.9159
3282.4601
3282.46
3282.4605
3282.4612
3282.4621
3282.4631
3282.4642
3282.4656
3282.4672
3282.469
3282.471
3282.4732
3282.4758
3282.4786
3282.4818
3282.4857
3282.4903
3282.4961
3282.5029
3282.5108
3282.5198
3282.53
3282.5417
3282.5556
3282.5721
3282.5921
3282.6161
3282.6444
3282.6767
3282.7114
3282.7467
3282.7802
3282.81
3282.8394
3282.899
3283.1738
3284.6499
3291.3335
3309.0604
3199.9961
3282.5207
3282.5206
3282.5212
3282.522
3282.5228
3282.5238
3282.525
3282.5265
3282.5281
3282.5299
3282.5321
3282.5344
3282.537
3282.5399
3282.5432
3282.5473
3282.5521
3282.558
3282.565
3282.5731
3282.5823
3282.5926
3282.6044
3282.6183
3282.6348
3282.6546
3282.6781
3282.7058
3282.737
3282.7707
3282.8049
3282.8373
3282.8665
3282.8954
3282.9546
3283.2293
3284.7061
3291.3928
3309.1322
3200.0796
3282.58
3282.58
3282.5806
3282.5813
3282.5823
3282.5833
3282.5845
3282.586
3282.5876
3282.5895
3282.5917
3282.5942
3282.5968
3282.5999
3282.6033
3282.6075
3282.6124
3282.6185
3282.6257
3282.634
3282.6433
3282.6538
3282.6657
3282.6797
3282.696
3282.7156
3282.7387
3282.7657
3282.796
3282.8286
3282.8617
3282.8932
3282.9216
3282.9501
3283.009
3283.2837
3284.7613
3291.4514
3309.2036
3200.1667
3282.638
3282.638
3282.6385
3282.6394
3282.6403
3282.6414
3282.6426
3282.6442
3282.6458
3282.6478
3282.6501
3282.6525
3282.6553
3282.6585
3282.6621
3282.6664
3282.6715
3282.6777
3282.685
3282.6934
3282.7029
3282.7135
3282.7256
3282.7395
3282.7558
3282.7751
3282.7979
3282.8241
3282.8536
3282.8852
3282.9172
3282.9478
3282.9756
3283.0036
3283.0622
3283.3369
3284.8154
3291.5092
3309.2749
3200.2582
3282.6946
3282.6947
3282.6952
3282.6961
3282.697
3282.6981
3282.6994
3282.701
3282.7027
3282.7048
3282.7071
3282.7096
3282.7125
3282.7157
3282.7194
3282.7239
3282.7291
3282.7354
3282.743
3282.7515
3282.7612
3282.7719
3282.784
3282.798
3282.8142
3282.8333
3282.8555
3282.8812
3282.9098
3282.9405
3282.9715
3283.0012
3283.0283
3283.0559
3283.1142
3283.3889
3284.8684
3291.5663
3309.3461
3200.3546
3282.7499
3282.75
3282.7506
3282.7515
3282.7524
3282.7536
3282.7549
3282.7565
3282.7583
3282.7604
3282.7627
3282.7654
3282.7683
3282.7717
3282.7755
3282.7801
3282.7854
3282.7919
3282.7996
3282.8083
3282.818
3282.8289
3282.841
3282.8551
3282.8712
3282.89
3282.9118
3282.9368
3282.9647
3282.9944
3283.0245
3283.0534
3283.0798
3283.107
3283.165
3283.4398
3284.9204
3291.6226
3309.4171
3200.4568
3282.8039
3282.8041
3282.8047
3282.8055
3282.8065
3282.8077
3282.8091
3282.8107
3282.8125
3282.8147
3282.817
3282.8198
3282.8228
3282.8263
3282.8303
3282.8349
3282.8404
3282.847
3282.8548
3282.8636
3282.8735
3282.8845
3282.8967
3282.9107
3282.9268
3282.9453
3282.9668
3282.9912
3283.0183
3283.0471
3283.0763
3283.1043
3283.1301
3283.1568
3283.2145
3283.4895
3284.9713
3291.6781
3309.4883
3200.5658
3282.8566
3282.8568
3282.8574
3282.8584
3282.8594
3282.8606
3282.862
3282.8636
3282.8655
3282.8677
3282.8701
3282.8729
3282.876
3282.8796
3282.8837
3282.8884
3282.8941
3282.9008
3282.9088
3282.9177
3282.9277
3282.9387
3282.9511
3282.965
3282.981
3282.9993
3283.0203
3283.0442
3283.0705
3283.0985
3283.1268
3283.154
3283.1792
3283.2055
3283.263
3283.5381
3285.0212
3291.7328
3309.5597
3200.6825
3282.9081
3282.9083
3282.909
3282.9099
3282.9109
3282.9121
3282.9136
3282.9152
3282.9171
3282.9194
3282.9219
3282.9248
3282.928
3282.9316
3282.9358
3282.9407
3282.9464
3282.9533
3282.9614
3282.9704
3282.9805
3282.9916
3283.0041
3283.018
3283.0338
3283.0519
3283.0726
3283.0959
3283.1215
3283.1486
3283.1761
3283.2025
3283.2271
3283.253
3283.3102
3283.5855
3285.0701
3291.7867
3309.6312
3200.8083
3282.9583
3282.9585
3282.9592
3282.9601
3282.9612
3282.9624
3282.9639
3282.9656
3282.9675
3282.9698
3282.9724
3282.9753
3282.9786
3282.9823
3282.9867
3282.9917
3282.9975
3283.0045
3283.0127
3283.0219
3283.0321
3283.0433
3283.0557
3283.0696
3283.0853
3283.1032
3283.1234
3283.1462
3283.1712
3283.1975
3283.2242
3283.2498
3283.2738
3283.2993
3283.3563
3283.6318
3285.1179
3291.8398
3309.7032
3200.9444
3283.0072
3283.0075
3283.0081
3283.0091
3283.0102
3283.0115
3283.0129
3283.0148
3283.0167
3283.019
3283.0216
3283.0246
3283.028
3283.0318
3283.0362
3283.0413
3283.0473
3283.0544
3283.0627
3283.072
3283.0823
3283.0935
3283.106
3283.1199
3283.1355
3283.1531
3283.173
3283.1953
3283.2196
3283.2452
3283.2711
3283.296
3283.3193
3283.3445
3283.4013
3283.6769
3285.1647
3291.8921
3309.7758
3201.0925
3283.0549
3283.0552
3283.0559
3283.0568
3283.058
3283.0593
3283.0608
3283.0626
3283.0646
3283.067
3283.0696
3283.0727
3283.0761
3283.08
3283.0845
3283.0898
3283.0958
3283.103
3283.1114
3283.1208
3283.1312
3283.1425
3283.155
3283.1688
3283.1843
3283.2017
3283.2213
3283.2431
3283.2667
3283.2917
3283.3168
3283.341
3283.3638
3283.3885
3283.4451
3283.721
3285.2105
3291.9437
3309.8491
3201.2544
3283.1014
3283.1016
3283.1024
3283.1034
3283.1045
3283.1058
3283.1074
3283.1092
3283.1113
3283.1137
3283.1164
3283.1195
3283.123
3283.127
3283.1316
3283.1369
3283.1431
3283.1504
3283.1589
3283.1684
3283.1788
3283.1902
3283.2027
3283.2165
3283.2319
3283.2491
3283.2683
3283.2896
3283.3127
3283.3369
3283.3613
3283.3848
3283.407
3283.4314
3283.4877
3283.764
3285.2552
3291.9947
3309.9233
3201.4323
3283.1466
3283.1469
3283.1477
3283.1487
3283.1498
3283.1512
3283.1527
3283.1546
3283.1567
3283.1591
3283.1619
3283.165
3283.1687
3283.1727
3283.1774
3283.1828
3283.1891
3283.1966
3283.2051
3283.2147
3283.2252
3283.2366
3283.2491
3283.2629
3283.2782
3283.2952
3283.314
3283.3349
3283.3574
3283.3809
3283.4046
3283.4276
3283.4492
3283.4731
3283.5293
3283.8058
3285.2989
3292.0449
3309.9987
3201.6285
3283.1906
3283.1909
3283.1917
3283.1927
3283.1939
3283.1953
3283.1969
3283.1988
3283.2009
3283.2034
3283.2062
3283.2094
3283.2131
3283.2172
3283.222
3283.2275
3283.2339
3283.2415
3283.2501
3283.2597
3283.2703
3283.2818
3283.2943
3283.308
3283.3232
3283.34
3283.3585
3283.3789
3283.4008
3283.4238
3283.4468
3283.4692
3283.4902
3283.5138
3283.5698
3283.8466
3285.3417
3292.0944
3310.0755
3201.846
3283.2334
3283.2337
3283.2345
3283.2356
3283.2368
3283.2382
3283.2398
3283.2417
3283.2439
3283.2464
3283.2493
3283.2525
3283.2563
3283.2605
3283.2654
3283.271
3283.2775
3283.2851
3283.2938
3283.3036
3283.3142
3283.3257
3283.3383
3283.3519
3283.367
3283.3835
3283.4018
3283.4218
3283.4431
3283.4655
3283.4879
3283.5096
3283.5302
3283.5534
3283.6091
3283.8862
3285.3834
3292.1433
3310.1541
3202.0877
3283.275
3283.2754
3283.2762
3283.2773
3283.2785
3283.2799
3283.2815
3283.2835
3283.2857
3283.2882
3283.2911
3283.2945
3283.2983
3283.3026
3283.3075
3283.3133
3283.3198
3283.3275
3283.3363
3283.3462
3283.3568
3283.3684
3283.3809
3283.3945
3283.4095
3283.4258
3283.4438
3283.4634
3283.4842
3283.506
3283.5278
3283.5489
3283.5691
3283.5919
3283.6474
3283.9249
3285.4241
3292.1916
3310.2348
3202.3574
3283.3155
3283.3158
3283.3166
3283.3177
3283.319
3283.3204
3283.3221
3283.3241
3283.3263
3283.3289
3283.3318
3283.3352
3283.3391
3283.3435
3283.3485
3283.3543
3283.361
3283.3687
3283.3776
3283.3875
3283.3983
3283.4099
3283.4224
3283.4359
3283.4508
3283.4669
3283.4846
3283.5038
3283.5242
3283.5454
3283.5666
3283.5872
3283.6068
3283.6293
3283.6846
3283.9624
3285.4638
3292.2393
3310.3179
3202.6591
3283.3548
3283.355
3283.3559
3283.357
3283.3583
3283.3597
3283.3614
3283.3635
3283.3657
3283.3683
3283.3713
3283.3748
3283.3787
3283.3832
3283.3883
3283.3941
3283.4009
3283.4087
3283.4177
3283.4277
3283.4385
3283.4501
3283.4626
3283.4761
3283.4908
3283.5068
3283.5242
3283.543
3283.5629
3283.5836
3283.6043
3283.6244
3283.6435
3283.6656
3283.7208
3283.9989
3285.5027
3292.2866
3310.404
3202.9976
3283.3929
3283.3931
3283.394
3283.3952
3283.3964
3283.3979
3283.3996
3283.4017
3283.4039
3283.4066
3283.4097
3283.4132
3283.4172
3283.4217
3283.4269
3283.4328
3283.4397
3283.4476
3283.4566
3283.4667
3283.4775
3283.4891
3283.5016
3283.5151
3283.5296
3283.5455
3283.5626
3283.581
3283.6005
3283.6207
3283.6409
3283.6604
3283.6792
3283.7009
3283.7558
3284.0344
3285.5406
3292.3334
3310.4937
3203.378
3283.4298
3283.4301
3283.431
3283.4322
3283.4334
3283.4349
3283.4367
3283.4388
3283.4411
3283.4438
3283.4468
3283.4504
3283.4545
3283.459
3283.4643
3283.4703
3283.4773
3283.4853
3283.4944
3283.5044
3283.5153
3283.527
3283.5395
3283.5529
3283.5674
3283.583
3283.5998
3283.6179
3283.637
3283.6567
3283.6764
3283.6955
3283.7138
3283.7352
3283.7899
3284.069
3285.5776
3292.38
3310.5874
3203.8062
3283.4656
3283.466
3283.4668
3283.468
3283.4693
3283.4709
3283.4726
3283.4747
3283.4771
3283.4798
3283.4829
3283.4866
3283.4907
3283.4953
3283.5006
3283.5067
3283.5137
3283.5218
3283.531
3283.5411
3283.552
3283.5637
3283.5761
3283.5895
3283.6039
3283.6193
3283.6359
3283.6536
3283.6724
3283.6916
3283.7108
3283.7295
3283.7474
3283.7685
3283.8231
3284.1025
3285.6138
3292.4263
3310.6862
3204.2888
3283.5004
3283.5008
3283.5017
3283.5029
3283.5042
3283.5058
3283.5076
3283.5097
3283.5121
3283.5148
3283.518
3283.5216
3283.5258
3283.5305
3283.5358
3283.542
3283.5491
3283.5572
3283.5665
3283.5766
3283.5876
3283.5992
3283.6117
3283.625
3283.6392
3283.6545
3283.6709
3283.6883
3283.7067
3283.7255
3283.7443
3283.7625
3283.78
3283.8008
3283.8553
3284.1352
3285.6493
3292.4727
3310.791
3204.8327
3283.5344
3283.5348
3283.5357
3283.5369
3283.5383
3283.5399
3283.5417
3283.5437
3283.5462
3283.5489
3283.5521
3283.5558
3283.56
3283.5648
3283.5702
3283.5764
3283.5835
3283.5917
3283.601
3283.6111
3283.6221
3283.6338
3283.6462
3283.6594
3283.6736
3283.6887
3283.7049
3283.722
3283.74
3283.7585
3283.7769
3283.7947
3283.8119
3283.8324
3283.8868
3284.1673
3285.6844
3292.5195
3310.9034
3205.4459
3283.568
3283.5683
3283.5693
3283.5705
3283.5719
3283.5735
3283.5752
3283.5774
3283.5798
3283.5826
3283.5858
3283.5894
3283.5936
3283.5984
3283.6039
3283.6101
3283.6172
3283.6255
3283.6347
3283.6449
3283.6559
3283.6675
3283.6799
3283.693
3283.7071
3283.722
3283.738
3283.7549
3283.7726
3283.7907
3283.8088
3283.8263
3283.8432
3283.8636
3283.918
3284.1991
3285.7194
3292.5675
3311.0256
3206.1363
3283.6019
3283.6023
3283.6032
3283.6045
3283.6058
3283.6074
3283.6092
3283.6112
3283.6136
3283.6164
3283.6195
3283.6232
3283.6274
3283.6322
3283.6376
3283.6438
3283.6509
3283.659
3283.6683
3283.6784
3283.6893
3283.7008
3283.7131
3283.7262
3283.7401
3283.7549
3283.7707
3283.7874
3283.8049
3283.8227
3283.8406
3283.858
3283.8748
3283.8951
3283.9496
3284.2315
3285.7554
3292.6178
3311.1608
3206.9122
3283.6379
3283.6383
3283.6392
3283.6405
3283.6418
3283.6433
3283.6451
3283.6471
3283.6494
3283.6521
3283.6552
3283.6587
3283.6628
3283.6674
3283.6727
3283.6787
3283.6857
3283.6936
3283.7027
3283.7126
3283.7233
3283.7347
3283.7468
3283.7597
3283.7735
3283.7881
3283.8038
3283.8204
3283.8378
3283.8556
3283.8735
3283.891
3283.9079
3283.9284
3283.9833
3284.2661
3285.794
3292.6726
3311.3142
3207.7816
3283.6791
3283.6795
3283.6804
3283.6816
3283.6828
3283.6843
3283.6859
3283.6878
3283.69
3283.6925
3283.6954
3283.6986
3283.7024
3283.7067
3283.7117
3283.7174
3283.724
3283.7316
3283.7402
3283.7498
3283.76
3283.771
3283.7829
3283.7955
3283.809
3283.8236
3283.8392
3283.8558
3283.8733
3283.8914
3283.9097
3283.9277
3283.9452
3283.9663
3284.0218
3284.3061
3285.8386
3292.7359
3311.4937
3208.7511
3283.7314
3283.7318
3283.7327
3283.7337
3283.7348
3283.7361
3283.7375
3283.7391
3283.741
3283.7431
3283.7456
3283.7483
3283.7516
3283.7553
3283.7596
3283.7646
3283.7703
3283.7771
3283.7849
3283.7937
3283.8032
3283.8135
3283.8246
3283.8367
3283.85
3283.8643
3283.88
3283.8969
3283.915
3283.934
3283.9534
3283.9725
3283.9915
3284.0139
3284.0709
3284.3571
3285.8953
3292.8147
3311.7109
3209.8244
3283.8051
3283.8054
3283.8061
3283.807
3283.8079
3283.8089
3283.8098
3283.811
3283.8122
3283.8136
3283.8153
3283.8172
3283.8194
3283.822
3283.825
3283.8287
3283.833
3283.8383
3283.8445
3283.8517
3283.8597
3283.8687
3283.8787
3283.8898
3283.9025
3283.9166
3283.9325
3283.9501
3283.9694
3283.9902
3284.0118
3284.0335
3284.0551
3284.08
3284.1396
3284.429
3285.9742
3292.9202
3311.9828
3211.0002
3283.9165
3283.9166
3283.9172
3283.9178
3283.9182
3283.9186
3283.9188
3283.9191
3283.9194
3283.9196
3283.9199
3283.9202
3283.9207
3283.9213
3283.9222
3283.9234
3283.9253
3283.9279
3283.9314
3283.9359
3283.9413
3283.9478
3283.9557
3283.9653
3283.9768
3283.9906
3284.0069
3284.0258
3284.0474
3284.0714
3284.097
3284.1232
3284.1493
3284.1786
3284.2426
3284.5368
3286.0913
3293.0699
3312.3315
3212.2665
3284.0888
3284.0888
3284.0891
3284.0891
3284.0888
3284.0883
3284.0875
3284.0864
3284.085
3284.0835
3284.0816
3284.0794
3284.077
3284.0745
3284.0719
3284.0692
3284.067
3284.0652
3284.0642
3284.0642
3284.0652
3284.0676
3284.072
3284.0787
3284.0883
3284.1013
3284.1182
3284.1393
3284.1646
3284.1936
3284.2256
3284.259
3284.2925
3284.3288
3284.3997
3284.7013
3286.268
3293.2864
3312.7825
3213.5929
3284.3496
3284.3492
3284.3491
3284.3484
3284.3471
3284.3452
3284.3428
3284.3398
3284.336
3284.3317
3284.3265
3284.3207
3284.3141
3284.3068
3284.2989
3284.2905
3284.282
3284.2736
3284.2656
3284.2585
3284.2526
3284.2486
3284.2471
3284.249
3284.2554
3284.2668
3284.2842
3284.308
3284.3384
3284.3749
3284.4161
3284.4599
3284.5042
3284.5509
3284.632
3284.9443
3286.5273
3293.5935
3313.3555
3214.9151
3284.7168
3284.7163
3284.7157
3284.7139
3284.7113
3284.7076
3284.703
3284.6974
3284.6904
3284.6824
3284.6729
3284.6621
3284.6498
3284.636
3284.6209
3284.6045
3284.5871
3284.5693
3284.5514
3284.5342
3284.518
3284.5042
3284.4938
3284.4884
3284.4891
3284.4974
3284.5145
3284.5411
3284.5776
3284.6231
3284.676
3284.7332
3284.7916
3284.852
3284.9466
3285.2736
3286.8773
3293.9985
3314.0401
3216.1076
3285.1623
3285.162
3285.1609
3285.158
3285.1537
3285.1481
3285.1409
3285.1321
3285.1215
3285.109
3285.0944
3285.0776
3285.0584
3285.0368
3285.0127
3284.9862
3284.9577
3284.9276
3284.8966
3284.8656
3284.8354
3284.8075
3284.7836
3284.7657
3284.7557
3284.7556
3284.7675
3284.7925
3284.8317
3284.8843
3284.9482
3285.0193
3285.0934
3285.1705
3285.2825
3285.6302
3287.262
3294.4442
3314.7265
3216.7692
3285.446
3285.4468
3285.4457
3285.4419
3285.4364
3285.4292
3285.42
3285.4089
3285.3954
3285.3794
3285.3607
3285.339
3285.3141
3285.2858
3285.2539
3285.2185
3285.1799
3285.1386
3285.095
3285.0504
3285.0055
3284.9625
3284.9232
3284.8903
3284.8662
3284.8537
3284.8554
3284.8728
3284.9076
3284.9596
3285.0265
3285.1039
3285.1869
3285.2753
3285.4003
3285.7664
3287.4234
3294.6509
3315.0183
3216.6659
3285.1952
3285.1983
3285.1978
3285.194
3285.1884
3285.1809
3285.1714
3285.1598
3285.1457
3285.1289
3285.109
3285.0858
3285.0588
3285.0277
3284.9922
3284.952
3284.9072
3284.8579
3284.8046
3284.7478
3284.6889
3284.6291
3284.5708
3284.5166
3284.4693
3284.4323
3284.4088
3284.4019
3284.4136
3284.4461
3284.4978
3284.5658
3284.6447
3284.7359
3284.8684
3285.2532
3286.9365
3294.1935
3314.3936
3214.9266
3283.3692
3283.3774
3283.3792
3283.3772
3283.374
3283.3694
3283.3633
3283.3558
3283.3465
3283.3349
3283.321
3283.3043
3283.2838
3283.2596
3283.2306
3283.1963
3283.1559
3283.1092
3283.0559
3282.995
3282.9277
3282.8537
3282.7748
3282.6924
3282.6092
3282.5287
3282.4544
3282.3918
3282.3446
3282.3191
3282.3172
3282.3403
3282.3842
3282.455
3282.5773
3282.9717
3284.673
3291.9181
3311.4763
3210.1282
3277.9205
3277.9378
3277.9444
3277.9477
3277.9513
3277.9549
3277.9588
3277.9634
3277.9685
3277.9729
3277.9777
3277.9817
3277.9837
3277.9839
3277.9803
3277.972
3277.9566
3277.933
3277.8993
3277.8512
3277.7895
3277.7095
3277.6116
3277.4939
3277.3575
3277.2051
3277.04
3276.8714
3276.7068
3276.5604
3276.4414
3276.361
3276.3189
3276.3301
3276.4106
3276.7966
3278.4984
3285.667
3303.8811
3199.8577
3265.1071
3265.1388
3265.1541
3265.1674
3265.1842
3265.2038
3265.2272
3265.2557
3265.2892
3265.3255
3265.3676
3265.4135
3265.4615
3265.512
3265.5624
3265.6102
3265.6508
3265.6818
3265.6984
3265.6902
3265.6567
3265.586
3265.4745
3265.314
3265.102
3264.8391
3264.5274
3264.182
3263.817
3263.4608
3263.1356
3262.8696
3262.6693
3262.5669
3262.5604
3262.9101
3264.5855
3271.5913
3287.5414
3180.4141
3238.5407
3238.5928
3238.6209
3238.6503
3238.6881
3238.7332
3238.7874
3238.854
3238.933
3239.0204
3239.1223
3239.2362
3239.3588
3239.4916
3239.6309
3239.7724
3239.9079
3240.0329
3240.1385
3240.2049
3240.2291
3240.1884
3240.0716
3239.8611
3239.5474
3239.128
3238.6028
3237.9952
3237.3305
3236.6584
3236.0217
3235.4741
3235.0318
3234.7547
3234.6064
3234.8872
3236.5027
3243.2463
3255.8886
3146.029
3187.9856
3188.0632
3188.1081
3188.159
3188.2251
3188.3039
3188.3988
3188.5164
3188.6564
3188.812
3188.994
3189.1996
3189.4233
3189.6677
3189.9286
3190.1988
3190.4656
3190.7221
3190.954
3191.1291
3191.2401
3191.2505
3191.1385
3190.8739
3190.436
3189.819
3189.0192
3188.0709
3187.0155
3185.9313
3184.8898
3183.9773
3183.2198
3182.7192
3182.3795
3182.5604
3184.0845
3190.4696
3198.8339
3087.8633
3097.8572
3097.9615
3098.0251
3098.1007
3098.1994
3098.316
3098.4563
3098.6318
3098.841
3099.073
3099.3449
3099.6541
3099.9915
3100.3617
3100.7608
3101.1777
3101.5956
3102.0041
3102.3838
3102.688
3102.9036
3102.9804
3102.8809
3102.5637
3101.993
3101.1593
3100.0553
3098.726
3097.2329
3095.6879
3094.1959
3092.881
3091.7744
3091.0368
3090.4793
3090.5415
3091.9531
3097.8834
3101.3441
2992.575
2944.9951
2945.1173
2945.1974
2945.2953
2945.423
2945.5719
2945.7508
2945.9771
2946.2496
2946.5502
2946.9043
2947.3089
2947.7513
2948.2377
2948.7649
2949.3189
2949.8775
2950.4284
2950.9476
2951.3745
2951.6907
2951.8343
2951.751
2951.3893
2950.6991
2949.6674
2948.2845
2946.6084
2944.725
2942.7707
2940.8854
2939.2238
2937.8148
2936.8891
2936.1353
2936.0841
2937.3719
2942.7339
2941.3661
2839.9048
2694.8938
2695.0276
2695.1174
2695.2284
2695.3739
2695.5402
2695.7392
2695.9956
2696.3049
2696.6426
2697.0432
2697.5028
2698.005
2698.5587
2699.1614
2699.7973
2700.4414
2701.0802
2701.6883
2702.1952
2702.5802
2702.775
2702.7132
2702.3366
2701.5863
2700.4468
2698.9069
2697.0305
2694.9191
2692.7291
2690.6236
2688.7783
2687.2028
2686.2069
2685.3345
2685.2069
2686.3661
2691.031
2685.8808
2598.218
2291.9663
2292.0853
2292.1703
2292.275
2292.413
2292.5669
2292.7515
2292.9936
2293.2863
2293.6032
2293.9822
2294.4184
2294.895
2295.4233
2295.9995
2296.612
2297.2355
2297.8578
2298.457
2298.9639
2299.3588
2299.5764
2299.5493
2299.2195
2298.5285
2297.4591
2296.001
2294.2141
2292.2026
2290.1168
2288.1217
2286.3869
2284.8955
2284.0072
2283.1603
2283.0189
2284.0061
2287.7692
2280.8087
2213.9654
1617.0256
1617.1005
1617.1595
1617.232
1617.3276
1617.4325
1617.5606
1617.7311
1617.9359
1618.1581
1618.4264
1618.7347
1619.0734
1619.453
1619.8671
1620.3136
1620.7736
1621.2385
1621.6951
1622.0926
1622.4164
1622.6165
1622.6411
1622.4432
1621.9773
1621.2247
1620.1791
1618.8813
1617.4151
1615.8886
1614.4356
1613.181
1612.0971
1611.4966
1610.8631
1610.7799
1611.4626
1614.0096
1608.1589
1567.7794
)
;

boundaryField
{
    piston
    {
        type            fixedValue;
        value           uniform 485.2;
    }
    cylinderHead
    {
        type            fixedValue;
        value           uniform 525.2;
    }
    cylinderWall
    {
        type            fixedValue;
        value           uniform 430.1;
    }
    wedgeFront
    {
        type            wedge;
    }
    wedgeBack
    {
        type            wedge;
    }
    axis
    {
        type            empty;
    }
}


// ************************************************************************* //
