/*--------------------------------*- C++ -*----------------------------------*\
  =========                 |
  \\      /  F ield         | OpenFOAM: The Open Source CFD Toolbox
   \\    /   O peration     | Website:  https://openfoam.org
    \\  /    A nd           | Version:  13
     \\/     M anipulation  |
\*---------------------------------------------------------------------------*/
FoamFile
{
    format      ascii;
    class       volScalarField;
    location    "-9.57852e-14";
    object      p;
}
// * * * * * * * * * * * * * * * * * * * * * * * * * * * * * * * * * * * * * //

dimensions      [1 -1 -2 0 0 0 0];

internalField   nonuniform List<scalar> 
4800
(
3357502.6
3357502.6
3357502.6
3357502.6
3357502.6
3357502.6
3357502.6
3357502.6
3357502.6
3357502.6
3357502.6
3357502.6
3357502.6
3357502.5
3357502.5
3357502.5
3357502.5
3357502.5
3357502.5
3357502.6
3357502.6
3357502.5
3357502.6
3357502.9
3357503
3357503
3357502.8
3357502.1
3357501.4
3357500.4
3357499.7
3357499.4
3357500.1
3357500.8
3357501.2
3357501.1
3357501.1
3357501.6
3357503.3
3357505.9
3357503.8
3357503.8
3357503.8
3357503.8
3357503.8
3357503.8
3357503.8
3357503.7
3357503.7
3357503.7
3357503.7
3357503.7
3357503.7
3357503.7
3357503.7
3357503.7
3357503.7
3357503.6
3357503.6
3357503.7
3357503.7
3357503.7
3357503.8
3357504
3357504.2
3357504.1
3357503.9
3357503.2
3357502.6
3357501.8
3357501
3357500.7
3357501.3
3357502
3357502.3
3357502.2
3357502.2
3357502.6
3357503.8
3357506.2
3357503.3
3357503.3
3357503.3
3357503.3
3357503.3
3357503.3
3357503.3
3357503.3
3357503.3
3357503.3
3357503.3
3357503.3
3357503.3
3357503.3
3357503.2
3357503.2
3357503.2
3357503.2
3357503.2
3357503.3
3357503.3
3357503.2
3357503.3
3357503.6
3357503.7
3357503.7
3357503.5
3357502.9
3357502.1
3357501.6
3357500.8
3357500.4
3357500.7
3357501.6
3357502
3357501.8
3357501.7
3357502.4
3357503.9
3357506.4
3357504.3
3357504.3
3357504.3
3357504.3
3357504.3
3357504.3
3357504.3
3357504.3
3357504.3
3357504.3
3357504.3
3357504.3
3357504.3
3357504.3
3357504.3
3357504.2
3357504.2
3357504.2
3357504.2
3357504.3
3357504.3
3357504.3
3357504.4
3357504.6
3357504.7
3357504.7
3357504.5
3357503.9
3357502.9
3357502.1
3357501.2
3357500.9
3357501.6
3357502.3
3357502.6
3357502.7
3357502.7
3357502.9
3357504.2
3357506.5
3357504.2
3357504.2
3357504.2
3357504.2
3357504.2
3357504.2
3357504.2
3357504.2
3357504.2
3357504.2
3357504.2
3357504.1
3357504.1
3357504.1
3357504.1
3357504.1
3357504.1
3357504.1
3357504.1
3357504.1
3357504.1
3357504.1
3357504.2
3357504.3
3357504.5
3357504.5
3357504.3
3357504
3357503.2
3357502.4
3357501.5
3357501.2
3357501.7
3357502.4
3357502.8
3357502.8
3357502.7
3357503.1
3357504.4
3357506.7
3357504.7
3357504.7
3357504.7
3357504.7
3357504.7
3357504.7
3357504.7
3357504.6
3357504.6
3357504.6
3357504.6
3357504.6
3357504.6
3357504.6
3357504.6
3357504.6
3357504.6
3357504.6
3357504.7
3357504.7
3357504.7
3357504.8
3357504.8
3357504.8
3357504.9
3357504.9
3357504.7
3357504.3
3357503.5
3357502.7
3357501.8
3357501.4
3357502
3357502.8
3357503.2
3357503.3
3357503.1
3357503.4
3357504.5
3357506.8
3357504.9
3357504.9
3357504.9
3357504.9
3357504.9
3357504.9
3357504.9
3357504.9
3357504.9
3357504.9
3357504.9
3357504.9
3357504.9
3357504.9
3357504.9
3357504.9
3357504.9
3357504.9
3357504.9
3357504.9
3357504.9
3357505
3357505.1
3357505.1
3357505.2
3357505.3
3357505
3357504.6
3357503.9
3357503
3357502
3357501.7
3357502.3
3357503.2
3357503.5
3357503.6
3357503.4
3357503.6
3357504.7
3357506.9
3357505.3
3357505.3
3357505.3
3357505.3
3357505.3
3357505.3
3357505.3
3357505.2
3357505.2
3357505.2
3357505.2
3357505.2
3357505.2
3357505.2
3357505.2
3357505.2
3357505.2
3357505.2
3357505.2
3357505.2
3357505.2
3357505.4
3357505.4
3357505.4
3357505.5
3357505.6
3357505.4
3357505
3357504.2
3357503.2
3357502.2
3357501.9
3357502.6
3357503.5
3357503.8
3357503.9
3357503.7
3357503.9
3357504.8
3357507
3357505.6
3357505.6
3357505.6
3357505.6
3357505.6
3357505.6
3357505.6
3357505.6
3357505.6
3357505.6
3357505.6
3357505.5
3357505.5
3357505.5
3357505.5
3357505.5
3357505.5
3357505.5
3357505.6
3357505.5
3357505.6
3357505.7
3357505.7
3357505.7
3357505.8
3357505.9
3357505.7
3357505.3
3357504.5
3357503.5
3357502.4
3357502.2
3357502.9
3357503.8
3357504.2
3357504.2
3357504
3357504.1
3357505
3357507.1
3357505.9
3357505.9
3357505.9
3357505.9
3357505.9
3357505.9
3357505.9
3357505.9
3357505.9
3357505.9
3357505.9
3357505.9
3357505.9
3357505.9
3357505.9
3357505.9
3357505.9
3357505.9
3357505.9
3357505.9
3357505.9
3357506
3357506
3357506.1
3357506.1
3357506.2
3357506
3357505.6
3357504.8
3357503.7
3357502.7
3357502.4
3357503.2
3357504.1
3357504.5
3357504.5
3357504.3
3357504.4
3357505.2
3357507.1
3357506.2
3357506.2
3357506.2
3357506.2
3357506.2
3357506.2
3357506.2
3357506.2
3357506.2
3357506.2
3357506.2
3357506.2
3357506.2
3357506.2
3357506.2
3357506.2
3357506.2
3357506.2
3357506.2
3357506.2
3357506.2
3357506.3
3357506.3
3357506.4
3357506.4
3357506.5
3357506.3
3357505.9
3357505
3357504
3357502.9
3357502.7
3357503.5
3357504.4
3357504.8
3357504.8
3357504.5
3357504.6
3357505.3
3357507.2
3357506.5
3357506.5
3357506.5
3357506.5
3357506.5
3357506.5
3357506.5
3357506.5
3357506.5
3357506.5
3357506.5
3357506.5
3357506.5
3357506.5
3357506.5
3357506.5
3357506.5
3357506.5
3357506.5
3357506.5
3357506.5
3357506.6
3357506.6
3357506.7
3357506.7
3357506.8
3357506.6
3357506.2
3357505.3
3357504.2
3357503.2
3357503
3357503.8
3357504.7
3357505.1
3357505.1
3357504.8
3357504.9
3357505.5
3357507.3
3357506.9
3357506.9
3357506.9
3357506.9
3357506.9
3357506.8
3357506.8
3357506.8
3357506.8
3357506.8
3357506.8
3357506.8
3357506.8
3357506.8
3357506.8
3357506.8
3357506.8
3357506.8
3357506.8
3357506.8
3357506.8
3357506.9
3357506.9
3357507
3357507
3357507.1
3357506.9
3357506.4
3357505.6
3357504.4
3357503.4
3357503.3
3357504.1
3357505
3357505.4
3357505.4
3357505.1
3357505.1
3357505.7
3357507.4
3357507.2
3357507.2
3357507.2
3357507.2
3357507.2
3357507.2
3357507.2
3357507.1
3357507.1
3357507.1
3357507.1
3357507.1
3357507.1
3357507.1
3357507.1
3357507.1
3357507.1
3357507.1
3357507.1
3357507.1
3357507.1
3357507.2
3357507.2
3357507.3
3357507.3
3357507.3
3357507.2
3357506.7
3357505.8
3357504.7
3357503.7
3357503.6
3357504.4
3357505.3
3357505.7
3357505.7
3357505.4
3357505.4
3357505.8
3357507.5
3357507.5
3357507.5
3357507.5
3357507.5
3357507.5
3357507.5
3357507.5
3357507.5
3357507.4
3357507.4
3357507.4
3357507.4
3357507.4
3357507.4
3357507.4
3357507.4
3357507.4
3357507.4
3357507.4
3357507.4
3357507.4
3357507.5
3357507.5
3357507.6
3357507.6
3357507.6
3357507.4
3357507
3357506.1
3357504.9
3357503.9
3357503.8
3357504.7
3357505.6
3357505.9
3357506
3357505.7
3357505.7
3357506
3357507.6
3357507.8
3357507.8
3357507.8
3357507.8
3357507.8
3357507.8
3357507.8
3357507.8
3357507.8
3357507.7
3357507.7
3357507.7
3357507.7
3357507.7
3357507.7
3357507.7
3357507.7
3357507.7
3357507.7
3357507.7
3357507.8
3357507.8
3357507.8
3357507.9
3357507.9
3357507.9
3357507.7
3357507.2
3357506.4
3357505.2
3357504.2
3357504.1
3357505
3357505.9
3357506.2
3357506.2
3357506
3357505.9
3357506.3
3357507.8
3357508.1
3357508.1
3357508.1
3357508.1
3357508.1
3357508.1
3357508.1
3357508.1
3357508.1
3357508
3357508
3357508
3357508
3357508
3357508
3357508
3357508
3357508
3357508
3357508
3357508
3357508.1
3357508.1
3357508.2
3357508.2
3357508.2
3357508
3357507.5
3357506.6
3357505.4
3357504.5
3357504.4
3357505.3
3357506.2
3357506.5
3357506.5
3357506.3
3357506.2
3357506.5
3357507.9
3357508.4
3357508.4
3357508.4
3357508.4
3357508.4
3357508.4
3357508.4
3357508.4
3357508.4
3357508.3
3357508.3
3357508.3
3357508.3
3357508.3
3357508.3
3357508.3
3357508.3
3357508.3
3357508.3
3357508.3
3357508.3
3357508.4
3357508.4
3357508.4
3357508.5
3357508.4
3357508.2
3357507.7
3357506.9
3357505.7
3357504.8
3357504.8
3357505.6
3357506.4
3357506.8
3357506.8
3357506.6
3357506.5
3357506.7
3357508
3357508.7
3357508.7
3357508.7
3357508.7
3357508.7
3357508.7
3357508.7
3357508.7
3357508.6
3357508.6
3357508.6
3357508.6
3357508.6
3357508.6
3357508.6
3357508.6
3357508.6
3357508.6
3357508.6
3357508.6
3357508.6
3357508.7
3357508.7
3357508.7
3357508.7
3357508.7
3357508.5
3357508
3357507.1
3357506
3357505.1
3357505.1
3357505.9
3357506.7
3357507.1
3357507.1
3357506.9
3357506.8
3357507
3357508.2
3357509
3357509
3357509
3357509
3357509
3357509
3357509
3357508.9
3357508.9
3357508.9
3357508.9
3357508.9
3357508.9
3357508.9
3357508.9
3357508.9
3357508.9
3357508.9
3357508.9
3357508.9
3357508.9
3357509
3357509
3357509
3357509
3357509
3357508.7
3357508.2
3357507.4
3357506.3
3357505.4
3357505.4
3357506.2
3357507
3357507.3
3357507.4
3357507.2
3357507.1
3357507.2
3357508.4
3357509.3
3357509.3
3357509.3
3357509.3
3357509.3
3357509.2
3357509.2
3357509.2
3357509.2
3357509.2
3357509.2
3357509.2
3357509.2
3357509.2
3357509.2
3357509.2
3357509.2
3357509.2
3357509.2
3357509.2
3357509.2
3357509.2
3357509.3
3357509.3
3357509.3
3357509.2
3357509
3357508.5
3357507.6
3357506.5
3357505.7
3357505.7
3357506.5
3357507.3
3357507.6
3357507.7
3357507.5
3357507.4
3357507.5
3357508.5
3357509.5
3357509.5
3357509.5
3357509.5
3357509.5
3357509.5
3357509.5
3357509.5
3357509.5
3357509.5
3357509.5
3357509.5
3357509.5
3357509.5
3357509.5
3357509.5
3357509.5
3357509.5
3357509.5
3357509.5
3357509.5
3357509.5
3357509.5
3357509.6
3357509.6
3357509.5
3357509.2
3357508.7
3357507.9
3357506.8
3357506
3357506
3357506.8
3357507.6
3357507.9
3357507.9
3357507.8
3357507.7
3357507.7
3357508.7
3357509.8
3357509.8
3357509.8
3357509.8
3357509.8
3357509.8
3357509.8
3357509.8
3357509.8
3357509.8
3357509.8
3357509.8
3357509.8
3357509.8
3357509.8
3357509.8
3357509.8
3357509.8
3357509.8
3357509.8
3357509.8
3357509.8
3357509.8
3357509.8
3357509.8
3357509.7
3357509.5
3357509
3357508.2
3357507.1
3357506.4
3357506.4
3357507.1
3357507.8
3357508.1
3357508.2
3357508.1
3357508
3357508
3357508.9
3357510.1
3357510.1
3357510.1
3357510.1
3357510.1
3357510.1
3357510.1
3357510.1
3357510.1
3357510.1
3357510.1
3357510.1
3357510.1
3357510
3357510
3357510
3357510
3357510
3357510
3357510
3357510.1
3357510.1
3357510.1
3357510.1
3357510.1
3357510
3357509.7
3357509.2
3357508.4
3357507.5
3357506.7
3357506.7
3357507.5
3357508.1
3357508.4
3357508.5
3357508.4
3357508.3
3357508.3
3357509.1
3357510.4
3357510.4
3357510.4
3357510.4
3357510.4
3357510.4
3357510.4
3357510.4
3357510.4
3357510.4
3357510.3
3357510.3
3357510.3
3357510.3
3357510.3
3357510.3
3357510.3
3357510.3
3357510.3
3357510.3
3357510.3
3357510.3
3357510.4
3357510.4
3357510.3
3357510.2
3357510
3357509.5
3357508.7
3357507.8
3357507.1
3357507.1
3357507.8
3357508.4
3357508.7
3357508.8
3357508.7
3357508.6
3357508.6
3357509.3
3357510.7
3357510.7
3357510.7
3357510.7
3357510.7
3357510.6
3357510.6
3357510.6
3357510.6
3357510.6
3357510.6
3357510.6
3357510.6
3357510.6
3357510.6
3357510.6
3357510.6
3357510.6
3357510.6
3357510.6
3357510.6
3357510.6
3357510.6
3357510.6
3357510.6
3357510.5
3357510.2
3357509.8
3357509
3357508.1
3357507.4
3357507.4
3357508.1
3357508.7
3357509
3357509
3357509
3357508.9
3357508.9
3357509.5
3357510.9
3357510.9
3357510.9
3357510.9
3357510.9
3357510.9
3357510.9
3357510.9
3357510.9
3357510.9
3357510.9
3357510.9
3357510.9
3357510.9
3357510.9
3357510.9
3357510.9
3357510.9
3357510.9
3357510.9
3357510.9
3357510.9
3357510.9
3357510.9
3357510.8
3357510.7
3357510.5
3357510
3357509.3
3357508.4
3357507.8
3357507.8
3357508.4
3357509
3357509.2
3357509.3
3357509.2
3357509.2
3357509.2
3357509.8
3357511.2
3357511.2
3357511.2
3357511.2
3357511.2
3357511.2
3357511.2
3357511.2
3357511.2
3357511.2
3357511.2
3357511.2
3357511.1
3357511.1
3357511.1
3357511.1
3357511.1
3357511.1
3357511.1
3357511.1
3357511.1
3357511.1
3357511.1
3357511.1
3357511.1
3357511
3357510.7
3357510.3
3357509.6
3357508.7
3357508.1
3357508.2
3357508.7
3357509.3
3357509.5
3357509.6
3357509.5
3357509.5
3357509.4
3357510
3357511.5
3357511.5
3357511.5
3357511.5
3357511.5
3357511.5
3357511.5
3357511.4
3357511.4
3357511.4
3357511.4
3357511.4
3357511.4
3357511.4
3357511.4
3357511.4
3357511.4
3357511.4
3357511.4
3357511.4
3357511.4
3357511.4
3357511.4
3357511.4
3357511.3
3357511.2
3357511
3357510.5
3357509.9
3357509.1
3357508.5
3357508.5
3357509
3357509.5
3357509.8
3357509.9
3357509.8
3357509.8
3357509.7
3357510.2
3357511.7
3357511.7
3357511.7
3357511.7
3357511.7
3357511.7
3357511.7
3357511.7
3357511.7
3357511.7
3357511.7
3357511.7
3357511.7
3357511.7
3357511.7
3357511.7
3357511.6
3357511.6
3357511.6
3357511.6
3357511.6
3357511.6
3357511.6
3357511.6
3357511.6
3357511.5
3357511.2
3357510.8
3357510.1
3357509.4
3357508.8
3357508.9
3357509.3
3357509.8
3357510
3357510.1
3357510.1
3357510.1
3357510
3357510.5
3357512
3357512
3357512
3357512
3357512
3357512
3357512
3357512
3357512
3357512
3357511.9
3357511.9
3357511.9
3357511.9
3357511.9
3357511.9
3357511.9
3357511.9
3357511.9
3357511.9
3357511.9
3357511.9
3357511.9
3357511.9
3357511.8
3357511.7
3357511.5
3357511
3357510.4
3357509.7
3357509.2
3357509.2
3357509.6
3357510.1
3357510.3
3357510.4
3357510.3
3357510.3
3357510.3
3357510.7
3357512.2
3357512.2
3357512.2
3357512.2
3357512.2
3357512.2
3357512.2
3357512.2
3357512.2
3357512.2
3357512.2
3357512.2
3357512.2
3357512.2
3357512.2
3357512.2
3357512.2
3357512.2
3357512.2
3357512.1
3357512.1
3357512.1
3357512.1
3357512.1
3357512.1
3357511.9
3357511.7
3357511.3
3357510.7
3357510
3357509.5
3357509.6
3357509.9
3357510.3
3357510.5
3357510.6
3357510.6
3357510.6
3357510.6
3357510.9
3357512.5
3357512.5
3357512.5
3357512.5
3357512.5
3357512.5
3357512.5
3357512.5
3357512.5
3357512.5
3357512.5
3357512.4
3357512.4
3357512.4
3357512.4
3357512.4
3357512.4
3357512.4
3357512.4
3357512.4
3357512.4
3357512.4
3357512.4
3357512.4
3357512.3
3357512.2
3357511.9
3357511.5
3357511
3357510.3
3357509.9
3357509.9
3357510.2
3357510.6
3357510.8
3357510.9
3357510.9
3357510.9
3357510.8
3357511.2
3357512.8
3357512.8
3357512.8
3357512.7
3357512.7
3357512.7
3357512.7
3357512.7
3357512.7
3357512.7
3357512.7
3357512.7
3357512.7
3357512.7
3357512.7
3357512.7
3357512.7
3357512.7
3357512.7
3357512.6
3357512.6
3357512.6
3357512.6
3357512.6
3357512.5
3357512.4
3357512.2
3357511.8
3357511.2
3357510.6
3357510.2
3357510.2
3357510.5
3357510.9
3357511.1
3357511.2
3357511.1
3357511.2
3357511.1
3357511.4
3357513
3357513
3357513
3357513
3357513
3357513
3357513
3357513
3357513
3357513
3357513
3357512.9
3357512.9
3357512.9
3357512.9
3357512.9
3357512.9
3357512.9
3357512.9
3357512.9
3357512.9
3357512.9
3357512.9
3357512.8
3357512.8
3357512.6
3357512.4
3357512
3357511.5
3357510.9
3357510.5
3357510.5
3357510.8
3357511.1
3357511.3
3357511.4
3357511.4
3357511.4
3357511.4
3357511.7
3357513.2
3357513.2
3357513.2
3357513.2
3357513.2
3357513.2
3357513.2
3357513.2
3357513.2
3357513.2
3357513.2
3357513.2
3357513.2
3357513.2
3357513.2
3357513.2
3357513.2
3357513.1
3357513.1
3357513.1
3357513.1
3357513.1
3357513.1
3357513.1
3357513
3357512.9
3357512.6
3357512.3
3357511.8
3357511.2
3357510.8
3357510.8
3357511.1
3357511.4
3357511.6
3357511.7
3357511.6
3357511.7
3357511.6
3357511.9
3357513.5
3357513.5
3357513.5
3357513.5
3357513.5
3357513.5
3357513.5
3357513.5
3357513.5
3357513.4
3357513.4
3357513.4
3357513.4
3357513.4
3357513.4
3357513.4
3357513.4
3357513.4
3357513.4
3357513.4
3357513.4
3357513.4
3357513.3
3357513.3
3357513.2
3357513.1
3357512.9
3357512.5
3357512
3357511.5
3357511.2
3357511.1
3357511.4
3357511.6
3357511.8
3357511.9
3357511.9
3357511.9
3357511.9
3357512.2
3357513.7
3357513.7
3357513.7
3357513.7
3357513.7
3357513.7
3357513.7
3357513.7
3357513.7
3357513.7
3357513.7
3357513.7
3357513.7
3357513.7
3357513.6
3357513.6
3357513.6
3357513.6
3357513.6
3357513.6
3357513.6
3357513.6
3357513.6
3357513.5
3357513.4
3357513.3
3357513.1
3357512.8
3357512.3
3357511.8
3357511.5
3357511.4
3357511.6
3357511.9
3357512.1
3357512.1
3357512.1
3357512.2
3357512.1
3357512.4
3357514
3357514
3357514
3357514
3357514
3357513.9
3357513.9
3357513.9
3357513.9
3357513.9
3357513.9
3357513.9
3357513.9
3357513.9
3357513.9
3357513.9
3357513.9
3357513.9
3357513.8
3357513.8
3357513.8
3357513.8
3357513.8
3357513.7
3357513.7
3357513.5
3357513.3
3357513
3357512.6
3357512.1
3357511.8
3357511.7
3357511.9
3357512.2
3357512.3
3357512.4
3357512.4
3357512.4
3357512.4
3357512.7
3357514.2
3357514.2
3357514.2
3357514.2
3357514.2
3357514.2
3357514.2
3357514.2
3357514.2
3357514.2
3357514.1
3357514.1
3357514.1
3357514.1
3357514.1
3357514.1
3357514.1
3357514.1
3357514.1
3357514.1
3357514.1
3357514
3357514
3357514
3357513.9
3357513.8
3357513.5
3357513.2
3357512.8
3357512.4
3357512
3357512
3357512.2
3357512.4
3357512.5
3357512.6
3357512.6
3357512.7
3357512.6
3357512.9
3357514.4
3357514.4
3357514.4
3357514.4
3357514.4
3357514.4
3357514.4
3357514.4
3357514.4
3357514.4
3357514.4
3357514.4
3357514.4
3357514.4
3357514.3
3357514.3
3357514.3
3357514.3
3357514.3
3357514.3
3357514.3
3357514.3
3357514.2
3357514.2
3357514.1
3357514
3357513.8
3357513.4
3357513
3357512.6
3357512.3
3357512.3
3357512.4
3357512.6
3357512.8
3357512.9
3357512.9
3357512.9
3357512.9
3357513.1
3357514.7
3357514.7
3357514.7
3357514.6
3357514.6
3357514.6
3357514.6
3357514.6
3357514.6
3357514.6
3357514.6
3357514.6
3357514.6
3357514.6
3357514.6
3357514.6
3357514.5
3357514.5
3357514.5
3357514.5
3357514.5
3357514.5
3357514.5
3357514.4
3357514.3
3357514.2
3357514
3357513.7
3357513.3
3357512.9
3357512.6
3357512.6
3357512.7
3357512.9
3357513
3357513.1
3357513.1
3357513.2
3357513.1
3357513.4
3357514.9
3357514.9
3357514.9
3357514.9
3357514.9
3357514.9
3357514.9
3357514.9
3357514.8
3357514.8
3357514.8
3357514.8
3357514.8
3357514.8
3357514.8
3357514.8
3357514.8
3357514.8
3357514.7
3357514.7
3357514.7
3357514.7
3357514.7
3357514.6
3357514.5
3357514.4
3357514.2
3357513.9
3357513.5
3357513.1
3357512.9
3357512.8
3357512.9
3357513.1
3357513.2
3357513.3
3357513.3
3357513.4
3357513.4
3357513.6
3357515.1
3357515.1
3357515.1
3357515.1
3357515.1
3357515.1
3357515.1
3357515.1
3357515.1
3357515.1
3357515.1
3357515
3357515
3357515
3357515
3357515
3357515
3357515
3357515
3357515
3357514.9
3357514.9
3357514.9
3357514.8
3357514.7
3357514.6
3357514.4
3357514.1
3357513.8
3357513.4
3357513.1
3357513.1
3357513.2
3357513.4
3357513.5
3357513.6
3357513.6
3357513.6
3357513.6
3357513.8
3357515.3
3357515.3
3357515.3
3357515.3
3357515.3
3357515.3
3357515.3
3357515.3
3357515.3
3357515.3
3357515.3
3357515.3
3357515.2
3357515.2
3357515.2
3357515.2
3357515.2
3357515.2
3357515.2
3357515.2
3357515.2
3357515.1
3357515.1
3357515
3357514.9
3357514.8
3357514.6
3357514.3
3357514
3357513.7
3357513.4
3357513.3
3357513.4
3357513.6
3357513.7
3357513.8
3357513.8
3357513.9
3357513.8
3357514.1
3357515.5
3357515.5
3357515.5
3357515.5
3357515.5
3357515.5
3357515.5
3357515.5
3357515.5
3357515.5
3357515.5
3357515.5
3357515.5
3357515.5
3357515.4
3357515.4
3357515.4
3357515.4
3357515.4
3357515.4
3357515.4
3357515.3
3357515.3
3357515.2
3357515.2
3357515
3357514.8
3357514.6
3357514.2
3357513.9
3357513.7
3357513.6
3357513.7
3357513.8
3357513.9
3357514
3357514
3357514.1
3357514.1
3357514.3
3357515.7
3357515.7
3357515.7
3357515.7
3357515.7
3357515.7
3357515.7
3357515.7
3357515.7
3357515.7
3357515.7
3357515.7
3357515.7
3357515.7
3357515.7
3357515.6
3357515.6
3357515.6
3357515.6
3357515.6
3357515.6
3357515.5
3357515.5
3357515.4
3357515.4
3357515.2
3357515
3357514.8
3357514.5
3357514.1
3357513.9
3357513.8
3357513.9
3357514.1
3357514.2
3357514.2
3357514.2
3357514.3
3357514.3
3357514.5
3357516
3357516
3357516
3357515.9
3357515.9
3357515.9
3357515.9
3357515.9
3357515.9
3357515.9
3357515.9
3357515.9
3357515.9
3357515.9
3357515.9
3357515.9
3357515.8
3357515.8
3357515.8
3357515.8
3357515.8
3357515.7
3357515.7
3357515.6
3357515.6
3357515.4
3357515.2
3357515
3357514.7
3357514.4
3357514.2
3357514.1
3357514.2
3357514.3
3357514.4
3357514.5
3357514.5
3357514.6
3357514.5
3357514.7
3357516.2
3357516.2
3357516.2
3357516.2
3357516.2
3357516.1
3357516.1
3357516.1
3357516.1
3357516.1
3357516.1
3357516.1
3357516.1
3357516.1
3357516.1
3357516.1
3357516
3357516
3357516
3357516
3357516
3357515.9
3357515.9
3357515.8
3357515.7
3357515.6
3357515.4
3357515.2
3357514.9
3357514.6
3357514.4
3357514.3
3357514.4
3357514.5
3357514.6
3357514.7
3357514.7
3357514.8
3357514.8
3357515
3357516.4
3357516.4
3357516.4
3357516.4
3357516.4
3357516.4
3357516.3
3357516.3
3357516.3
3357516.3
3357516.3
3357516.3
3357516.3
3357516.3
3357516.3
3357516.3
3357516.2
3357516.2
3357516.2
3357516.2
3357516.2
3357516.1
3357516.1
3357516
3357515.9
3357515.8
3357515.6
3357515.4
3357515.1
3357514.8
3357514.6
3357514.6
3357514.6
3357514.7
3357514.8
3357514.9
3357514.9
3357515
3357515
3357515.2
3357516.6
3357516.6
3357516.6
3357516.6
3357516.6
3357516.6
3357516.5
3357516.5
3357516.5
3357516.5
3357516.5
3357516.5
3357516.5
3357516.5
3357516.5
3357516.5
3357516.4
3357516.4
3357516.4
3357516.4
3357516.4
3357516.3
3357516.3
3357516.2
3357516.1
3357516
3357515.8
3357515.6
3357515.3
3357515.1
3357514.9
3357514.8
3357514.8
3357514.9
3357515
3357515.1
3357515.1
3357515.2
3357515.2
3357515.4
3357516.8
3357516.8
3357516.8
3357516.8
3357516.8
3357516.7
3357516.7
3357516.7
3357516.7
3357516.7
3357516.7
3357516.7
3357516.7
3357516.7
3357516.7
3357516.7
3357516.6
3357516.6
3357516.6
3357516.6
3357516.6
3357516.5
3357516.5
3357516.4
3357516.3
3357516.2
3357516
3357515.8
3357515.5
3357515.3
3357515.1
3357515
3357515.1
3357515.1
3357515.2
3357515.3
3357515.3
3357515.4
3357515.4
3357515.6
3357517
3357517
3357517
3357517
3357516.9
3357516.9
3357516.9
3357516.9
3357516.9
3357516.9
3357516.9
3357516.9
3357516.9
3357516.9
3357516.9
3357516.8
3357516.8
3357516.8
3357516.8
3357516.8
3357516.8
3357516.7
3357516.7
3357516.6
3357516.5
3357516.4
3357516.2
3357516
3357515.7
3357515.5
3357515.3
3357515.2
3357515.3
3357515.4
3357515.4
3357515.5
3357515.5
3357515.6
3357515.6
3357515.8
3357517.1
3357517.1
3357517.1
3357517.1
3357517.1
3357517.1
3357517.1
3357517.1
3357517.1
3357517.1
3357517.1
3357517.1
3357517.1
3357517.1
3357517.1
3357517
3357517
3357517
3357517
3357517
3357516.9
3357516.9
3357516.9
3357516.8
3357516.7
3357516.6
3357516.4
3357516.2
3357515.9
3357515.7
3357515.5
3357515.5
3357515.5
3357515.6
3357515.6
3357515.7
3357515.7
3357515.8
3357515.8
3357516
3357517.3
3357517.3
3357517.3
3357517.3
3357517.3
3357517.3
3357517.3
3357517.3
3357517.3
3357517.3
3357517.3
3357517.3
3357517.3
3357517.3
3357517.2
3357517.2
3357517.2
3357517.2
3357517.2
3357517.2
3357517.1
3357517.1
3357517
3357517
3357516.9
3357516.7
3357516.6
3357516.4
3357516.1
3357515.9
3357515.7
3357515.7
3357515.7
3357515.8
3357515.8
3357515.9
3357515.9
3357516
3357516
3357516.2
3357517.5
3357517.5
3357517.5
3357517.5
3357517.5
3357517.5
3357517.5
3357517.5
3357517.5
3357517.5
3357517.5
3357517.5
3357517.4
3357517.4
3357517.4
3357517.4
3357517.4
3357517.4
3357517.4
3357517.3
3357517.3
3357517.3
3357517.2
3357517.1
3357517.1
3357516.9
3357516.8
3357516.6
3357516.3
3357516.1
3357516
3357515.9
3357515.9
3357516
3357516
3357516.1
3357516.1
3357516.2
3357516.2
3357516.4
3357517.7
3357517.7
3357517.7
3357517.7
3357517.7
3357517.7
3357517.7
3357517.7
3357517.7
3357517.7
3357517.7
3357517.6
3357517.6
3357517.6
3357517.6
3357517.6
3357517.6
3357517.6
3357517.5
3357517.5
3357517.5
3357517.4
3357517.4
3357517.3
3357517.2
3357517.1
3357516.9
3357516.7
3357516.5
3357516.3
3357516.2
3357516.1
3357516.1
3357516.2
3357516.2
3357516.3
3357516.3
3357516.4
3357516.4
3357516.6
3357517.9
3357517.9
3357517.9
3357517.9
3357517.9
3357517.9
3357517.9
3357517.9
3357517.9
3357517.8
3357517.8
3357517.8
3357517.8
3357517.8
3357517.8
3357517.8
3357517.8
3357517.7
3357517.7
3357517.7
3357517.7
3357517.6
3357517.6
3357517.5
3357517.4
3357517.3
3357517.1
3357516.9
3357516.7
3357516.5
3357516.4
3357516.3
3357516.3
3357516.4
3357516.4
3357516.5
3357516.5
3357516.6
3357516.6
3357516.8
3357518.1
3357518.1
3357518.1
3357518.1
3357518.1
3357518
3357518
3357518
3357518
3357518
3357518
3357518
3357518
3357518
3357518
3357517.9
3357517.9
3357517.9
3357517.9
3357517.9
3357517.8
3357517.8
3357517.7
3357517.7
3357517.6
3357517.5
3357517.3
3357517.1
3357516.9
3357516.7
3357516.6
3357516.5
3357516.5
3357516.5
3357516.6
3357516.7
3357516.7
3357516.8
3357516.8
3357517
3357518.2
3357518.2
3357518.2
3357518.2
3357518.2
3357518.2
3357518.2
3357518.2
3357518.2
3357518.2
3357518.2
3357518.2
3357518.2
3357518.1
3357518.1
3357518.1
3357518.1
3357518.1
3357518.1
3357518
3357518
3357518
3357517.9
3357517.8
3357517.7
3357517.6
3357517.5
3357517.3
3357517.1
3357516.9
3357516.8
3357516.7
3357516.7
3357516.7
3357516.8
3357516.8
3357516.9
3357517
3357517
3357517.2
3357518.4
3357518.4
3357518.4
3357518.4
3357518.4
3357518.4
3357518.4
3357518.4
3357518.4
3357518.4
3357518.4
3357518.3
3357518.3
3357518.3
3357518.3
3357518.3
3357518.3
3357518.2
3357518.2
3357518.2
3357518.2
3357518.1
3357518.1
3357518
3357517.9
3357517.8
3357517.6
3357517.5
3357517.3
3357517.1
3357516.9
3357516.9
3357516.9
3357516.9
3357517
3357517
3357517.1
3357517.2
3357517.2
3357517.4
3357518.6
3357518.6
3357518.6
3357518.6
3357518.6
3357518.6
3357518.6
3357518.5
3357518.5
3357518.5
3357518.5
3357518.5
3357518.5
3357518.5
3357518.5
3357518.5
3357518.4
3357518.4
3357518.4
3357518.4
3357518.3
3357518.3
3357518.2
3357518.2
3357518.1
3357518
3357517.8
3357517.6
3357517.4
3357517.3
3357517.1
3357517.1
3357517.1
3357517.1
3357517.1
3357517.2
3357517.2
3357517.3
3357517.3
3357517.5
3357518.7
3357518.7
3357518.7
3357518.7
3357518.7
3357518.7
3357518.7
3357518.7
3357518.7
3357518.7
3357518.7
3357518.7
3357518.7
3357518.6
3357518.6
3357518.6
3357518.6
3357518.6
3357518.6
3357518.5
3357518.5
3357518.4
3357518.4
3357518.3
3357518.2
3357518.1
3357518
3357517.8
3357517.6
3357517.4
3357517.3
3357517.2
3357517.2
3357517.3
3357517.3
3357517.4
3357517.4
3357517.5
3357517.5
3357517.7
3357518.9
3357518.9
3357518.9
3357518.9
3357518.9
3357518.9
3357518.9
3357518.9
3357518.9
3357518.9
3357518.8
3357518.8
3357518.8
3357518.8
3357518.8
3357518.8
3357518.8
3357518.7
3357518.7
3357518.7
3357518.7
3357518.6
3357518.6
3357518.5
3357518.4
3357518.3
3357518.1
3357518
3357517.8
3357517.6
3357517.5
3357517.4
3357517.4
3357517.5
3357517.5
3357517.6
3357517.6
3357517.7
3357517.7
3357517.9
3357519.1
3357519.1
3357519.1
3357519.1
3357519.1
3357519
3357519
3357519
3357519
3357519
3357519
3357519
3357519
3357519
3357519
3357518.9
3357518.9
3357518.9
3357518.9
3357518.8
3357518.8
3357518.8
3357518.7
3357518.6
3357518.5
3357518.4
3357518.3
3357518.1
3357518
3357517.8
3357517.7
3357517.6
3357517.6
3357517.6
3357517.7
3357517.7
3357517.8
3357517.8
3357517.9
3357518.1
3357519.2
3357519.2
3357519.2
3357519.2
3357519.2
3357519.2
3357519.2
3357519.2
3357519.2
3357519.2
3357519.2
3357519.1
3357519.1
3357519.1
3357519.1
3357519.1
3357519.1
3357519
3357519
3357519
3357519
3357518.9
3357518.9
3357518.8
3357518.7
3357518.6
3357518.4
3357518.3
3357518.1
3357518
3357517.8
3357517.8
3357517.8
3357517.8
3357517.8
3357517.9
3357517.9
3357518
3357518
3357518.2
3357519.4
3357519.4
3357519.4
3357519.4
3357519.4
3357519.4
3357519.4
3357519.3
3357519.3
3357519.3
3357519.3
3357519.3
3357519.3
3357519.3
3357519.3
3357519.2
3357519.2
3357519.2
3357519.2
3357519.1
3357519.1
3357519.1
3357519
3357518.9
3357518.8
3357518.7
3357518.6
3357518.4
3357518.3
3357518.1
3357518
3357517.9
3357517.9
3357518
3357518
3357518
3357518.1
3357518.2
3357518.2
3357518.4
3357519.5
3357519.5
3357519.5
3357519.5
3357519.5
3357519.5
3357519.5
3357519.5
3357519.5
3357519.5
3357519.5
3357519.5
3357519.4
3357519.4
3357519.4
3357519.4
3357519.4
3357519.3
3357519.3
3357519.3
3357519.3
3357519.2
3357519.2
3357519.1
3357519
3357518.9
3357518.7
3357518.6
3357518.4
3357518.3
3357518.2
3357518.1
3357518.1
3357518.1
3357518.2
3357518.2
3357518.2
3357518.3
3357518.4
3357518.5
3357519.7
3357519.7
3357519.7
3357519.7
3357519.7
3357519.7
3357519.6
3357519.6
3357519.6
3357519.6
3357519.6
3357519.6
3357519.6
3357519.6
3357519.6
3357519.5
3357519.5
3357519.5
3357519.5
3357519.4
3357519.4
3357519.4
3357519.3
3357519.2
3357519.1
3357519
3357518.9
3357518.7
3357518.6
3357518.4
3357518.3
3357518.3
3357518.3
3357518.3
3357518.3
3357518.4
3357518.4
3357518.5
3357518.5
3357518.7
3357519.8
3357519.8
3357519.8
3357519.8
3357519.8
3357519.8
3357519.8
3357519.8
3357519.8
3357519.8
3357519.8
3357519.7
3357519.7
3357519.7
3357519.7
3357519.7
3357519.7
3357519.6
3357519.6
3357519.6
3357519.5
3357519.5
3357519.4
3357519.4
3357519.3
3357519.2
3357519
3357518.9
3357518.7
3357518.6
3357518.5
3357518.4
3357518.4
3357518.4
3357518.5
3357518.5
3357518.6
3357518.6
3357518.7
3357518.9
3357520
3357520
3357520
3357519.9
3357519.9
3357519.9
3357519.9
3357519.9
3357519.9
3357519.9
3357519.9
3357519.9
3357519.9
3357519.9
3357519.8
3357519.8
3357519.8
3357519.8
3357519.7
3357519.7
3357519.7
3357519.6
3357519.6
3357519.5
3357519.4
3357519.3
3357519.2
3357519
3357518.9
3357518.8
3357518.6
3357518.6
3357518.6
3357518.6
3357518.6
3357518.7
3357518.7
3357518.8
3357518.8
3357519
3357520.1
3357520.1
3357520.1
3357520.1
3357520.1
3357520.1
3357520.1
3357520.1
3357520.1
3357520
3357520
3357520
3357520
3357520
3357520
3357520
3357519.9
3357519.9
3357519.9
3357519.9
3357519.8
3357519.8
3357519.7
3357519.6
3357519.5
3357519.4
3357519.3
3357519.2
3357519
3357518.9
3357518.8
3357518.7
3357518.7
3357518.7
3357518.8
3357518.8
3357518.9
3357518.9
3357519
3357519.2
3357520.2
3357520.2
3357520.2
3357520.2
3357520.2
3357520.2
3357520.2
3357520.2
3357520.2
3357520.2
3357520.2
3357520.2
3357520.1
3357520.1
3357520.1
3357520.1
3357520.1
3357520
3357520
3357520
3357519.9
3357519.9
3357519.8
3357519.8
3357519.7
3357519.6
3357519.4
3357519.3
3357519.2
3357519
3357518.9
3357518.9
3357518.9
3357518.9
3357518.9
3357519
3357519
3357519.1
3357519.1
3357519.3
3357520.4
3357520.4
3357520.4
3357520.4
3357520.4
3357520.3
3357520.3
3357520.3
3357520.3
3357520.3
3357520.3
3357520.3
3357520.3
3357520.3
3357520.2
3357520.2
3357520.2
3357520.2
3357520.1
3357520.1
3357520.1
3357520
3357520
3357519.9
3357519.8
3357519.7
3357519.6
3357519.4
3357519.3
3357519.2
3357519.1
3357519
3357519
3357519
3357519.1
3357519.1
3357519.1
3357519.2
3357519.3
3357519.4
3357520.5
3357520.5
3357520.5
3357520.5
3357520.5
3357520.5
3357520.5
3357520.5
3357520.5
3357520.4
3357520.4
3357520.4
3357520.4
3357520.4
3357520.4
3357520.4
3357520.3
3357520.3
3357520.3
3357520.2
3357520.2
3357520.2
3357520.1
3357520
3357519.9
3357519.8
3357519.7
3357519.6
3357519.4
3357519.3
3357519.2
3357519.2
3357519.2
3357519.2
3357519.2
3357519.2
3357519.3
3357519.4
3357519.4
3357519.6
3357520.6
3357520.6
3357520.6
3357520.6
3357520.6
3357520.6
3357520.6
3357520.6
3357520.6
3357520.6
3357520.6
3357520.5
3357520.5
3357520.5
3357520.5
3357520.5
3357520.5
3357520.4
3357520.4
3357520.4
3357520.3
3357520.3
3357520.2
3357520.1
3357520.1
3357520
3357519.8
3357519.7
3357519.6
3357519.5
3357519.4
3357519.3
3357519.3
3357519.3
3357519.3
3357519.4
3357519.4
3357519.5
3357519.5
3357519.7
3357520.7
3357520.7
3357520.7
3357520.7
3357520.7
3357520.7
3357520.7
3357520.7
3357520.7
3357520.7
3357520.7
3357520.7
3357520.7
3357520.6
3357520.6
3357520.6
3357520.6
3357520.6
3357520.5
3357520.5
3357520.4
3357520.4
3357520.3
3357520.3
3357520.2
3357520.1
3357520
3357519.8
3357519.7
3357519.6
3357519.5
3357519.4
3357519.4
3357519.4
3357519.5
3357519.5
3357519.5
3357519.6
3357519.7
3357519.9
3357520.9
3357520.9
3357520.9
3357520.9
3357520.9
3357520.8
3357520.8
3357520.8
3357520.8
3357520.8
3357520.8
3357520.8
3357520.8
3357520.8
3357520.7
3357520.7
3357520.7
3357520.7
3357520.6
3357520.6
3357520.6
3357520.5
3357520.5
3357520.4
3357520.3
3357520.2
3357520.1
3357520
3357519.8
3357519.7
3357519.6
3357519.6
3357519.6
3357519.6
3357519.6
3357519.6
3357519.7
3357519.8
3357519.8
3357520
3357521
3357521
3357521
3357521
3357521
3357521
3357521
3357520.9
3357520.9
3357520.9
3357520.9
3357520.9
3357520.9
3357520.9
3357520.9
3357520.8
3357520.8
3357520.8
3357520.8
3357520.7
3357520.7
3357520.6
3357520.6
3357520.5
3357520.4
3357520.3
3357520.2
3357520.1
3357520
3357519.8
3357519.8
3357519.7
3357519.7
3357519.7
3357519.7
3357519.8
3357519.8
3357519.9
3357519.9
3357520.1
3357521.1
3357521.1
3357521.1
3357521.1
3357521.1
3357521.1
3357521.1
3357521.1
3357521.1
3357521
3357521
3357521
3357521
3357521
3357521
3357520.9
3357520.9
3357520.9
3357520.9
3357520.8
3357520.8
3357520.7
3357520.7
3357520.6
3357520.5
3357520.4
3357520.3
3357520.2
3357520.1
3357520
3357519.9
3357519.8
3357519.8
3357519.8
3357519.8
3357519.9
3357519.9
3357520
3357520
3357520.2
3357521.2
3357521.2
3357521.2
3357521.2
3357521.2
3357521.2
3357521.2
3357521.2
3357521.2
3357521.2
3357521.1
3357521.1
3357521.1
3357521.1
3357521.1
3357521.1
3357521
3357521
3357521
3357520.9
3357520.9
3357520.9
3357520.8
3357520.7
3357520.6
3357520.5
3357520.4
3357520.3
3357520.2
3357520.1
3357520
3357520
3357519.9
3357519.9
3357520
3357520
3357520
3357520.1
3357520.2
3357520.3
3357521.3
3357521.3
3357521.3
3357521.3
3357521.3
3357521.3
3357521.3
3357521.3
3357521.3
3357521.3
3357521.3
3357521.2
3357521.2
3357521.2
3357521.2
3357521.2
3357521.1
3357521.1
3357521.1
3357521.1
3357521
3357521
3357520.9
3357520.8
3357520.7
3357520.6
3357520.5
3357520.4
3357520.3
3357520.2
3357520.1
3357520.1
3357520
3357520.1
3357520.1
3357520.1
3357520.2
3357520.2
3357520.3
3357520.5
3357521.4
3357521.4
3357521.4
3357521.4
3357521.4
3357521.4
3357521.4
3357521.4
3357521.4
3357521.4
3357521.4
3357521.3
3357521.3
3357521.3
3357521.3
3357521.3
3357521.2
3357521.2
3357521.2
3357521.2
3357521.1
3357521.1
3357521
3357520.9
3357520.8
3357520.7
3357520.6
3357520.5
3357520.4
3357520.3
3357520.2
3357520.2
3357520.2
3357520.2
3357520.2
3357520.2
3357520.3
3357520.4
3357520.4
3357520.6
3357521.5
3357521.5
3357521.5
3357521.5
3357521.5
3357521.5
3357521.5
3357521.5
3357521.5
3357521.5
3357521.5
3357521.4
3357521.4
3357521.4
3357521.4
3357521.4
3357521.3
3357521.3
3357521.3
3357521.3
3357521.2
3357521.2
3357521.1
3357521
3357520.9
3357520.9
3357520.7
3357520.6
3357520.5
3357520.4
3357520.4
3357520.3
3357520.3
3357520.3
3357520.3
3357520.3
3357520.4
3357520.5
3357520.5
3357520.7
3357521.6
3357521.6
3357521.6
3357521.6
3357521.6
3357521.6
3357521.6
3357521.6
3357521.6
3357521.6
3357521.6
3357521.5
3357521.5
3357521.5
3357521.5
3357521.5
3357521.4
3357521.4
3357521.4
3357521.4
3357521.3
3357521.3
3357521.2
3357521.1
3357521
3357520.9
3357520.8
3357520.7
3357520.6
3357520.5
3357520.5
3357520.4
3357520.4
3357520.4
3357520.4
3357520.4
3357520.5
3357520.6
3357520.6
3357520.8
3357521.7
3357521.7
3357521.7
3357521.7
3357521.7
3357521.7
3357521.7
3357521.7
3357521.7
3357521.7
3357521.7
3357521.6
3357521.6
3357521.6
3357521.6
3357521.6
3357521.5
3357521.5
3357521.5
3357521.4
3357521.4
3357521.4
3357521.3
3357521.2
3357521.1
3357521
3357520.9
3357520.8
3357520.7
3357520.6
3357520.6
3357520.5
3357520.5
3357520.5
3357520.5
3357520.5
3357520.6
3357520.7
3357520.7
3357520.9
3357521.8
3357521.8
3357521.8
3357521.8
3357521.8
3357521.8
3357521.8
3357521.8
3357521.8
3357521.8
3357521.7
3357521.7
3357521.7
3357521.7
3357521.7
3357521.7
3357521.6
3357521.6
3357521.6
3357521.5
3357521.5
3357521.4
3357521.4
3357521.3
3357521.2
3357521.1
3357521
3357520.9
3357520.8
3357520.7
3357520.7
3357520.6
3357520.6
3357520.6
3357520.6
3357520.6
3357520.7
3357520.8
3357520.8
3357521
3357521.9
3357521.9
3357521.9
3357521.9
3357521.9
3357521.9
3357521.9
3357521.9
3357521.9
3357521.9
3357521.8
3357521.8
3357521.8
3357521.8
3357521.8
3357521.8
3357521.7
3357521.7
3357521.7
3357521.6
3357521.6
3357521.5
3357521.5
3357521.4
3357521.3
3357521.2
3357521.1
3357521
3357520.9
3357520.8
3357520.8
3357520.7
3357520.7
3357520.7
3357520.7
3357520.7
3357520.8
3357520.9
3357520.9
3357521.1
3357522
3357522
3357522
3357522
3357522
3357522
3357522
3357522
3357521.9
3357521.9
3357521.9
3357521.9
3357521.9
3357521.9
3357521.9
3357521.8
3357521.8
3357521.8
3357521.8
3357521.7
3357521.7
3357521.6
3357521.6
3357521.5
3357521.4
3357521.3
3357521.2
3357521.1
3357521
3357520.9
3357520.9
3357520.8
3357520.8
3357520.8
3357520.8
3357520.8
3357520.9
3357521
3357521
3357521.2
3357522.1
3357522.1
3357522.1
3357522.1
3357522.1
3357522.1
3357522.1
3357522
3357522
3357522
3357522
3357522
3357522
3357522
3357521.9
3357521.9
3357521.9
3357521.9
3357521.8
3357521.8
3357521.8
3357521.7
3357521.6
3357521.6
3357521.5
3357521.4
3357521.3
3357521.2
3357521.1
3357521
3357520.9
3357520.9
3357520.9
3357520.9
3357520.9
3357520.9
3357521
3357521.1
3357521.1
3357521.3
3357522.2
3357522.2
3357522.2
3357522.2
3357522.1
3357522.1
3357522.1
3357522.1
3357522.1
3357522.1
3357522.1
3357522.1
3357522.1
3357522
3357522
3357522
3357522
3357522
3357521.9
3357521.9
3357521.8
3357521.8
3357521.7
3357521.7
3357521.6
3357521.5
3357521.4
3357521.3
3357521.2
3357521.1
3357521
3357521
3357521
3357521
3357521
3357521
3357521.1
3357521.1
3357521.2
3357521.4
3357522.2
3357522.2
3357522.2
3357522.2
3357522.2
3357522.2
3357522.2
3357522.2
3357522.2
3357522.2
3357522.2
3357522.2
3357522.1
3357522.1
3357522.1
3357522.1
3357522.1
3357522
3357522
3357522
3357521.9
3357521.9
3357521.8
3357521.7
3357521.7
3357521.6
3357521.5
3357521.4
3357521.3
3357521.2
3357521.1
3357521.1
3357521.1
3357521.1
3357521.1
3357521.1
3357521.1
3357521.2
3357521.3
3357521.5
3357522.3
3357522.3
3357522.3
3357522.3
3357522.3
3357522.3
3357522.3
3357522.3
3357522.3
3357522.3
3357522.2
3357522.2
3357522.2
3357522.2
3357522.2
3357522.2
3357522.1
3357522.1
3357522.1
3357522
3357522
3357521.9
3357521.9
3357521.8
3357521.7
3357521.6
3357521.5
3357521.4
3357521.4
3357521.3
3357521.2
3357521.2
3357521.1
3357521.1
3357521.1
3357521.2
3357521.2
3357521.3
3357521.3
3357521.5
3357522.4
3357522.4
3357522.4
3357522.4
3357522.4
3357522.4
3357522.4
3357522.4
3357522.3
3357522.3
3357522.3
3357522.3
3357522.3
3357522.3
3357522.3
3357522.2
3357522.2
3357522.2
3357522.1
3357522.1
3357522.1
3357522
3357521.9
3357521.9
3357521.8
3357521.7
3357521.6
3357521.5
3357521.4
3357521.3
3357521.3
3357521.2
3357521.2
3357521.2
3357521.2
3357521.3
3357521.3
3357521.4
3357521.4
3357521.6
3357522.5
3357522.5
3357522.5
3357522.4
3357522.4
3357522.4
3357522.4
3357522.4
3357522.4
3357522.4
3357522.4
3357522.4
3357522.4
3357522.3
3357522.3
3357522.3
3357522.3
3357522.2
3357522.2
3357522.2
3357522.1
3357522.1
3357522
3357521.9
3357521.9
3357521.8
3357521.7
3357521.6
3357521.5
3357521.4
3357521.4
3357521.3
3357521.3
3357521.3
3357521.3
3357521.3
3357521.4
3357521.5
3357521.5
3357521.7
3357522.5
3357522.5
3357522.5
3357522.5
3357522.5
3357522.5
3357522.5
3357522.5
3357522.5
3357522.5
3357522.5
3357522.4
3357522.4
3357522.4
3357522.4
3357522.4
3357522.3
3357522.3
3357522.3
3357522.2
3357522.2
3357522.1
3357522.1
3357522
3357521.9
3357521.8
3357521.8
3357521.7
3357521.6
3357521.5
3357521.4
3357521.4
3357521.4
3357521.4
3357521.4
3357521.4
3357521.5
3357521.5
3357521.6
3357521.8
3357522.6
3357522.6
3357522.6
3357522.6
3357522.6
3357522.6
3357522.6
3357522.6
3357522.5
3357522.5
3357522.5
3357522.5
3357522.5
3357522.5
3357522.5
3357522.4
3357522.4
3357522.4
3357522.3
3357522.3
3357522.3
3357522.2
3357522.1
3357522.1
3357522
3357521.9
3357521.8
3357521.7
3357521.6
3357521.6
3357521.5
3357521.5
3357521.4
3357521.4
3357521.4
3357521.5
3357521.5
3357521.6
3357521.6
3357521.8
3357522.6
3357522.6
3357522.6
3357522.6
3357522.6
3357522.6
3357522.6
3357522.6
3357522.6
3357522.6
3357522.6
3357522.6
3357522.6
3357522.5
3357522.5
3357522.5
3357522.5
3357522.4
3357522.4
3357522.4
3357522.3
3357522.3
3357522.2
3357522.1
3357522.1
3357522
3357521.9
3357521.8
3357521.7
3357521.6
3357521.6
3357521.5
3357521.5
3357521.5
3357521.5
3357521.5
3357521.6
3357521.7
3357521.7
3357521.9
3357522.7
3357522.7
3357522.7
3357522.7
3357522.7
3357522.7
3357522.7
3357522.7
3357522.7
3357522.7
3357522.6
3357522.6
3357522.6
3357522.6
3357522.6
3357522.5
3357522.5
3357522.5
3357522.5
3357522.4
3357522.4
3357522.3
3357522.3
3357522.2
3357522.1
3357522
3357521.9
3357521.9
3357521.8
3357521.7
3357521.6
3357521.6
3357521.6
3357521.6
3357521.6
3357521.6
3357521.6
3357521.7
3357521.8
3357522
3357522.8
3357522.8
3357522.8
3357522.8
3357522.8
3357522.7
3357522.7
3357522.7
3357522.7
3357522.7
3357522.7
3357522.7
3357522.7
3357522.6
3357522.6
3357522.6
3357522.6
3357522.5
3357522.5
3357522.5
3357522.4
3357522.4
3357522.3
3357522.3
3357522.2
3357522.1
3357522
3357521.9
3357521.8
3357521.8
3357521.7
3357521.6
3357521.6
3357521.6
3357521.6
3357521.7
3357521.7
3357521.8
3357521.8
3357522
3357522.8
3357522.8
3357522.8
3357522.8
3357522.8
3357522.8
3357522.8
3357522.8
3357522.8
3357522.8
3357522.7
3357522.7
3357522.7
3357522.7
3357522.7
3357522.7
3357522.6
3357522.6
3357522.6
3357522.5
3357522.5
3357522.4
3357522.4
3357522.3
3357522.2
3357522.1
3357522.1
3357522
3357521.9
3357521.8
3357521.7
3357521.7
3357521.7
3357521.7
3357521.7
3357521.7
3357521.8
3357521.9
3357521.9
3357522.1
3357522.9
3357522.9
3357522.9
3357522.9
3357522.9
3357522.8
3357522.8
3357522.8
3357522.8
3357522.8
3357522.8
3357522.8
3357522.8
3357522.7
3357522.7
3357522.7
3357522.7
3357522.6
3357522.6
3357522.6
3357522.5
3357522.5
3357522.4
3357522.4
3357522.3
3357522.2
3357522.1
3357522
3357521.9
3357521.9
3357521.8
3357521.8
3357521.7
3357521.7
3357521.7
3357521.8
3357521.8
3357521.9
3357521.9
3357522.1
3357522.9
3357522.9
3357522.9
3357522.9
3357522.9
3357522.9
3357522.9
3357522.9
3357522.9
3357522.9
3357522.8
3357522.8
3357522.8
3357522.8
3357522.8
3357522.7
3357522.7
3357522.7
3357522.7
3357522.6
3357522.6
3357522.5
3357522.5
3357522.4
3357522.3
3357522.2
3357522.2
3357522.1
3357522
3357521.9
3357521.9
3357521.8
3357521.8
3357521.8
3357521.8
3357521.8
3357521.9
3357522
3357522
3357522.2
3357523
3357523
3357523
3357522.9
3357522.9
3357522.9
3357522.9
3357522.9
3357522.9
3357522.9
3357522.9
3357522.9
3357522.9
3357522.8
3357522.8
3357522.8
3357522.8
3357522.7
3357522.7
3357522.7
3357522.6
3357522.6
3357522.5
3357522.4
3357522.4
3357522.3
3357522.2
3357522.1
3357522
3357522
3357521.9
3357521.9
3357521.8
3357521.8
3357521.8
3357521.9
3357521.9
3357522
3357522
3357522.2
3357523
3357523
3357523
3357523
3357523
3357523
3357523
3357523
3357523
3357522.9
3357522.9
3357522.9
3357522.9
3357522.9
3357522.9
3357522.8
3357522.8
3357522.8
3357522.7
3357522.7
3357522.7
3357522.6
3357522.6
3357522.5
3357522.4
3357522.3
3357522.2
3357522.2
3357522.1
3357522
3357521.9
3357521.9
3357521.9
3357521.9
3357521.9
3357521.9
3357522
3357522
3357522.1
3357522.3
3357523
3357523
3357523
3357523
3357523
3357523
3357523
3357523
3357523
3357523
3357523
3357522.9
3357522.9
3357522.9
3357522.9
3357522.9
3357522.8
3357522.8
3357522.8
3357522.7
3357522.7
3357522.6
3357522.6
3357522.5
3357522.4
3357522.4
3357522.3
3357522.2
3357522.1
3357522
3357522
3357521.9
3357521.9
3357521.9
3357521.9
3357522
3357522
3357522.1
3357522.1
3357522.3
3357523.1
3357523.1
3357523.1
3357523.1
3357523.1
3357523
3357523
3357523
3357523
3357523
3357523
3357523
3357523
3357522.9
3357522.9
3357522.9
3357522.9
3357522.8
3357522.8
3357522.8
3357522.7
3357522.7
3357522.6
3357522.6
3357522.5
3357522.4
3357522.3
3357522.2
3357522.1
3357522.1
3357522
3357522
3357522
3357522
3357522
3357522
3357522
3357522.1
3357522.2
3357522.3
3357523.1
3357523.1
3357523.1
3357523.1
3357523.1
3357523.1
3357523.1
3357523.1
3357523.1
3357523
3357523
3357523
3357523
3357523
3357523
3357522.9
3357522.9
3357522.9
3357522.8
3357522.8
3357522.8
3357522.7
3357522.7
3357522.6
3357522.5
3357522.4
3357522.3
3357522.3
3357522.2
3357522.1
3357522.1
3357522
3357522
3357522
3357522
3357522
3357522.1
3357522.2
3357522.2
3357522.4
3357523.1
3357523.1
3357523.1
3357523.1
3357523.1
3357523.1
3357523.1
3357523.1
3357523.1
3357523.1
3357523.1
3357523
3357523
3357523
3357523
3357523
3357522.9
3357522.9
3357522.9
3357522.8
3357522.8
3357522.7
3357522.7
3357522.6
3357522.5
3357522.5
3357522.4
3357522.3
3357522.2
3357522.1
3357522.1
3357522
3357522
3357522
3357522
3357522.1
3357522.1
3357522.2
3357522.2
3357522.4
3357523.2
3357523.2
3357523.1
3357523.1
3357523.1
3357523.1
3357523.1
3357523.1
3357523.1
3357523.1
3357523.1
3357523.1
3357523.1
3357523
3357523
3357523
3357523
3357522.9
3357522.9
3357522.9
3357522.8
3357522.8
3357522.7
3357522.6
3357522.6
3357522.5
3357522.4
3357522.3
3357522.2
3357522.2
3357522.1
3357522.1
3357522.1
3357522
3357522.1
3357522.1
3357522.1
3357522.2
3357522.2
3357522.4
3357523.2
3357523.2
3357523.2
3357523.2
3357523.2
3357523.2
3357523.1
3357523.1
3357523.1
3357523.1
3357523.1
3357523.1
3357523.1
3357523.1
3357523
3357523
3357523
3357523
3357522.9
3357522.9
3357522.8
3357522.8
3357522.7
3357522.7
3357522.6
3357522.5
3357522.4
3357522.3
3357522.3
3357522.2
3357522.1
3357522.1
3357522.1
3357522.1
3357522.1
3357522.1
3357522.2
3357522.2
3357522.3
3357522.4
3357523.2
3357523.2
3357523.2
3357523.2
3357523.2
3357523.2
3357523.2
3357523.2
3357523.1
3357523.1
3357523.1
3357523.1
3357523.1
3357523.1
3357523.1
3357523
3357523
3357523
3357522.9
3357522.9
3357522.9
3357522.8
3357522.8
3357522.7
3357522.6
3357522.5
3357522.4
3357522.4
3357522.3
3357522.2
3357522.2
3357522.1
3357522.1
3357522.1
3357522.1
3357522.1
3357522.2
3357522.3
3357522.3
3357522.5
3357523.2
3357523.2
3357523.2
3357523.2
3357523.2
3357523.2
3357523.2
3357523.2
3357523.2
3357523.2
3357523.1
3357523.1
3357523.1
3357523.1
3357523.1
3357523
3357523
3357523
3357523
3357522.9
3357522.9
3357522.8
3357522.8
3357522.7
3357522.6
3357522.5
3357522.5
3357522.4
3357522.3
3357522.2
3357522.2
3357522.1
3357522.1
3357522.1
3357522.1
3357522.2
3357522.2
3357522.3
3357522.3
3357522.5
3357523.2
3357523.2
3357523.2
3357523.2
3357523.2
3357523.2
3357523.2
3357523.2
3357523.2
3357523.2
3357523.2
3357523.1
3357523.1
3357523.1
3357523.1
3357523.1
3357523
3357523
3357523
3357522.9
3357522.9
3357522.8
3357522.8
3357522.7
3357522.6
3357522.6
3357522.5
3357522.4
3357522.3
3357522.3
3357522.2
3357522.2
3357522.1
3357522.1
3357522.1
3357522.2
3357522.2
3357522.3
3357522.3
3357522.5
3357523.2
3357523.2
3357523.2
3357523.2
3357523.2
3357523.2
3357523.2
3357523.2
3357523.2
3357523.2
3357523.2
3357523.1
3357523.1
3357523.1
3357523.1
3357523.1
3357523
3357523
3357523
3357522.9
3357522.9
3357522.9
3357522.8
3357522.7
3357522.7
3357522.6
3357522.5
3357522.4
3357522.3
3357522.3
3357522.2
3357522.2
3357522.1
3357522.1
3357522.2
3357522.2
3357522.2
3357522.3
3357522.3
3357522.5
3357523.2
3357523.2
3357523.2
3357523.2
3357523.2
3357523.2
3357523.2
3357523.2
3357523.2
3357523.2
3357523.2
3357523.2
3357523.1
3357523.1
3357523.1
3357523.1
3357523
3357523
3357523
3357522.9
3357522.9
3357522.9
3357522.8
3357522.7
3357522.7
3357522.6
3357522.5
3357522.4
3357522.3
3357522.3
3357522.2
3357522.2
3357522.2
3357522.2
3357522.2
3357522.2
3357522.2
3357522.3
3357522.3
3357522.5
3357523.2
3357523.2
3357523.2
3357523.2
3357523.2
3357523.2
3357523.2
3357523.2
3357523.2
3357523.2
3357523.2
3357523.2
3357523.1
3357523.1
3357523.1
3357523.1
3357523.1
3357523
3357523
3357523
3357522.9
3357522.9
3357522.8
3357522.7
3357522.7
3357522.6
3357522.5
3357522.4
3357522.3
3357522.3
3357522.2
3357522.2
3357522.2
3357522.2
3357522.2
3357522.2
3357522.2
3357522.3
3357522.4
3357522.5
3357523.2
3357523.2
3357523.2
3357523.2
3357523.2
3357523.2
3357523.2
3357523.2
3357523.2
3357523.2
3357523.2
3357523.2
3357523.1
3357523.1
3357523.1
3357523.1
3357523.1
3357523
3357523
3357523
3357522.9
3357522.9
3357522.8
3357522.7
3357522.7
3357522.6
3357522.5
3357522.4
3357522.3
3357522.3
3357522.2
3357522.2
3357522.2
3357522.2
3357522.2
3357522.2
3357522.2
3357522.3
3357522.4
3357522.5
3357523.2
3357523.2
3357523.2
3357523.2
3357523.2
3357523.2
3357523.2
3357523.2
3357523.2
3357523.2
3357523.2
3357523.2
3357523.1
3357523.1
3357523.1
3357523.1
3357523.1
3357523
3357523
3357523
3357522.9
3357522.9
3357522.8
3357522.7
3357522.7
3357522.6
3357522.5
3357522.4
3357522.3
3357522.3
3357522.2
3357522.2
3357522.2
3357522.2
3357522.2
3357522.2
3357522.2
3357522.3
3357522.4
3357522.5
3357523.2
3357523.2
3357523.2
3357523.2
3357523.2
3357523.2
3357523.2
3357523.2
3357523.2
3357523.2
3357523.2
3357523.2
3357523.1
3357523.1
3357523.1
3357523.1
3357523.1
3357523
3357523
3357523
3357522.9
3357522.9
3357522.8
3357522.7
3357522.7
3357522.6
3357522.5
3357522.4
3357522.3
3357522.3
3357522.2
3357522.2
3357522.2
3357522.2
3357522.2
3357522.2
3357522.2
3357522.3
3357522.4
3357522.5
)
;

boundaryField
{
    piston
    {
        type            zeroGradient;
    }
    cylinderHead
    {
        type            zeroGradient;
    }
    cylinderWall
    {
        type            zeroGradient;
    }
    wedgeFront
    {
        type            wedge;
    }
    wedgeBack
    {
        type            wedge;
    }
    axis
    {
        type            empty;
    }
}


// ************************************************************************* //
