/*--------------------------------*- C++ -*----------------------------------*\
  =========                 |
  \\      /  F ield         | OpenFOAM: The Open Source CFD Toolbox
   \\    /   O peration     | Website:  https://openfoam.org
    \\  /    A nd           | Version:  13
     \\/     M anipulation  |
\*---------------------------------------------------------------------------*/
FoamFile
{
    format      ascii;
    class       volScalarField;
    location    "-9.57852e-14";
    object      rho;
}
// * * * * * * * * * * * * * * * * * * * * * * * * * * * * * * * * * * * * * //

dimensions      [1 -3 0 0 0 0 0];

internalField   nonuniform List<scalar> 
4800
(
15.72761
15.726622
15.726412
15.726422
15.726347
15.726179
15.726002
15.725794
15.725573
15.725344
15.725117
15.724908
15.724741
15.724638
15.724651
15.72479
15.725256
15.726184
15.727852
15.730719
15.735547
15.743435
15.754815
15.764835
15.74781
15.666206
15.584463
15.644099
16.007988
16.398535
16.403183
16.14502
15.873711
15.64396
15.53969
15.497406
15.321477
14.901838
14.335916
13.679724
12.808133
12.807691
12.807678
12.807536
12.807288
12.806951
12.806571
12.806121
12.805608
12.805025
12.804373
12.803654
12.802872
12.802028
12.801138
12.800203
12.799313
12.798536
12.798029
12.79809
12.799275
12.802469
12.807522
12.807486
12.773107
12.681618
12.639513
12.834341
13.341337
13.75053
13.67059
13.20984
12.815024
12.624988
12.561268
12.523608
12.402296
12.179152
11.944795
11.728072
11.890818
11.891054
11.891269
11.890993
11.890615
11.890168
11.889653
11.889041
11.888322
11.887484
11.886513
11.885394
11.884109
11.882633
11.880941
11.878988
11.876757
11.8742
11.871285
11.868016
11.864518
11.861111
11.85677
11.843216
11.79388
11.708981
11.716849
11.999361
12.506975
12.769974
12.573152
12.112362
11.79839
11.680248
11.65366
11.640852
11.591666
11.510564
11.451005
11.428638
11.559776
11.560657
11.561085
11.560693
11.560213
11.55968
11.559063
11.558325
11.557445
11.5564
11.555167
11.553712
11.551996
11.549966
11.547553
11.54466
11.541168
11.536897
11.531602
11.524941
11.5165
11.505909
11.490834
11.461436
11.395228
11.312306
11.355453
11.672841
12.09702
12.226051
11.984326
11.598068
11.390787
11.334151
11.336182
11.346111
11.34353
11.336149
11.346517
11.390305
11.462694
11.464039
11.464613
11.464144
11.463603
11.463021
11.462345
11.461532
11.460553
11.459379
11.457977
11.4563
11.454293
11.451878
11.448953
11.445373
11.440936
11.435348
11.428168
11.418727
11.406084
11.389224
11.364315
11.319458
11.234397
11.141384
11.197157
11.509979
11.829959
11.878251
11.638562
11.344191
11.222782
11.204619
11.228843
11.254742
11.274691
11.296916
11.329874
11.38822
11.463065
11.464631
11.465263
11.464768
11.464214
11.463626
11.462941
11.462114
11.461113
11.459904
11.458449
11.456695
11.454576
11.452001
11.448846
11.444937
11.440024
11.433733
11.425493
11.414397
11.399112
11.378123
11.346456
11.290267
11.184959
11.072599
11.118789
11.397772
11.636723
11.642052
11.426149
11.213542
11.146614
11.151046
11.193907
11.231638
11.261252
11.293655
11.331891
11.390423
11.508672
11.510328
11.510961
11.510478
11.509955
11.509404
11.508759
11.507977
11.507024
11.505864
11.504456
11.502744
11.500652
11.498082
11.494892
11.490885
11.485766
11.479093
11.470165
11.45784
11.440422
11.415764
11.37767
11.309047
11.184452
11.046826
11.068784
11.30737
11.49146
11.475726
11.290208
11.136152
11.095769
11.114673
11.178465
11.229801
11.264499
11.300568
11.338902
11.392724
11.580931
11.582314
11.582824
11.582433
11.582017
11.581575
11.581058
11.580427
11.579655
11.57871
11.577557
11.576145
11.574407
11.572253
11.569554
11.566125
11.561689
11.555818
11.547807
11.536464
11.519923
11.494163
11.448219
11.363581
11.212116
11.041801
11.031978
11.230525
11.379066
11.354363
11.196525
11.076326
11.043547
11.071214
11.162846
11.233951
11.274707
11.311964
11.347308
11.394815
11.64344
11.644383
11.644722
11.644456
11.644175
11.643873
11.643519
11.643086
11.642553
11.6419
11.641098
11.640111
11.63889
11.637366
11.635441
11.632973
11.629745
11.625413
11.619396
11.610673
11.597497
11.574407
11.529371
11.439503
11.266812
11.05124
11.003761
11.163888
11.289331
11.262048
11.125056
11.018342
10.981626
11.017833
11.141431
11.23781
11.287119
11.324854
11.356426
11.396791
11.684811
11.68535
11.68554
11.685386
11.685223
11.685045
11.684836
11.68458
11.684264
11.683875
11.683397
11.682805
11.682069
11.681145
11.67997
11.678451
11.676443
11.673714
11.669857
11.664153
11.655025
11.636627
11.599068
11.5155
11.33508
11.077753
10.98299
11.105383
11.215369
11.188476
11.06509
10.959147
10.915753
10.96549
11.11782
11.238336
11.29985
11.339124
11.366073
11.398678
11.707566
11.707831
11.707923
11.707845
11.707762
11.707671
11.707563
11.707431
11.707267
11.707065
11.706815
11.706506
11.706119
11.705631
11.705006
11.704191
11.703103
11.701606
11.699449
11.696173
11.690315
11.677628
11.650012
11.580401
11.406816
11.118783
10.969928
11.053668
11.152404
11.127189
11.011876
10.902444
10.857181
10.931516
11.103418
11.236514
11.313038
11.354983
11.376074
11.400491
11.718443
11.718559
11.718598
11.718563
11.718526
11.718484
11.718434
11.718373
11.718297
11.718203
11.718088
11.717943
11.717762
11.717532
11.717235
11.716844
11.716318
11.715584
11.71451
11.712806
11.709298
11.701593
11.683291
11.630347
11.475258
11.171593
10.96539
11.008115
11.097159
11.074319
10.963862
10.85218
10.812759
10.924423
11.106872
11.236078
11.327629
11.372803
11.386285
11.402239
11.723083
11.723128
11.723144
11.723129
11.723114
11.723096
11.723075
11.72305
11.723018
11.722979
11.72293
11.72287
11.722793
11.722694
11.722565
11.722394
11.722161
11.721831
11.721343
11.720504
11.718599
11.71435
11.703204
11.6659
11.536354
11.23404
10.970031
10.96887
11.047399
11.027509
10.920626
10.809951
10.783437
10.945512
11.135291
11.243018
11.344834
11.393435
11.396593
11.40393
11.724879
11.724895
11.7249
11.724895
11.724889
11.724882
11.724874
11.724864
11.724852
11.724838
11.724819
11.724796
11.724766
11.724726
11.724674
11.724603
11.724506
11.724366
11.724154
11.723751
11.722813
11.720643
11.714313
11.689644
11.587784
11.303213
10.98669
10.936443
11.001645
10.985174
10.881829
10.775965
10.770349
10.994688
11.19251
11.267794
11.366007
11.417336
11.406927
11.405566
11.725518
11.725524
11.725525
11.725523
11.725521
11.725519
11.725516
11.725512
11.725508
11.725503
11.725497
11.725488
11.725477
11.725463
11.725442
11.725413
11.725371
11.725312
11.72522
11.725029
11.724601
11.723557
11.720163
11.704698
11.628841
11.374652
11.017781
10.911452
10.959057
10.946153
10.847339
10.748671
10.772581
11.063668
11.266917
11.318355
11.393204
11.444082
11.417213
11.407142
11.725731
11.725733
11.725733
11.725732
11.725732
11.725731
11.72573
11.725729
11.725727
11.725726
11.725724
11.725721
11.725717
11.725712
11.725703
11.725689
11.72567
11.725642
11.725598
11.725509
11.725319
11.724838
11.723099
11.713831
11.660073
11.444176
11.064045
10.89541
10.919504
10.909581
10.816629
10.725884
10.79355
11.14038
11.343957
11.385634
11.428325
11.473182
11.427425
11.40865
11.725799
11.725799
11.725799
11.725799
11.725799
11.725798
11.725798
11.725798
11.725798
11.725797
11.725797
11.725796
11.725795
11.725792
11.725787
11.725779
11.725768
11.725751
11.725726
11.725682
11.725596
11.725378
11.724516
11.71917
11.682763
11.508127
11.125902
10.890305
10.883701
10.874898
10.788907
10.707681
10.839603
11.217493
11.415705
11.45663
11.471016
11.503976
11.43746
11.410101
11.72582
11.725821
11.725821
11.72582
11.72582
11.72582
11.72582
11.72582
11.72582
11.72582
11.72582
11.72582
11.725819
11.725818
11.725814
11.725808
11.7258
11.725787
11.725769
11.725743
11.7257
11.725598
11.725178
11.722193
11.698567
11.56436
11.201009
10.897724
10.853344
10.842065
10.764027
10.695898
10.912253
11.290921
11.47913
11.522294
11.518413
11.535478
11.447211
11.411501
11.725828
11.725828
11.725828
11.725828
11.725827
11.725827
11.725827
11.725827
11.725828
11.725828
11.725828
11.725828
11.725828
11.725827
11.725824
11.725818
11.72581
11.725799
11.725784
11.725766
11.725739
11.725685
11.72548
11.723858
11.709133
11.611239
11.285005
10.92426
10.831054
10.811963
10.742773
10.695717
11.002057
11.358949
11.533601
11.577764
11.565836
11.566431
11.456575
11.412857
11.725831
11.725831
11.72583
11.72583
11.72583
11.72583
11.72583
11.72583
11.72583
11.725831
11.725831
11.725831
11.725831
11.72583
11.725827
11.725822
11.725815
11.725804
11.725791
11.725775
11.725754
11.725721
11.725615
11.724754
11.715922
11.648119
11.371946
10.973783
10.820523
10.786642
10.726984
10.71907
11.094159
11.42279
11.579308
11.621529
11.6083
11.595099
11.465467
11.414175
11.725831
11.725831
11.725831
11.725831
11.725831
11.725831
11.725831
11.725831
11.725831
11.725832
11.725832
11.725832
11.725832
11.725831
11.725828
11.725824
11.725816
11.725806
11.725794
11.725779
11.72576
11.725735
11.725676
11.725224
11.72012
11.675484
11.455289
11.045276
10.824096
10.769954
10.719391
10.775652
11.18387
11.482771
11.617352
11.654518
11.64277
11.619051
11.47383
11.415458
11.725831
11.725831
11.725831
11.72583
11.72583
11.72583
11.72583
11.725831
11.725831
11.725831
11.725832
11.725832
11.725832
11.725831
11.725828
11.725824
11.725816
11.725807
11.725795
11.72578
11.725763
11.725742
11.725703
11.725466
11.722618
11.694632
11.529704
11.13599
10.846943
10.766117
10.724975
10.859545
11.272965
11.537003
11.648204
11.67851
11.668494
11.635818
11.481634
11.41671
11.725829
11.725829
11.725829
11.725829
11.725829
11.725829
11.725829
11.725829
11.725829
11.72583
11.72583
11.725831
11.725831
11.72583
11.725827
11.725823
11.725816
11.725806
11.725795
11.725781
11.725764
11.725745
11.725716
11.725588
11.724051
11.707315
11.59137
11.238892
10.897551
10.777095
10.752539
10.961648
11.358775
11.584145
11.672256
11.695291
11.686334
11.646885
11.488304
11.417933
11.725827
11.725827
11.725826
11.725826
11.725826
11.725826
11.725826
11.725827
11.725827
11.725827
11.725828
11.725828
11.725828
11.725827
11.725825
11.725821
11.725814
11.725805
11.725794
11.72578
11.725765
11.725746
11.725722
11.725649
11.724842
11.715282
11.638495
11.34212
10.975115
10.814213
10.813334
11.076716
11.438268
11.623418
11.690192
11.70651
11.697973
11.654255
11.493697
11.419131
11.725823
11.725823
11.725823
11.725823
11.725823
11.725823
11.725823
11.725823
11.725824
11.725824
11.725825
11.725825
11.725825
11.725824
11.725822
11.725818
11.725811
11.725803
11.725792
11.725779
11.725764
11.725746
11.725725
11.725678
11.725263
11.720036
11.671497
11.437807
11.074173
10.883868
10.906371
11.196404
11.50927
11.654709
11.702982
11.713693
11.705181
11.659129
11.498004
11.420285
11.725819
11.725819
11.725819
11.725819
11.725819
11.725819
11.725819
11.725819
11.72582
11.72582
11.725821
11.725821
11.725821
11.725821
11.725818
11.725814
11.725808
11.7258
11.72579
11.725777
11.725762
11.725745
11.725725
11.725692
11.725479
11.722739
11.693413
11.519982
11.185644
10.980988
11.023826
11.312339
11.569575
11.678445
11.711692
11.718112
11.709452
11.662366
11.501685
11.421315
11.725815
11.725815
11.725814
11.725814
11.725814
11.725814
11.725814
11.725815
11.725815
11.725816
11.725816
11.725817
11.725817
11.725816
11.725814
11.72581
11.725804
11.725797
11.725786
11.725774
11.72576
11.725744
11.725725
11.725698
11.725586
11.724203
11.707253
11.585739
11.299363
11.097168
11.154058
11.417445
11.618048
11.695563
11.717353
11.720732
11.711889
11.66453
11.504866
11.422234
11.725809
11.725809
11.725809
11.725809
11.725809
11.725809
11.725809
11.725809
11.72581
11.72581
11.725811
11.725812
11.725812
11.725811
11.725809
11.725805
11.7258
11.725792
11.725782
11.72577
11.725757
11.725741
11.725724
11.725701
11.725637
11.72496
11.715574
11.635071
11.40584
11.22112
11.284058
11.506818
11.654868
11.707278
11.720867
11.722233
11.713238
11.666009
11.507625
11.42305
11.725803
11.725803
11.725803
11.725803
11.725803
11.725803
11.725803
11.725804
11.725804
11.725805
11.725805
11.725806
11.725806
11.725806
11.725804
11.7258
11.725795
11.725788
11.725778
11.725766
11.725753
11.725738
11.725722
11.725701
11.72566
11.725332
11.720348
11.669862
11.498032
11.341305
11.402444
11.577935
11.681249
11.714897
11.722952
11.723075
11.713971
11.667072
11.510026
11.423775
11.725797
11.725797
11.725797
11.725797
11.725797
11.725797
11.725797
11.725798
11.725798
11.725799
11.725799
11.7258
11.7258
11.7258
11.725798
11.725794
11.72579
11.725783
11.725773
11.725761
11.725749
11.725735
11.725719
11.7257
11.72567
11.725507
11.722962
11.692944
11.572143
11.448293
11.501652
11.630906
11.699081
11.719615
11.724134
11.723543
11.714366
11.667903
11.512135
11.424418
11.725791
11.725791
11.725791
11.72579
11.72579
11.725791
11.725791
11.725791
11.725792
11.725792
11.725793
11.725793
11.725794
11.725793
11.725792
11.725788
11.725784
11.725777
11.725768
11.725756
11.725744
11.72573
11.725715
11.725698
11.725673
11.725587
11.724331
11.707387
11.627612
11.536286
11.578653
11.667914
11.710465
11.722398
11.724778
11.723791
11.714593
11.668612
11.513996
11.424989
11.725784
11.725784
11.725784
11.725784
11.725784
11.725784
11.725784
11.725784
11.725785
11.725785
11.725786
11.725787
11.725787
11.725787
11.725785
11.725782
11.725778
11.725771
11.725762
11.725751
11.725739
11.725726
11.725712
11.725695
11.725674
11.725623
11.725018
11.715923
11.666367
11.603419
11.634282
11.692186
11.717353
11.723961
11.725114
11.723915
11.71474
11.669258
11.515645
11.425494
11.725777
11.725777
11.725776
11.725776
11.725776
11.725777
11.725777
11.725777
11.725778
11.725778
11.725779
11.72578
11.72578
11.72578
11.725778
11.725775
11.725771
11.725765
11.725756
11.725745
11.725733
11.725721
11.725707
11.725692
11.725672
11.725638
11.72535
11.720696
11.691678
11.651084
11.671839
11.707178
11.721308
11.724798
11.725282
11.723973
11.714849
11.669867
11.51711
11.425942
11.725769
11.725769
11.725769
11.725769
11.725769
11.725769
11.725769
11.72577
11.72577
11.725771
11.725772
11.725772
11.725773
11.725773
11.725771
11.725769
11.725765
11.725758
11.725749
11.725739
11.725727
11.725715
11.725702
11.725688
11.72567
11.725644
11.725503
11.723226
11.707181
11.682635
11.69558
11.715921
11.723465
11.725224
11.725362
11.723998
11.714939
11.670449
11.518415
11.426338
11.725762
11.725762
11.725762
11.725761
11.725761
11.725762
11.725762
11.725762
11.725763
11.725763
11.725764
11.725765
11.725765
11.725765
11.725764
11.725762
11.725758
11.725751
11.725743
11.725732
11.725721
11.72571
11.725697
11.725684
11.725667
11.725645
11.725572
11.724501
11.716107
11.702165
11.709685
11.720745
11.724581
11.725429
11.725398
11.724006
11.71502
11.671005
11.519579
11.426688
11.725754
11.725754
11.725754
11.725754
11.725754
11.725754
11.725754
11.725754
11.725755
11.725756
11.725756
11.725757
11.725758
11.725758
11.725757
11.725754
11.725751
11.725744
11.725736
11.725726
11.725715
11.725704
11.725692
11.725679
11.725664
11.725644
11.725602
11.725112
11.720948
11.713494
11.717575
11.723266
11.725131
11.725522
11.725411
11.724007
11.715095
11.671532
11.520618
11.426997
11.725746
11.725746
11.725746
11.725746
11.725746
11.725746
11.725746
11.725747
11.725747
11.725748
11.725749
11.725749
11.72575
11.72575
11.725749
11.725747
11.725743
11.725737
11.725729
11.725719
11.725708
11.725697
11.725686
11.725674
11.72566
11.725643
11.725614
11.725393
11.723427
11.719665
11.721742
11.724516
11.725389
11.72556
11.725412
11.724006
11.715165
11.672028
11.521546
11.42727
11.725738
11.725738
11.725738
11.725738
11.725738
11.725738
11.725738
11.725739
11.725739
11.72574
11.725741
11.725742
11.725742
11.725742
11.725741
11.72574
11.725736
11.72573
11.725722
11.725712
11.725701
11.725691
11.72568
11.725668
11.725655
11.72564
11.725618
11.725516
11.724628
11.72283
11.723822
11.725105
11.725502
11.725572
11.725408
11.724004
11.715231
11.672493
11.522376
11.42751
11.72573
11.72573
11.72573
11.72573
11.72573
11.72573
11.72573
11.725731
11.725731
11.725732
11.725733
11.725734
11.725734
11.725734
11.725734
11.725732
11.725728
11.725723
11.725714
11.725705
11.725695
11.725684
11.725674
11.725663
11.72565
11.725637
11.725619
11.725568
11.72518
11.724362
11.724806
11.72537
11.725549
11.725574
11.725402
11.724001
11.715292
11.672925
11.523119
11.427721
11.725722
11.725722
11.725722
11.725722
11.725722
11.725722
11.725722
11.725723
11.725723
11.725724
11.725725
11.725726
11.725726
11.725727
11.725726
11.725724
11.725721
11.725715
11.725707
11.725697
11.725687
11.725677
11.725667
11.725657
11.725645
11.725633
11.725618
11.725588
11.725421
11.725063
11.725248
11.725483
11.725565
11.72557
11.725395
11.723998
11.715349
11.673325
11.523785
11.427906
11.725714
11.725714
11.725714
11.725714
11.725714
11.725714
11.725714
11.725715
11.725715
11.725716
11.725717
11.725718
11.725718
11.725719
11.725718
11.725717
11.725713
11.725707
11.7257
11.72569
11.72568
11.725671
11.725661
11.72565
11.72564
11.725629
11.725615
11.725595
11.725521
11.725367
11.725437
11.725528
11.725568
11.725565
11.725387
11.723994
11.715401
11.673695
11.524382
11.428068
11.725706
11.725706
11.725706
11.725706
11.725706
11.725706
11.725706
11.725706
11.725707
11.725708
11.725709
11.72571
11.72571
11.725711
11.725711
11.725709
11.725706
11.7257
11.725692
11.725683
11.725673
11.725664
11.725654
11.725644
11.725635
11.725624
11.725612
11.725596
11.72556
11.725492
11.725513
11.725545
11.725567
11.725559
11.725379
11.723991
11.71545
11.674035
11.524917
11.428209
11.725698
11.725698
11.725698
11.725697
11.725698
11.725698
11.725698
11.725698
11.725699
11.7257
11.7257
11.725701
11.725702
11.725703
11.725703
11.725701
11.725698
11.725692
11.725684
11.725675
11.725666
11.725656
11.725647
11.725638
11.725629
11.725619
11.725608
11.725595
11.725574
11.725541
11.725542
11.72555
11.725563
11.725552
11.725371
11.723987
11.715495
11.674349
11.525398
11.428331
11.72569
11.72569
11.725689
11.725689
11.725689
11.72569
11.72569
11.72569
11.725691
11.725691
11.725692
11.725693
11.725694
11.725695
11.725695
11.725694
11.72569
11.725685
11.725677
11.725668
11.725659
11.725649
11.72564
11.725632
11.725623
11.725614
11.725604
11.725593
11.725578
11.725558
11.725552
11.72555
11.725558
11.725545
11.725364
11.723983
11.715536
11.674637
11.525829
11.428437
11.725682
11.725681
11.725681
11.725681
11.725681
11.725681
11.725682
11.725682
11.725683
11.725683
11.725684
11.725685
11.725686
11.725687
11.725687
11.725686
11.725682
11.725677
11.725669
11.72566
11.725651
11.725642
11.725634
11.725625
11.725617
11.725609
11.7256
11.725589
11.725577
11.725563
11.725554
11.725549
11.725552
11.725539
11.725356
11.723979
11.715573
11.674902
11.526217
11.428528
11.725673
11.725673
11.725673
11.725673
11.725673
11.725673
11.725674
11.725674
11.725675
11.725675
11.725676
11.725677
11.725679
11.72568
11.72568
11.725678
11.725675
11.725669
11.725662
11.725653
11.725644
11.725635
11.725627
11.725619
11.725611
11.725603
11.725595
11.725586
11.725575
11.725563
11.725552
11.725546
11.725547
11.725532
11.725349
11.723975
11.715608
11.675145
11.526566
11.428604
11.725665
11.725665
11.725665
11.725665
11.725665
11.725665
11.725666
11.725666
11.725667
11.725667
11.725668
11.725669
11.725671
11.725672
11.725672
11.72567
11.725667
11.725662
11.725654
11.725645
11.725637
11.725628
11.72562
11.725612
11.725605
11.725598
11.72559
11.725581
11.725571
11.72556
11.72555
11.725542
11.725541
11.725525
11.725342
11.723971
11.715639
11.675368
11.52688
11.428669
11.725657
11.725657
11.725657
11.725657
11.725657
11.725657
11.725658
11.725658
11.725659
11.725659
11.72566
11.725662
11.725663
11.725664
11.725664
11.725663
11.725659
11.725654
11.725647
11.725638
11.725629
11.725621
11.725613
11.725606
11.725599
11.725592
11.725585
11.725577
11.725568
11.725557
11.725546
11.725539
11.725536
11.725519
11.725334
11.723967
11.715667
11.675572
11.527162
11.428722
11.725649
11.725649
11.725649
11.725649
11.725649
11.725649
11.72565
11.72565
11.725651
11.725651
11.725652
11.725654
11.725655
11.725656
11.725657
11.725655
11.725652
11.725647
11.725639
11.725631
11.725622
11.725614
11.725606
11.725599
11.725592
11.725586
11.72558
11.725572
11.725563
11.725553
11.725543
11.725535
11.725531
11.725512
11.725327
11.723962
11.715693
11.675758
11.527415
11.428765
11.725642
11.725641
11.725641
11.725641
11.725641
11.725641
11.725642
11.725642
11.725643
11.725644
11.725645
11.725646
11.725648
11.725649
11.725649
11.725648
11.725644
11.725639
11.725632
11.725623
11.725615
11.725607
11.725599
11.725592
11.725586
11.72558
11.725574
11.725567
11.725559
11.725549
11.725539
11.72553
11.725525
11.725506
11.72532
11.723958
11.715716
11.675929
11.527643
11.428799
11.725634
11.725634
11.725633
11.725633
11.725633
11.725634
11.725634
11.725634
11.725635
11.725636
11.725637
11.725638
11.72564
11.725641
11.725641
11.72564
11.725637
11.725632
11.725624
11.725616
11.725608
11.7256
11.725592
11.725586
11.72558
11.725574
11.725568
11.725562
11.725554
11.725544
11.725534
11.725526
11.72552
11.7255
11.725314
11.723953
11.715737
11.676086
11.527848
11.428824
11.725626
11.725626
11.725626
11.725626
11.725626
11.725626
11.725626
11.725627
11.725627
11.725628
11.725629
11.725631
11.725633
11.725634
11.725634
11.725633
11.725629
11.725624
11.725617
11.725609
11.7256
11.725593
11.725586
11.725579
11.725573
11.725568
11.725563
11.725556
11.725549
11.72554
11.72553
11.725521
11.725514
11.725493
11.725307
11.723949
11.715756
11.676229
11.528032
11.428841
11.725618
11.725618
11.725618
11.725618
11.725618
11.725618
11.725618
11.725619
11.725619
11.72562
11.725622
11.725623
11.725625
11.725626
11.725626
11.725625
11.725622
11.725617
11.72561
11.725602
11.725593
11.725586
11.725579
11.725573
11.725567
11.725562
11.725557
11.725551
11.725543
11.725535
11.725525
11.725517
11.725509
11.725487
11.725301
11.723944
11.715772
11.676359
11.528197
11.42885
11.725611
11.72561
11.72561
11.72561
11.72561
11.725611
11.725611
11.725611
11.725612
11.725613
11.725614
11.725616
11.725618
11.725619
11.725619
11.725618
11.725615
11.72561
11.725603
11.725594
11.725586
11.725579
11.725572
11.725566
11.725561
11.725556
11.725551
11.725545
11.725538
11.725529
11.72552
11.725512
11.725504
11.725481
11.725294
11.723939
11.715787
11.676478
11.528344
11.428853
11.725603
11.725603
11.725603
11.725603
11.725603
11.725603
11.725603
11.725604
11.725604
11.725605
11.725607
11.725609
11.72561
11.725612
11.725612
11.725611
11.725608
11.725603
11.725595
11.725587
11.725579
11.725572
11.725565
11.72556
11.725554
11.72555
11.725545
11.725539
11.725532
11.725524
11.725515
11.725507
11.725499
11.725476
11.725288
11.723934
11.7158
11.676586
11.528476
11.428849
11.725596
11.725595
11.725595
11.725595
11.725595
11.725596
11.725596
11.725596
11.725597
11.725598
11.7256
11.725601
11.725603
11.725604
11.725605
11.725603
11.7256
11.725595
11.725588
11.72558
11.725573
11.725565
11.725559
11.725553
11.725548
11.725543
11.725539
11.725533
11.725527
11.725519
11.72551
11.725502
11.725494
11.72547
11.725282
11.723929
11.715812
11.676685
11.528593
11.42884
11.725588
11.725588
11.725588
11.725588
11.725588
11.725588
11.725588
11.725589
11.72559
11.725591
11.725592
11.725594
11.725596
11.725597
11.725597
11.725596
11.725593
11.725588
11.725581
11.725573
11.725566
11.725559
11.725552
11.725547
11.725542
11.725537
11.725533
11.725528
11.725521
11.725513
11.725505
11.725497
11.725489
11.725464
11.725276
11.723924
11.715821
11.676774
11.528698
11.428824
11.725581
11.725581
11.725581
11.725581
11.725581
11.725581
11.725581
11.725582
11.725583
11.725584
11.725585
11.725587
11.725589
11.72559
11.72559
11.725589
11.725586
11.725581
11.725574
11.725567
11.725559
11.725552
11.725546
11.72554
11.725535
11.725531
11.725527
11.725522
11.725515
11.725508
11.725499
11.725492
11.725484
11.725459
11.72527
11.723919
11.71583
11.676855
11.52879
11.428803
11.725574
11.725573
11.725573
11.725573
11.725573
11.725574
11.725574
11.725575
11.725575
11.725577
11.725578
11.72558
11.725582
11.725583
11.725583
11.725582
11.725579
11.725574
11.725568
11.72556
11.725552
11.725545
11.725539
11.725534
11.725529
11.725525
11.725521
11.725516
11.72551
11.725502
11.725494
11.725487
11.725479
11.725453
11.725264
11.723914
11.715837
11.676928
11.528871
11.428777
11.725566
11.725566
11.725566
11.725566
11.725566
11.725566
11.725567
11.725568
11.725569
11.72557
11.725571
11.725573
11.725575
11.725576
11.725576
11.725575
11.725572
11.725568
11.725561
11.725553
11.725545
11.725539
11.725533
11.725527
11.725523
11.725519
11.725515
11.72551
11.725504
11.725497
11.725489
11.725482
11.725474
11.725448
11.725258
11.723909
11.715843
11.676994
11.528942
11.428746
11.725559
11.725559
11.725559
11.725559
11.725559
11.725559
11.72556
11.725561
11.725562
11.725563
11.725564
11.725566
11.725568
11.725569
11.72557
11.725568
11.725566
11.725561
11.725554
11.725546
11.725539
11.725532
11.725526
11.725521
11.725516
11.725513
11.725508
11.725504
11.725498
11.725491
11.725484
11.725477
11.725469
11.725443
11.725253
11.723904
11.715848
11.677054
11.529004
11.42871
11.725552
11.725552
11.725552
11.725552
11.725552
11.725553
11.725553
11.725554
11.725555
11.725556
11.725558
11.725559
11.725561
11.725563
11.725563
11.725562
11.725559
11.725554
11.725547
11.72554
11.725532
11.725526
11.72552
11.725515
11.72551
11.725506
11.725502
11.725498
11.725492
11.725486
11.725478
11.725472
11.725464
11.725438
11.725247
11.723899
11.715852
11.677107
11.529057
11.428669
11.725545
11.725545
11.725545
11.725545
11.725546
11.725546
11.725546
11.725547
11.725548
11.725549
11.725551
11.725553
11.725555
11.725556
11.725556
11.725555
11.725552
11.725547
11.725541
11.725533
11.725526
11.725519
11.725514
11.725508
11.725504
11.7255
11.725497
11.725492
11.725487
11.72548
11.725473
11.725467
11.725459
11.725433
11.725242
11.723893
11.715854
11.677154
11.529101
11.428623
11.725539
11.725539
11.725539
11.725539
11.725539
11.725539
11.72554
11.72554
11.725541
11.725543
11.725544
11.725546
11.725548
11.725549
11.72555
11.725548
11.725546
11.725541
11.725534
11.725527
11.725519
11.725513
11.725507
11.725502
11.725498
11.725494
11.725491
11.725486
11.725481
11.725475
11.725468
11.725462
11.725454
11.725428
11.725237
11.723888
11.715856
11.677196
11.529138
11.428573
11.725532
11.725532
11.725532
11.725532
11.725532
11.725533
11.725533
11.725534
11.725535
11.725536
11.725538
11.72554
11.725541
11.725543
11.725543
11.725542
11.725539
11.725534
11.725528
11.72552
11.725513
11.725507
11.725501
11.725496
11.725492
11.725488
11.725485
11.725481
11.725475
11.725469
11.725463
11.725456
11.725449
11.725423
11.725231
11.723883
11.715857
11.677233
11.529168
11.428518
11.725526
11.725526
11.725526
11.725526
11.725526
11.725526
11.725527
11.725527
11.725528
11.72553
11.725531
11.725533
11.725535
11.725536
11.725537
11.725535
11.725533
11.725528
11.725521
11.725514
11.725507
11.725501
11.725495
11.72549
11.725486
11.725483
11.725479
11.725475
11.72547
11.725464
11.725457
11.725451
11.725444
11.725418
11.725226
11.723878
11.715857
11.677265
11.529191
11.428458
11.725519
11.725519
11.725519
11.725519
11.72552
11.72552
11.72552
11.725521
11.725522
11.725523
11.725525
11.725527
11.725529
11.72553
11.72553
11.725529
11.725526
11.725522
11.725515
11.725508
11.725501
11.725494
11.725489
11.725484
11.72548
11.725477
11.725473
11.725469
11.725464
11.725458
11.725452
11.725447
11.725439
11.725413
11.725221
11.723872
11.715856
11.677292
11.529207
11.428393
11.725513
11.725513
11.725513
11.725513
11.725513
11.725514
11.725514
11.725515
11.725516
11.725517
11.725519
11.72552
11.725522
11.725524
11.725524
11.725523
11.72552
11.725516
11.725509
11.725502
11.725495
11.725488
11.725483
11.725478
11.725474
11.725471
11.725467
11.725463
11.725459
11.725453
11.725447
11.725442
11.725434
11.725408
11.725216
11.723867
11.715855
11.677316
11.529218
11.428323
11.725507
11.725507
11.725507
11.725507
11.725507
11.725507
11.725508
11.725509
11.72551
11.725511
11.725512
11.725514
11.725516
11.725517
11.725518
11.725517
11.725514
11.725509
11.725503
11.725496
11.725489
11.725482
11.725477
11.725472
11.725469
11.725465
11.725462
11.725458
11.725453
11.725448
11.725442
11.725437
11.725429
11.725403
11.725211
11.723862
11.715853
11.677335
11.529222
11.428248
11.725501
11.725501
11.725501
11.725501
11.725501
11.725501
11.725502
11.725503
11.725504
11.725505
11.725506
11.725508
11.72551
11.725511
11.725512
11.725511
11.725508
11.725503
11.725497
11.72549
11.725483
11.725477
11.725471
11.725467
11.725463
11.725459
11.725456
11.725452
11.725448
11.725442
11.725437
11.725432
11.725425
11.725399
11.725206
11.723856
11.71585
11.677352
11.529222
11.428168
11.725495
11.725495
11.725495
11.725495
11.725495
11.725495
11.725496
11.725496
11.725497
11.725499
11.7255
11.725502
11.725504
11.725505
11.725506
11.725505
11.725502
11.725497
11.725491
11.725484
11.725477
11.725471
11.725465
11.725461
11.725457
11.725454
11.72545
11.725447
11.725442
11.725437
11.725432
11.725427
11.72542
11.725394
11.725201
11.723851
11.715847
11.677364
11.529216
11.428082
11.725489
11.725489
11.725489
11.725489
11.725489
11.725489
11.72549
11.725491
11.725492
11.725493
11.725494
11.725496
11.725498
11.725499
11.7255
11.725499
11.725496
11.725491
11.725485
11.725478
11.725471
11.725465
11.72546
11.725455
11.725452
11.725448
11.725445
11.725441
11.725437
11.725432
11.725427
11.725422
11.725415
11.725389
11.725196
11.723846
11.715843
11.677374
11.529204
11.42799
11.725483
11.725483
11.725483
11.725483
11.725483
11.725484
11.725484
11.725485
11.725486
11.725487
11.725489
11.72549
11.725492
11.725494
11.725494
11.725493
11.72549
11.725486
11.725479
11.725472
11.725465
11.725459
11.725454
11.72545
11.725446
11.725443
11.725439
11.725436
11.725432
11.725427
11.725422
11.725417
11.725411
11.725385
11.725191
11.72384
11.715839
11.677381
11.529187
11.427892
11.725477
11.725477
11.725477
11.725477
11.725477
11.725478
11.725478
11.725479
11.72548
11.725481
11.725483
11.725485
11.725486
11.725488
11.725488
11.725487
11.725484
11.72548
11.725473
11.725466
11.72546
11.725454
11.725449
11.725444
11.72544
11.725437
11.725434
11.725431
11.725427
11.725422
11.725417
11.725413
11.725406
11.72538
11.725187
11.723835
11.715834
11.677384
11.529165
11.427787
11.725472
11.725472
11.725472
11.725472
11.725472
11.725472
11.725473
11.725473
11.725474
11.725476
11.725477
11.725479
11.725481
11.725482
11.725483
11.725481
11.725479
11.725474
11.725468
11.725461
11.725454
11.725448
11.725443
11.725439
11.725435
11.725432
11.725429
11.725425
11.725421
11.725417
11.725412
11.725408
11.725401
11.725375
11.725182
11.72383
11.715829
11.677385
11.529139
11.427675
11.725466
11.725466
11.725466
11.725466
11.725466
11.725467
11.725467
11.725468
11.725469
11.72547
11.725472
11.725473
11.725475
11.725477
11.725477
11.725476
11.725473
11.725469
11.725462
11.725455
11.725449
11.725443
11.725438
11.725433
11.72543
11.725427
11.725424
11.72542
11.725416
11.725412
11.725407
11.725403
11.725397
11.725371
11.725177
11.723824
11.715823
11.677384
11.529107
11.427555
11.725461
11.725461
11.725461
11.725461
11.725461
11.725461
11.725462
11.725462
11.725463
11.725464
11.725466
11.725468
11.72547
11.725471
11.725472
11.72547
11.725468
11.725463
11.725457
11.72545
11.725443
11.725437
11.725432
11.725428
11.725424
11.725421
11.725418
11.725415
11.725411
11.725407
11.725403
11.725399
11.725393
11.725367
11.725172
11.723819
11.715816
11.677379
11.52907
11.427426
11.725455
11.725455
11.725455
11.725455
11.725455
11.725456
11.725456
11.725457
11.725458
11.725459
11.725461
11.725462
11.725464
11.725466
11.725466
11.725465
11.725462
11.725458
11.725451
11.725444
11.725438
11.725432
11.725427
11.725423
11.725419
11.725416
11.725413
11.72541
11.725406
11.725402
11.725398
11.725394
11.725388
11.725362
11.725168
11.723814
11.71581
11.677372
11.529028
11.427287
11.72545
11.72545
11.72545
11.72545
11.72545
11.72545
11.725451
11.725451
11.725452
11.725454
11.725455
11.725457
11.725459
11.72546
11.725461
11.72546
11.725457
11.725452
11.725446
11.725439
11.725433
11.725427
11.725422
11.725418
11.725414
11.725411
11.725408
11.725405
11.725401
11.725397
11.725393
11.72539
11.725384
11.725358
11.725163
11.723808
11.715803
11.677363
11.528981
11.427137
11.725445
11.725445
11.725445
11.725445
11.725445
11.725445
11.725446
11.725446
11.725447
11.725449
11.72545
11.725452
11.725454
11.725455
11.725456
11.725454
11.725452
11.725447
11.725441
11.725434
11.725427
11.725422
11.725417
11.725413
11.725409
11.725406
11.725403
11.7254
11.725396
11.725393
11.725389
11.725385
11.725379
11.725354
11.725159
11.723803
11.715795
11.677351
11.528929
11.426976
11.72544
11.725439
11.725439
11.725439
11.72544
11.72544
11.72544
11.725441
11.725442
11.725443
11.725445
11.725447
11.725449
11.72545
11.72545
11.725449
11.725446
11.725442
11.725436
11.725429
11.725422
11.725417
11.725412
11.725408
11.725404
11.725401
11.725398
11.725395
11.725392
11.725388
11.725384
11.725381
11.725375
11.725349
11.725154
11.723798
11.715787
11.677337
11.528871
11.4268
11.725435
11.725434
11.725434
11.725434
11.725435
11.725435
11.725435
11.725436
11.725437
11.725438
11.72544
11.725442
11.725444
11.725445
11.725445
11.725444
11.725441
11.725437
11.725431
11.725424
11.725417
11.725412
11.725407
11.725403
11.725399
11.725396
11.725393
11.72539
11.725387
11.725383
11.72538
11.725376
11.725371
11.725345
11.72515
11.723792
11.715778
11.677321
11.528807
11.426608
11.72543
11.725429
11.725429
11.725429
11.72543
11.72543
11.72543
11.725431
11.725432
11.725433
11.725435
11.725437
11.725439
11.72544
11.72544
11.725439
11.725436
11.725432
11.725426
11.725419
11.725412
11.725407
11.725402
11.725398
11.725394
11.725391
11.725389
11.725386
11.725382
11.725379
11.725375
11.725372
11.725367
11.725341
11.725146
11.723787
11.715769
11.677302
11.528737
11.426398
11.725425
11.725425
11.725425
11.725425
11.725425
11.725425
11.725426
11.725426
11.725427
11.725428
11.72543
11.725432
11.725434
11.725435
11.725435
11.725434
11.725431
11.725427
11.725421
11.725414
11.725407
11.725402
11.725397
11.725393
11.72539
11.725387
11.725384
11.725381
11.725378
11.725374
11.725371
11.725368
11.725363
11.725337
11.725141
11.723782
11.71576
11.67728
11.528661
11.426166
11.72542
11.72542
11.72542
11.72542
11.72542
11.72542
11.725421
11.725421
11.725422
11.725424
11.725425
11.725427
11.725429
11.72543
11.72543
11.725429
11.725426
11.725422
11.725416
11.725409
11.725403
11.725397
11.725392
11.725388
11.725385
11.725382
11.725379
11.725376
11.725373
11.72537
11.725367
11.725364
11.725358
11.725333
11.725137
11.723776
11.71575
11.677257
11.528579
11.425909
11.725415
11.725415
11.725415
11.725415
11.725415
11.725415
11.725416
11.725417
11.725418
11.725419
11.72542
11.725422
11.725424
11.725425
11.725426
11.725424
11.725422
11.725417
11.725411
11.725404
11.725398
11.725392
11.725388
11.725384
11.72538
11.725377
11.725375
11.725372
11.725369
11.725365
11.725362
11.72536
11.725354
11.725329
11.725133
11.723771
11.71574
11.67723
11.52849
11.425622
11.725411
11.72541
11.72541
11.72541
11.725411
11.725411
11.725411
11.725412
11.725413
11.725414
11.725416
11.725418
11.725419
11.725421
11.725421
11.72542
11.725417
11.725412
11.725406
11.725399
11.725393
11.725388
11.725383
11.725379
11.725376
11.725373
11.72537
11.725367
11.725364
11.725361
11.725358
11.725355
11.72535
11.725325
11.725129
11.723765
11.715729
11.677201
11.528393
11.4253
11.725406
11.725406
11.725406
11.725406
11.725406
11.725406
11.725407
11.725407
11.725408
11.72541
11.725411
11.725413
11.725415
11.725416
11.725416
11.725415
11.725412
11.725408
11.725402
11.725395
11.725388
11.725383
11.725378
11.725374
11.725371
11.725368
11.725365
11.725363
11.72536
11.725357
11.725354
11.725351
11.725346
11.725321
11.725125
11.72376
11.715717
11.677169
11.528288
11.424935
11.725401
11.725401
11.725401
11.725401
11.725401
11.725402
11.725402
11.725403
11.725404
11.725405
11.725407
11.725408
11.72541
11.725412
11.725412
11.72541
11.725408
11.725403
11.725397
11.72539
11.725384
11.725378
11.725374
11.72537
11.725366
11.725364
11.725361
11.725358
11.725355
11.725353
11.72535
11.725347
11.725343
11.725317
11.725121
11.723754
11.715705
11.677134
11.528175
11.424519
11.725397
11.725397
11.725397
11.725397
11.725397
11.725397
11.725398
11.725398
11.725399
11.725401
11.725402
11.725404
11.725406
11.725407
11.725407
11.725406
11.725403
11.725399
11.725392
11.725386
11.725379
11.725374
11.725369
11.725365
11.725362
11.725359
11.725357
11.725354
11.725351
11.725348
11.725346
11.725343
11.725339
11.725313
11.725117
11.723749
11.715693
11.677096
11.528054
11.424041
11.725393
11.725393
11.725392
11.725392
11.725393
11.725393
11.725393
11.725394
11.725395
11.725396
11.725398
11.7254
11.725401
11.725403
11.725403
11.725402
11.725399
11.725394
11.725388
11.725381
11.725375
11.72537
11.725365
11.725361
11.725358
11.725355
11.725352
11.72535
11.725347
11.725344
11.725342
11.72534
11.725335
11.725309
11.725113
11.723743
11.715679
11.677055
11.527922
11.423488
11.725388
11.725388
11.725388
11.725388
11.725388
11.725389
11.725389
11.72539
11.725391
11.725392
11.725393
11.725395
11.725397
11.725398
11.725398
11.725397
11.725394
11.72539
11.725384
11.725377
11.725371
11.725365
11.725361
11.725357
11.725353
11.725351
11.725348
11.725345
11.725343
11.72534
11.725338
11.725336
11.725331
11.725306
11.725109
11.723737
11.715665
11.67701
11.52778
11.422843
11.725384
11.725384
11.725384
11.725384
11.725384
11.725384
11.725385
11.725386
11.725386
11.725388
11.725389
11.725391
11.725393
11.725394
11.725394
11.725393
11.72539
11.725385
11.725379
11.725372
11.725366
11.725361
11.725356
11.725352
11.725349
11.725346
11.725344
11.725341
11.725339
11.725336
11.725334
11.725332
11.725327
11.725302
11.725105
11.723732
11.71565
11.676961
11.527627
11.422085
11.72538
11.72538
11.72538
11.72538
11.72538
11.72538
11.725381
11.725381
11.725382
11.725384
11.725385
11.725387
11.725389
11.72539
11.72539
11.725389
11.725386
11.725381
11.725375
11.725368
11.725362
11.725357
11.725352
11.725348
11.725345
11.725342
11.72534
11.725337
11.725335
11.725332
11.72533
11.725328
11.725324
11.725298
11.725101
11.723726
11.715635
11.676907
11.527462
11.42119
11.725376
11.725376
11.725376
11.725376
11.725376
11.725376
11.725377
11.725377
11.725378
11.725379
11.725381
11.725383
11.725384
11.725386
11.725386
11.725384
11.725381
11.725377
11.725371
11.725364
11.725358
11.725352
11.725348
11.725344
11.725341
11.725338
11.725336
11.725333
11.725331
11.725328
11.725326
11.725324
11.72532
11.725294
11.725097
11.72372
11.715618
11.676849
11.527284
11.420124
11.725372
11.725372
11.725372
11.725372
11.725372
11.725372
11.725373
11.725373
11.725374
11.725375
11.725377
11.725379
11.72538
11.725382
11.725382
11.72538
11.725377
11.725373
11.725367
11.72536
11.725354
11.725348
11.725344
11.72534
11.725337
11.725334
11.725332
11.725329
11.725327
11.725324
11.725322
11.72532
11.725316
11.725291
11.725093
11.723714
11.7156
11.676785
11.527092
11.418849
11.725368
11.725368
11.725368
11.725368
11.725368
11.725368
11.725369
11.725369
11.72537
11.725371
11.725373
11.725375
11.725376
11.725378
11.725378
11.725376
11.725373
11.725369
11.725362
11.725356
11.72535
11.725344
11.72534
11.725336
11.725333
11.72533
11.725327
11.725325
11.725323
11.72532
11.725318
11.725317
11.725313
11.725287
11.725089
11.723707
11.715581
11.676716
11.526885
11.417316
11.725364
11.725364
11.725364
11.725364
11.725364
11.725364
11.725365
11.725365
11.725366
11.725367
11.725369
11.725371
11.725372
11.725374
11.725374
11.725372
11.725369
11.725365
11.725358
11.725352
11.725346
11.72534
11.725336
11.725332
11.725329
11.725326
11.725324
11.725321
11.725319
11.725317
11.725315
11.725313
11.725309
11.725284
11.725085
11.723701
11.715561
11.67664
11.526662
11.415463
11.72536
11.72536
11.72536
11.72536
11.72536
11.72536
11.725361
11.725362
11.725362
11.725364
11.725365
11.725367
11.725368
11.72537
11.72537
11.725368
11.725365
11.725361
11.725354
11.725348
11.725342
11.725336
11.725332
11.725328
11.725325
11.725322
11.72532
11.725317
11.725315
11.725313
11.725311
11.72531
11.725305
11.72528
11.725081
11.723694
11.715539
11.676556
11.526422
11.413215
11.725356
11.725356
11.725356
11.725356
11.725356
11.725357
11.725357
11.725358
11.725359
11.72536
11.725361
11.725363
11.725365
11.725366
11.725366
11.725364
11.725361
11.725357
11.72535
11.725344
11.725338
11.725332
11.725328
11.725324
11.725321
11.725318
11.725316
11.725313
11.725311
11.725309
11.725307
11.725306
11.725302
11.725277
11.725077
11.723687
11.715515
11.676465
11.526163
11.410481
11.725352
11.725352
11.725352
11.725352
11.725352
11.725352
11.725353
11.725354
11.725355
11.725356
11.725357
11.725359
11.725361
11.725362
11.725362
11.72536
11.725357
11.725353
11.725346
11.72534
11.725334
11.725328
11.725324
11.72532
11.725317
11.725314
11.725312
11.725309
11.725307
11.725305
11.725304
11.725302
11.725298
11.725273
11.725073
11.72368
11.715489
11.676363
11.525883
11.407146
11.725347
11.725347
11.725347
11.725347
11.725347
11.725348
11.725348
11.725349
11.72535
11.725351
11.725352
11.725354
11.725356
11.725357
11.725357
11.725356
11.725352
11.725348
11.725342
11.725335
11.725329
11.725324
11.725319
11.725316
11.725312
11.72531
11.725307
11.725305
11.725303
11.725301
11.7253
11.725298
11.725294
11.725269
11.725068
11.723672
11.715461
11.67625
11.525579
11.403074
11.72534
11.72534
11.72534
11.72534
11.72534
11.72534
11.725341
11.725342
11.725342
11.725344
11.725345
11.725347
11.725349
11.72535
11.72535
11.725349
11.725346
11.725341
11.725335
11.725329
11.725323
11.725318
11.725313
11.72531
11.725307
11.725304
11.725302
11.7253
11.725298
11.725296
11.725294
11.725293
11.725289
11.725263
11.725062
11.723662
11.715429
11.676124
11.525242
11.398099
11.725325
11.725325
11.725325
11.725325
11.725325
11.725325
11.725326
11.725327
11.725328
11.725329
11.725331
11.725333
11.725335
11.725336
11.725336
11.725335
11.725333
11.725328
11.725323
11.725317
11.725311
11.725307
11.725303
11.7253
11.725297
11.725294
11.725292
11.72529
11.725288
11.725286
11.725285
11.725283
11.725279
11.725253
11.725051
11.723646
11.715389
11.675978
11.524854
11.392023
11.725289
11.725289
11.725289
11.725289
11.725289
11.72529
11.725291
11.725291
11.725293
11.725294
11.725296
11.725299
11.725301
11.725303
11.725304
11.725304
11.725302
11.725298
11.725294
11.725289
11.725285
11.725281
11.725278
11.725276
11.725274
11.725273
11.725271
11.725269
11.725267
11.725265
11.725263
11.72526
11.725255
11.725229
11.725025
11.723615
11.71533
11.675799
11.524376
11.384618
11.725196
11.725196
11.725196
11.725196
11.725197
11.725198
11.725199
11.7252
11.725202
11.725205
11.725208
11.725211
11.725214
11.725218
11.72522
11.725222
11.725222
11.725221
11.725219
11.725217
11.725215
11.725215
11.725215
11.725216
11.725216
11.725217
11.725216
11.725215
11.725213
11.72521
11.725206
11.725202
11.725195
11.725165
11.724958
11.72354
11.715223
11.675556
11.523717
11.375627
11.724956
11.724955
11.724955
11.724956
11.724957
11.724959
11.724961
11.724964
11.724968
11.724972
11.724977
11.724983
11.72499
11.724996
11.725003
11.725009
11.725014
11.725019
11.725023
11.725027
11.725033
11.72504
11.725047
11.725054
11.725061
11.725066
11.72507
11.72507
11.725068
11.725063
11.725056
11.725046
11.725033
11.724997
11.724783
11.723352
11.714994
11.675164
11.522688
11.364779
11.724351
11.72435
11.724351
11.724353
11.724355
11.724359
11.724364
11.72437
11.724377
11.724385
11.724395
11.724407
11.72442
11.724435
11.72445
11.724467
11.724484
11.724502
11.72452
11.72454
11.724562
11.724586
11.72461
11.724634
11.724655
11.724672
11.724683
11.724688
11.724685
11.724675
11.724659
11.724638
11.724611
11.72456
11.724329
11.722874
11.714458
11.674425
11.520902
11.351823
11.722894
11.722892
11.722893
11.722897
11.722903
11.722911
11.722921
11.722933
11.722948
11.722965
11.722986
11.723011
11.723039
11.72307
11.723106
11.723144
11.723187
11.723233
11.723283
11.723337
11.723396
11.723457
11.723518
11.723577
11.72363
11.723673
11.723704
11.723718
11.723714
11.723693
11.723656
11.723608
11.723552
11.723468
11.7232
11.721698
11.713193
11.672889
11.517625
11.336599
11.719563
11.719557
11.71956
11.719569
11.719582
11.719598
11.719618
11.719643
11.719673
11.719709
11.719751
11.719801
11.719859
11.719925
11.72
11.720083
11.720177
11.720281
11.720395
11.720519
11.720651
11.720789
11.720927
11.72106
11.721179
11.721277
11.721347
11.721381
11.721375
11.721331
11.721253
11.72115
11.72103
11.720878
11.720535
11.718939
11.710288
11.669613
11.511559
11.319191
11.712424
11.712412
11.712417
11.712436
11.712461
11.712492
11.712532
11.712581
11.712639
11.712709
11.712791
11.712888
11.713
11.713129
11.713278
11.713446
11.713635
11.713846
11.714079
11.714333
11.714604
11.714886
11.715169
11.715441
11.715687
11.71589
11.716035
11.716107
11.716099
11.716013
11.715857
11.715648
11.71541
11.715126
11.71464
11.712867
11.70397
11.662792
11.500635
11.300221
11.698332
11.698307
11.698316
11.69835
11.698395
11.698453
11.698525
11.698613
11.698719
11.698845
11.698993
11.699167
11.69937
11.699605
11.699874
11.700181
11.700528
11.700917
11.701348
11.701818
11.70232
11.702844
11.703372
11.703881
11.704343
11.704726
11.705001
11.705142
11.705133
11.704978
11.704693
11.704311
11.703873
11.703362
11.702634
11.700551
11.691257
11.649435
11.482101
11.281388
11.67352
11.673473
11.673486
11.673543
11.673617
11.673713
11.673831
11.673975
11.674148
11.674354
11.674596
11.67488
11.67521
11.675592
11.67603
11.676531
11.677099
11.677735
11.678441
11.679212
11.680039
11.680902
11.681774
11.682619
11.683389
11.684033
11.6845
11.684748
11.684747
11.684507
11.68405
11.68343
11.682715
11.681879
11.680797
11.678242
11.668389
11.625934
11.453568
11.26693
11.636576
11.6365
11.636516
11.6366
11.636708
11.636848
11.63702
11.63723
11.63748
11.637777
11.638125
11.638532
11.639005
11.63955
11.640175
11.640888
11.641695
11.6426
11.643603
11.644699
11.645875
11.647105
11.648352
11.649564
11.650688
11.651627
11.65232
11.652706
11.652741
11.652435
11.651819
11.650965
11.64995
11.648751
11.647255
11.644111
11.633614
11.590861
11.416171
11.264123
11.595647
11.595539
11.595555
11.595662
11.5958
11.595977
11.596194
11.596457
11.59677
11.597138
11.597568
11.598068
11.598644
11.599305
11.600059
11.600915
11.601879
11.602955
11.604144
11.60544
11.606828
11.608281
11.609758
11.611201
11.612536
11.613681
11.614552
11.615077
11.615205
11.614936
11.614305
11.613377
11.612235
11.610797
11.608973
11.605289
11.594305
11.552075
11.381933
11.286436
11.580219
11.58009
11.580103
11.580219
11.580368
11.580558
11.58079
11.581068
11.581396
11.581778
11.582219
11.582726
11.583302
11.583956
11.584691
11.585513
11.586427
11.587435
11.588537
11.589727
11.590992
11.592312
11.593654
11.594974
11.596215
11.597314
11.598203
11.598824
11.599128
11.599099
11.598748
11.5981
11.597169
11.595833
11.593968
11.590046
11.579065
11.538659
11.384105
11.360914
11.654252
11.654125
11.654131
11.654235
11.654368
11.654537
11.654739
11.654978
11.655255
11.65557
11.655925
11.656321
11.656759
11.657236
11.657753
11.658306
11.658895
11.659518
11.660169
11.660845
11.661542
11.662254
11.662973
11.663695
11.664415
11.665126
11.665816
11.666473
11.667064
11.667554
11.667876
11.667986
11.667744
11.666996
11.665515
11.661857
11.651601
11.614263
11.48782
11.539179
11.945537
11.945439
11.945436
11.945509
11.945603
11.945721
11.945857
11.946012
11.946181
11.946363
11.946552
11.946742
11.946927
11.947094
11.94723
11.947323
11.947363
11.947344
11.947251
11.94708
11.946843
11.946555
11.946244
11.945971
11.945812
11.945847
11.946161
11.946811
11.947797
11.949053
11.950401
11.951678
11.952518
11.952782
11.952057
11.949136
11.940359
11.907314
11.819306
11.933835
12.751799
12.751746
12.751735
12.751773
12.751819
12.751876
12.751937
12.751995
12.752046
12.752083
12.752095
12.752071
12.751997
12.751851
12.751607
12.751242
12.750745
12.750106
12.749298
12.748315
12.747185
12.745942
12.744645
12.743415
12.742406
12.741784
12.741723
12.742344
12.743683
12.745643
12.747938
12.750297
12.752137
12.753419
12.753465
12.751505
12.744765
12.71699
12.669304
12.826915
15.179208
15.179197
15.179185
15.179193
15.179202
15.179212
15.179215
15.179207
15.17918
15.179128
15.17904
15.178905
15.178707
15.178421
15.178017
15.177473
15.176787
15.175951
15.174928
15.173709
15.172336
15.170841
15.169284
15.167801
15.166558
15.16574
15.165534
15.166076
15.167406
15.169422
15.17182
15.174328
15.176327
15.177925
15.178361
15.177333
15.173354
15.154191
15.14177
15.281871
)
;

boundaryField
{
    piston
    {
        type            calculated;
        value           nonuniform List<scalar> 
40
(
24.01115
24.01115
24.01115
24.01115
24.01115
24.01115
24.01115
24.01115
24.01115
24.01115
24.01115
24.01115
24.01115
24.01115
24.011149
24.011149
24.011149
24.011149
24.011149
24.01115
24.01115
24.011149
24.01115
24.011152
24.011153
24.011153
24.011151
24.011147
24.011142
24.011134
24.01113
24.011127
24.011132
24.011137
24.01114
24.011139
24.011139
24.011143
24.011155
24.011174
)
;
    }
    cylinderHead
    {
        type            calculated;
        value           nonuniform List<scalar> 
40
(
22.182562
22.182562
22.182562
22.182562
22.182562
22.182562
22.182562
22.182562
22.182562
22.182562
22.182562
22.182561
22.182561
22.182561
22.182561
22.182561
22.182561
22.182561
22.18256
22.18256
22.18256
22.18256
22.182559
22.182559
22.182558
22.182558
22.182557
22.182557
22.182556
22.182556
22.182555
22.182555
22.182555
22.182555
22.182555
22.182555
22.182555
22.182556
22.182556
22.182557
)
;
    }
    cylinderWall
    {
        type            calculated;
        value           nonuniform List<scalar> 
120
(
27.087239
27.087241
27.087243
27.087244
27.087245
27.087246
27.087247
27.087247
27.087248
27.087249
27.087249
27.08725
27.087251
27.087252
27.087253
27.087254
27.087255
27.087256
27.087257
27.087259
27.08726
27.087262
27.087263
27.087265
27.087266
27.087268
27.08727
27.087272
27.087274
27.087276
27.087278
27.087279
27.087281
27.087283
27.087285
27.087287
27.087289
27.087291
27.087293
27.087295
27.087297
27.087299
27.087301
27.087303
27.087305
27.087306
27.087308
27.08731
27.087312
27.087314
27.087315
27.087317
27.087319
27.08732
27.087322
27.087324
27.087325
27.087327
27.087328
27.08733
27.087331
27.087333
27.087334
27.087335
27.087337
27.087338
27.08734
27.087341
27.087342
27.087343
27.087345
27.087346
27.087347
27.087348
27.087349
27.08735
27.087351
27.087352
27.087353
27.087354
27.087355
27.087356
27.087357
27.087358
27.087359
27.08736
27.087361
27.087361
27.087362
27.087363
27.087364
27.087364
27.087365
27.087366
27.087366
27.087367
27.087367
27.087368
27.087368
27.087369
27.087369
27.08737
27.08737
27.08737
27.087371
27.087371
27.087371
27.087372
27.087372
27.087372
27.087372
27.087372
27.087373
27.087373
27.087373
27.087373
27.087373
27.087373
27.087373
27.087373
)
;
    }
    wedgeFront
    {
        type            wedge;
    }
    wedgeBack
    {
        type            wedge;
    }
    axis
    {
        type            empty;
    }
}


// ************************************************************************* //
