/*--------------------------------*- C++ -*----------------------------------*\
  =========                 |
  \\      /  F ield         | OpenFOAM: The Open Source CFD Toolbox
   \\    /   O peration     | Website:  https://openfoam.org
    \\  /    A nd           | Version:  13
     \\/     M anipulation  |
\*---------------------------------------------------------------------------*/
FoamFile
{
    format      ascii;
    class       volScalarField;
    location    "-9.57852e-14";
    object      T;
}
// * * * * * * * * * * * * * * * * * * * * * * * * * * * * * * * * * * * * * //

dimensions      [0 0 0 1 0 0 0];

internalField   nonuniform List<scalar> 
4800
(
740.7489
740.79544
740.80535
740.80487
740.80839
740.81632
740.82463
740.83445
740.84484
740.85564
740.86636
740.87618
740.88406
740.88888
740.8883
740.88174
740.85977
740.81604
740.7375
740.60248
740.37529
740.00428
739.4698
738.99986
739.79881
743.65239
747.55289
744.70306
727.77455
710.44166
710.2402
721.59705
733.93053
744.70938
749.70638
751.75189
760.38393
781.79663
812.65911
851.64159
909.59505
909.62638
909.62734
909.63743
909.65504
909.67897
909.70596
909.7379
909.7744
909.81579
909.86212
909.91321
909.96876
910.02875
910.09203
910.15852
910.22182
910.27708
910.31311
910.30878
910.2245
909.99739
909.63844
909.64107
912.08938
918.66946
921.72972
907.73744
873.24153
847.25514
852.20932
881.93369
909.10525
922.7896
927.4708
930.25974
939.35905
956.56985
975.33816
993.36213
979.76543
979.74597
979.72828
979.75098
979.78213
979.81903
979.86144
979.9119
979.97113
980.04023
980.1203
980.21254
980.31849
980.44026
980.57995
980.74112
980.92535
981.13658
981.37751
981.64785
981.93724
982.2193
982.57898
983.70351
987.81857
994.98101
994.31283
970.90258
931.49687
912.31244
926.5937
961.84398
987.4401
997.42802
999.70378
1000.8036
1005.0503
1012.132
1017.3967
1019.3886
1007.8237
1007.7468
1007.7096
1007.7437
1007.7856
1007.832
1007.8858
1007.9502
1008.027
1008.1181
1008.2257
1008.3526
1008.5024
1008.6797
1008.8904
1009.1432
1009.4486
1009.8222
1010.286
1010.8699
1011.6108
1012.5419
1013.8704
1016.471
1022.3769
1029.8711
1025.9579
998.06158
963.06458
952.90034
972.1202
1004.4952
1022.7745
1027.8854
1027.7014
1026.8021
1027.0357
1027.7044
1026.7658
1022.8193
1016.3593
1016.24
1016.1892
1016.2307
1016.2787
1016.3303
1016.3902
1016.4623
1016.5491
1016.6533
1016.7777
1016.9265
1017.1047
1017.3192
1017.5791
1017.8974
1018.2921
1018.7897
1019.4298
1020.2727
1021.4036
1022.9156
1025.1578
1029.2203
1037.0131
1045.6705
1040.462
1012.1838
984.80582
980.80175
1001.0005
1026.9754
1038.0855
1039.7685
1037.5255
1035.1379
1033.3064
1031.2736
1028.2741
1023.0066
1016.3266
1016.1877
1016.1317
1016.1756
1016.2247
1016.2768
1016.3375
1016.4108
1016.4996
1016.6068
1016.736
1016.8916
1017.0797
1017.3084
1017.5887
1017.9363
1018.3735
1018.9338
1019.6687
1020.6599
1022.0285
1023.9138
1026.7715
1031.8815
1041.5969
1052.1665
1047.7955
1022.1486
1001.1593
1000.7007
1019.6092
1038.9407
1045.1791
1044.7639
1040.7637
1037.2675
1034.5396
1031.5715
1028.0912
1022.8088
1012.2991
1012.1534
1012.0978
1012.1403
1012.1862
1012.2347
1012.2914
1012.3602
1012.444
1012.5461
1012.67
1012.8208
1013.005
1013.2314
1013.5126
1013.866
1014.3179
1014.9075
1015.6975
1016.7901
1018.3381
1020.5378
1023.9547
1030.168
1041.6442
1054.6214
1052.5292
1030.3207
1013.815
1015.2047
1031.886
1046.1609
1049.9686
1048.1831
1042.2015
1037.4372
1034.2415
1030.9405
1027.4555
1022.6023
1005.9829
1005.8628
1005.8185
1005.8525
1005.8887
1005.927
1005.972
1006.0267
1006.0938
1006.1759
1006.2761
1006.3989
1006.55
1006.7374
1006.9722
1007.2707
1007.6572
1008.1692
1008.8686
1009.8604
1011.3105
1013.577
1017.6447
1025.2243
1039.0742
1055.1015
1056.0409
1037.3708
1023.8288
1026.056
1040.5201
1051.8116
1054.9337
1052.2977
1043.6599
1037.054
1033.3052
1029.902
1026.6944
1022.4146
1000.5823
1000.5013
1000.4722
1000.495
1000.5192
1000.5451
1000.5755
1000.6128
1000.6585
1000.7147
1000.7836
1000.8685
1000.9735
1001.1046
1001.2702
1001.4826
1001.7606
1002.1339
1002.6528
1003.4061
1004.546
1006.5501
1010.4819
1018.4202
1034.03
1054.2003
1058.749
1043.5629
1031.967
1034.4666
1047.2045
1057.3468
1060.8821
1057.3961
1045.6659
1036.698
1032.169
1028.7298
1025.8702
1022.2374
997.03978
996.99375
996.97757
996.99069
997.00465
997.01978
997.03761
997.05947
997.08642
997.11961
997.16047
997.21097
997.27379
997.35267
997.45302
997.58278
997.75429
997.98753
998.31744
998.80557
999.58781
1001.1683
1004.4102
1011.6992
1027.8024
1051.6774
1060.7513
1049.0607
1038.7726
1041.2691
1052.8799
1063.0581
1067.2843
1062.4437
1047.8867
1036.6496
1031.0062
1027.4353
1024.9995
1022.0682
995.10205
995.07948
995.07168
995.07827
995.08533
995.09308
995.10226
995.11352
995.12744
995.14461
995.16582
995.19211
995.22498
995.26649
995.31966
995.38896
995.48147
995.60887
995.79239
996.07127
996.57043
997.65318
1000.0181
1006.0293
1021.3387
1047.7966
1062.0145
1053.9688
1044.6374
1047.0043
1057.9678
1068.5871
1073.0422
1065.7457
1049.246
1036.8178
1029.8044
1026.0004
1024.0984
1021.9057
994.17843
994.16862
994.16529
994.16825
994.17145
994.175
994.17923
994.18442
994.19084
994.19878
994.20861
994.22084
994.2362
994.25573
994.28094
994.31408
994.35877
994.4211
994.51221
994.65691
994.95494
995.61009
997.16971
1001.7091
1015.2473
1042.8436
1062.4541
1058.3304
1049.838
1052.0029
1062.6011
1073.5365
1077.4507
1066.4377
1048.9198
1036.8581
1028.478
1024.3928
1023.18
1021.749
993.78506
993.78121
993.77993
993.78113
993.78245
993.78393
993.7857
993.78786
993.79054
993.79386
993.79798
993.80313
993.80964
993.818
993.82891
993.84342
993.86321
993.89117
993.93258
994.00374
994.16532
994.52595
995.47315
998.65633
1009.8707
1037.0468
1062.0047
1062.117
1054.5668
1056.4686
1066.8081
1077.7303
1080.3805
1064.3831
1046.243
1036.2181
1026.9184
1022.5378
1022.2547
1021.5975
993.63296
993.63156
993.63112
993.63158
993.63208
993.63265
993.63332
993.63415
993.63517
993.63643
993.638
993.63998
993.64252
993.64584
993.65027
993.65626
993.66455
993.6764
993.69433
993.72855
993.80802
993.99207
994.52916
996.62793
1005.3887
1030.7004
1060.3945
1065.2663
1058.9527
1060.5401
1070.6117
1081.1294
1081.6934
1059.6225
1040.8944
1033.9398
1025.0055
1020.3974
1021.3287
1021.451
993.57886
993.57838
993.57825
993.57841
993.5786
993.5788
993.57904
993.57932
993.57968
993.58011
993.58066
993.58136
993.58228
993.58355
993.58531
993.58778
993.59127
993.59628
993.60407
993.62026
993.65656
993.74503
994.03286
995.34626
1001.839
1024.2271
1057.4023
1067.7062
1063.0679
1064.3208
1074.0159
1083.8748
1081.4694
1053.0161
1034.0203
1029.3211
1022.5588
1018.0127
1020.4086
1021.3099
993.56091
993.56076
993.56072
993.56079
993.56086
993.56092
993.561
993.56109
993.5612
993.56133
993.56149
993.56171
993.56204
993.56254
993.5633
993.56444
993.56607
993.56842
993.57215
993.57972
993.59577
993.63654
993.78398
994.57027
999.15566
1018.005
1052.9809
1069.2783
1066.9187
1067.8887
1077.0652
1086.1777
1079.3685
1045.7652
1026.9981
1023.2388
1019.4164
1015.4308
1019.4967
1021.1749
993.55526
993.55521
993.5552
993.55523
993.55526
993.55528
993.55531
993.55533
993.55535
993.55538
993.55541
993.55547
993.55559
993.55582
993.55623
993.55689
993.55786
993.55926
993.56139
993.56514
993.57242
993.59093
993.664
994.11728
997.21523
1012.348
1047.1267
1069.7797
1070.4285
1071.2946
1079.8329
1088.0242
1074.7828
1038.5763
1020.5435
1016.898
1015.6226
1012.7127
1018.6023
1021.0452
993.55351
993.55349
993.5535
993.55352
993.55353
993.55354
993.55355
993.55355
993.55354
993.55353
993.55352
993.55353
993.55358
993.55372
993.55401
993.55451
993.55526
993.55632
993.55784
993.56002
993.56372
993.5724
993.60798
993.86097
995.86811
1007.4254
1040.1053
1069.0515
1073.4226
1074.5389
1082.3288
1089.223
1067.6274
1031.8222
1014.9048
1011.1028
1011.4435
1009.9472
1017.7348
1020.9199
993.55297
993.55296
993.55297
993.55299
993.553
993.553
993.553
993.55299
993.55298
993.55295
993.55293
993.55292
993.55294
993.55305
993.55331
993.55376
993.55442
993.55537
993.55663
993.55821
993.56052
993.56503
993.58248
993.71988
994.96956
1003.3582
1032.3638
1066.4547
1075.6317
1077.5307
1084.4704
1089.2414
1058.913
1025.6428
1010.1117
1006.2587
1007.2964
1007.2445
1016.903
1020.7986
993.55282
993.55282
993.55283
993.55284
993.55285
993.55286
993.55285
993.55284
993.55282
993.55279
993.55276
993.55274
993.55276
993.55286
993.5531
993.55352
993.55416
993.55505
993.55618
993.55755
993.55931
993.56213
993.57106
993.6441
994.39308
1000.1814
1024.4712
1061.6421
1076.6787
1080.0602
1086.0667
1086.8685
1050.1221
1019.9106
1006.1246
1002.4693
1003.6117
1004.7543
1016.1144
1020.6809
993.55285
993.55285
993.55286
993.55287
993.55288
993.55288
993.55287
993.55285
993.55284
993.5528
993.55277
993.55275
993.55276
993.55285
993.55308
993.55348
993.5541
993.55497
993.55602
993.5573
993.55885
993.56096
993.566
993.60432
994.03704
997.83726
1017.0177
1054.7704
1076.3234
1081.7339
1086.8361
1081.1615
1041.6988
1014.5831
1002.8299
999.63183
1000.6405
1002.6831
1015.3739
1020.5662
993.55298
993.55298
993.55299
993.553
993.55301
993.55301
993.553
993.55298
993.55296
993.55293
993.55289
993.55286
993.55286
993.55295
993.55317
993.55356
993.55417
993.555
993.55601
993.55723
993.55868
993.5605
993.56376
993.58389
993.82524
996.20352
1010.4538
1046.1783
1074.0563
1082.1194
1086.2703
1072.8094
1033.4659
1009.814
1000.1738
997.5783
998.43462
1001.2384
1014.6838
1020.4543
993.5532
993.5532
993.55321
993.55322
993.55323
993.55322
993.55321
993.55319
993.55317
993.55313
993.5531
993.55306
993.55306
993.55314
993.55335
993.55373
993.55432
993.55512
993.55609
993.55727
993.55866
993.56032
993.56278
993.57362
993.70387
995.1244
1005.0783
1036.5997
1069.0686
1081.0173
1083.4858
1062.8167
1025.6587
1005.7046
998.11293
996.14701
996.91051
1000.2871
1014.0947
1020.3451
993.55349
993.55349
993.55351
993.55352
993.55352
993.55352
993.55351
993.55348
993.55346
993.55342
993.55338
993.55334
993.55333
993.55341
993.55361
993.55398
993.55455
993.55531
993.55624
993.5574
993.55874
993.5603
993.56236
993.56857
993.63688
994.44774
1001.0087
1027.1654
1061.5133
1077.3069
1077.3943
1051.776
1018.5307
1002.3066
996.58162
995.19249
995.91869
999.65465
1013.619
1020.2381
993.55386
993.55386
993.55387
993.55388
993.55388
993.55388
993.55387
993.55384
993.55381
993.55377
993.55373
993.55369
993.55368
993.55374
993.55393
993.5543
993.55485
993.55556
993.55648
993.55759
993.55889
993.56038
993.56221
993.56615
993.60128
994.04439
998.17835
1018.5724
1052.0181
1070.4124
1068.2037
1040.5328
1012.2474
999.61568
995.4925
994.58226
995.30546
999.23684
1013.2394
1020.1351
993.55428
993.55428
993.5543
993.5543
993.55431
993.5543
993.55429
993.55426
993.55423
993.55419
993.55414
993.5541
993.55408
993.55414
993.55432
993.55468
993.55521
993.55588
993.55677
993.55786
993.55911
993.56053
993.56223
993.56504
993.58307
993.81533
996.30761
1011.3067
1041.5343
1060.9454
1056.8224
1029.8689
1006.9712
997.58413
994.75228
994.20728
994.94255
998.95956
1012.9152
1020.0431
993.55476
993.55476
993.55478
993.55478
993.55478
993.55478
993.55476
993.55474
993.5547
993.55466
993.55461
993.55456
993.55454
993.55459
993.55477
993.55511
993.55561
993.55626
993.55713
993.55819
993.55939
993.56075
993.56234
993.56458
993.57411
993.69127
995.1299
1005.5669
1031.0522
1049.8382
1044.4833
1020.3884
1002.77
996.12411
994.27177
993.98517
994.73562
998.7743
1012.6352
1019.9612
993.55529
993.55529
993.5553
993.55531
993.55531
993.5553
993.55529
993.55526
993.55522
993.55518
993.55513
993.55507
993.55505
993.5551
993.55527
993.55559
993.55607
993.55669
993.55754
993.55857
993.55973
993.56103
993.56253
993.56446
993.56988
993.62715
994.42316
1001.3035
1021.4271
1038.2414
1032.4503
1012.4632
999.60218
995.12741
993.97377
993.8579
994.62111
998.64775
1012.3926
1019.8883
993.55586
993.55586
993.55587
993.55588
993.55588
993.55587
993.55585
993.55582
993.55579
993.55574
993.55569
993.55563
993.5556
993.55564
993.55581
993.55612
993.55656
993.55716
993.55799
993.559
993.56012
993.56137
993.56278
993.56452
993.56799
993.59576
994.01819
998.31832
1013.2373
1027.2391
1021.731
1006.2443
997.34471
994.48027
993.79706
993.78664
994.55901
998.55685
1012.1814
1019.8237
993.55646
993.55646
993.55647
993.55648
993.55648
993.55647
993.55645
993.55643
993.55639
993.55634
993.55628
993.55622
993.55619
993.55622
993.55638
993.55668
993.55709
993.55768
993.55849
993.55947
993.56056
993.56175
993.56309
993.56468
993.56723
993.58097
993.7966
996.34773
1006.7484
1017.6394
1012.9181
1001.6616
995.82465
994.08
993.69691
993.74703
994.52554
998.48582
1011.9961
1019.7663
993.55709
993.5571
993.55711
993.55711
993.55711
993.5571
993.55708
993.55706
993.55702
993.55696
993.55691
993.55684
993.55681
993.55684
993.55699
993.55727
993.55765
993.55823
993.55902
993.55998
993.56103
993.56218
993.56344
993.56492
993.56699
993.57425
993.68061
995.11862
1001.9458
1009.8774
1006.182
998.48464
994.85668
993.84411
993.64241
993.72611
994.5063
998.42524
1011.8327
1019.7155
993.55775
993.55776
993.55777
993.55777
993.55777
993.55776
993.55774
993.55771
993.55767
993.55762
993.55756
993.55749
993.55746
993.55748
993.55762
993.55788
993.55824
993.55881
993.55959
993.56052
993.56154
993.56264
993.56385
993.56523
993.56703
993.57131
993.62245
994.39372
998.61749
1004.0348
1001.3711
996.41199
994.27192
993.71163
993.61398
993.71566
994.49391
998.37009
1011.6878
1019.6705
993.55843
993.55844
993.55845
993.55846
993.55845
993.55844
993.55842
993.55839
993.55835
993.55829
993.55823
993.55817
993.55813
993.55814
993.55827
993.55851
993.55886
993.55942
993.56018
993.56109
993.56209
993.56314
993.56429
993.56558
993.5672
993.5701
993.59445
993.98887
996.45571
999.92729
998.14906
995.13609
993.93654
993.64077
993.59982
993.71079
994.48476
998.31805
1011.5592
1019.6306
993.55913
993.55914
993.55915
993.55916
993.55915
993.55914
993.55912
993.55909
993.55905
993.55899
993.55892
993.55886
993.55882
993.55883
993.55895
993.55916
993.55951
993.56005
993.56079
993.56169
993.56266
993.56368
993.56476
993.56598
993.56746
993.56969
993.58149
993.77441
995.13622
997.22687
996.12297
994.39352
993.7538
993.60478
993.59312
993.70877
994.47718
998.26834
1011.4446
1019.5953
993.55984
993.55986
993.55986
993.55987
993.55986
993.55985
993.55984
993.5598
993.55976
993.5597
993.55963
993.55956
993.55952
993.55953
993.55964
993.55983
993.56016
993.5607
993.56143
993.56231
993.56325
993.56423
993.56527
993.56642
993.56779
993.56963
993.57572
993.66644
994.3782
995.56265
994.92326
993.98438
993.65925
993.58748
993.59017
993.70817
994.47039
998.22087
1011.3425
1019.5642
993.56057
993.56058
993.56059
993.5606
993.56059
993.56058
993.56056
993.56053
993.56048
993.56042
993.56035
993.56028
993.56024
993.56024
993.56034
993.56051
993.56084
993.56136
993.56208
993.56294
993.56386
993.56481
993.56581
993.56689
993.56816
993.56975
993.57327
993.61466
993.96757
994.59989
994.25334
993.77076
993.61271
993.5797
993.58914
993.70815
994.46411
998.17585
1011.2514
1019.5367
993.56131
993.56132
993.56133
993.56133
993.56133
993.56132
993.5613
993.56126
993.56122
993.56116
993.56109
993.56101
993.56097
993.56096
993.56104
993.5612
993.56153
993.56204
993.56275
993.56359
993.56449
993.56541
993.56637
993.56739
993.56857
993.56997
993.57231
993.59097
993.75746
994.07626
993.90005
993.6649
993.59098
993.57655
993.5891
993.70833
994.45823
998.13348
1011.17
1019.5124
993.56205
993.56206
993.56207
993.56208
993.56207
993.56206
993.56204
993.562
993.56196
993.5619
993.56183
993.56175
993.5617
993.56169
993.56175
993.56191
993.56222
993.56273
993.56343
993.56426
993.56513
993.56603
993.56694
993.56792
993.56901
993.57026
993.57202
993.58061
993.65571
993.80797
993.72379
993.61502
993.58143
993.57556
993.5895
993.7086
994.45272
998.09385
1011.0972
1019.4911
993.5628
993.56281
993.56282
993.56283
993.56282
993.56281
993.56279
993.56275
993.5627
993.56264
993.56257
993.56249
993.56244
993.56242
993.56247
993.56262
993.56293
993.56342
993.56411
993.56493
993.56579
993.56666
993.56754
993.56847
993.56948
993.5706
993.57204
993.5763
993.609
993.67823
993.64047
993.59268
993.57758
993.57551
993.59011
993.7089
994.44759
998.05699
1011.0321
1019.4723
993.56355
993.56357
993.56358
993.56358
993.56358
993.56356
993.56354
993.56351
993.56346
993.56339
993.56332
993.56324
993.56318
993.56316
993.56319
993.56333
993.56364
993.56412
993.56481
993.56561
993.56645
993.5673
993.56815
993.56904
993.56998
993.57099
993.57222
993.57463
993.58865
993.6189
993.60309
993.5832
993.57628
993.57587
993.59081
993.70924
994.44284
998.02285
1010.9738
1019.4559
993.56431
993.56432
993.56433
993.56433
993.56433
993.56432
993.56429
993.56426
993.56421
993.56415
993.56407
993.56399
993.56393
993.56389
993.56391
993.56405
993.56435
993.56483
993.5655
993.5663
993.56712
993.56795
993.56877
993.56962
993.57049
993.57141
993.57249
993.5741
993.58025
993.5932
993.58719
993.57942
993.57607
993.5764
993.59154
993.70959
994.43844
997.99131
1010.9215
1019.4415
993.56506
993.56508
993.56509
993.56509
993.56509
993.56507
993.56505
993.56501
993.56497
993.5649
993.56483
993.56474
993.56467
993.56463
993.56463
993.56477
993.56507
993.56554
993.56621
993.56699
993.5678
993.5686
993.5694
993.57022
993.57102
993.57185
993.57282
993.57405
993.57701
993.58266
993.5808
993.57808
993.5763
993.57701
993.59227
993.70995
994.43439
997.96224
1010.8746
1019.429
993.56582
993.56583
993.56584
993.56584
993.56584
993.56583
993.5658
993.56577
993.56572
993.56566
993.56558
993.56549
993.56542
993.56535
993.56536
993.56549
993.56578
993.56625
993.56691
993.56769
993.56848
993.56927
993.57004
993.57081
993.57156
993.57233
993.57319
993.57422
993.57591
993.57861
993.57843
993.57773
993.57671
993.57765
993.593
993.71033
994.43066
997.9355
1010.8326
1019.4181
993.56657
993.56659
993.5666
993.5666
993.56659
993.56658
993.56656
993.56652
993.56647
993.56641
993.56633
993.56624
993.56616
993.56608
993.56608
993.56622
993.5665
993.56697
993.56762
993.56838
993.56917
993.56993
993.57069
993.57142
993.57212
993.57282
993.5736
993.5745
993.57568
993.57722
993.57769
993.57779
993.5772
993.57829
993.59371
993.71073
994.42725
997.91093
1010.7948
1019.4088
993.56733
993.56734
993.56735
993.56735
993.56735
993.56733
993.56731
993.56727
993.56722
993.56716
993.56708
993.56699
993.56689
993.56681
993.56681
993.56694
993.56722
993.56768
993.56832
993.56908
993.56985
993.5706
993.57133
993.57203
993.57268
993.57333
993.57404
993.57484
993.57579
993.57689
993.57761
993.57802
993.57772
993.57893
993.59442
993.71113
994.42413
997.88837
1010.7608
1019.4008
993.56808
993.56809
993.5681
993.5681
993.56809
993.56808
993.56806
993.56802
993.56797
993.5679
993.56782
993.56773
993.56762
993.56753
993.56753
993.56765
993.56793
993.56839
993.56903
993.56977
993.57053
993.57127
993.57197
993.57264
993.57326
993.57386
993.5745
993.57523
993.57605
993.57698
993.57778
993.57833
993.57825
993.57957
993.59511
993.71154
994.42129
997.86768
1010.7303
1019.394
993.56882
993.56884
993.56884
993.56884
993.56884
993.56882
993.5688
993.56876
993.56871
993.56865
993.56856
993.56846
993.56835
993.56825
993.56825
993.56837
993.56864
993.56909
993.56973
993.57047
993.57122
993.57193
993.57261
993.57325
993.57384
993.5744
993.57498
993.57565
993.5764
993.57724
993.57808
993.57869
993.57878
993.5802
993.59579
993.71196
994.4187
997.84872
1010.7029
1019.3883
993.56956
993.56958
993.56958
993.56958
993.56958
993.56956
993.56954
993.5695
993.56945
993.56938
993.5693
993.56919
993.56907
993.56897
993.56896
993.56908
993.56935
993.5698
993.57043
993.57116
993.5719
993.57259
993.57325
993.57387
993.57442
993.57495
993.57549
993.5761
993.5768
993.57759
993.57843
993.57907
993.57932
993.58082
993.59647
993.71239
994.41636
997.83135
1010.6782
1019.3836
993.5703
993.57031
993.57032
993.57032
993.57031
993.5703
993.57027
993.57024
993.57019
993.57012
993.57003
993.56992
993.56978
993.56968
993.56967
993.56979
993.57005
993.5705
993.57112
993.57184
993.57257
993.57325
993.57389
993.57448
993.57501
993.5755
993.576
993.57657
993.57723
993.57799
993.57882
993.57949
993.57985
993.58144
993.59713
993.71283
994.41424
997.81545
1010.6561
1019.3798
993.57103
993.57104
993.57105
993.57105
993.57104
993.57103
993.571
993.57097
993.57091
993.57085
993.57075
993.57063
993.57049
993.57039
993.57038
993.57049
993.57075
993.57119
993.57181
993.57252
993.57324
993.57391
993.57453
993.5751
993.5756
993.57607
993.57653
993.57706
993.57768
993.57842
993.57924
993.57992
993.58038
993.58204
993.59777
993.71327
994.41234
997.8009
1010.6361
1019.3769
993.57175
993.57177
993.57177
993.57177
993.57177
993.57175
993.57173
993.57169
993.57164
993.57156
993.57146
993.57133
993.57119
993.57109
993.57107
993.57119
993.57145
993.57188
993.57249
993.5732
993.5739
993.57456
993.57517
993.57571
993.5762
993.57663
993.57707
993.57757
993.57816
993.57888
993.57968
993.58036
993.5809
993.58264
993.59841
993.71372
994.41063
997.78761
1010.6183
1019.3748
993.57247
993.57248
993.57249
993.57249
993.57248
993.57247
993.57244
993.57241
993.57235
993.57228
993.57217
993.57203
993.57189
993.57178
993.57177
993.57188
993.57213
993.57256
993.57317
993.57387
993.57456
993.57521
993.5758
993.57633
993.57679
993.57721
993.57762
993.57809
993.57865
993.57935
993.58014
993.58081
993.58142
993.58322
993.59904
993.71418
994.4091
997.77546
1010.6022
1019.3733
993.57318
993.57319
993.5732
993.5732
993.57319
993.57318
993.57315
993.57312
993.57306
993.57298
993.57287
993.57272
993.57258
993.57247
993.57245
993.57256
993.57282
993.57324
993.57384
993.57454
993.57522
993.57585
993.57643
993.57694
993.57739
993.57778
993.57817
993.57862
993.57916
993.57984
993.58061
993.58128
993.58193
993.5838
993.59965
993.71464
994.40775
997.76438
1010.5878
1019.3725
993.57388
993.5739
993.5739
993.5739
993.5739
993.57388
993.57386
993.57382
993.57376
993.57368
993.57355
993.57341
993.57326
993.57315
993.57313
993.57324
993.57349
993.57391
993.57451
993.57519
993.57587
993.57649
993.57705
993.57755
993.57798
993.57836
993.57873
993.57916
993.57968
993.58034
993.58109
993.58175
993.58243
993.58436
993.60025
993.71511
994.40655
997.75429
1010.5749
1019.3724
993.57458
993.57459
993.5746
993.5746
993.57459
993.57458
993.57455
993.57451
993.57445
993.57436
993.57423
993.57408
993.57394
993.57383
993.57381
993.57391
993.57416
993.57458
993.57517
993.57585
993.57651
993.57712
993.57767
993.57816
993.57857
993.57894
993.5793
993.5797
993.58021
993.58084
993.58157
993.58223
993.58293
993.58491
993.60084
993.71559
994.40551
997.74509
1010.5635
1019.3727
993.57527
993.57528
993.57529
993.57529
993.57528
993.57527
993.57524
993.5752
993.57513
993.57504
993.5749
993.57475
993.57461
993.5745
993.57447
993.57458
993.57482
993.57524
993.57582
993.5765
993.57715
993.57775
993.57829
993.57876
993.57917
993.57952
993.57986
993.58025
993.58074
993.58136
993.58207
993.58271
993.58342
993.58545
993.60142
993.71606
994.4046
997.73673
1010.5532
1019.3736
993.57595
993.57596
993.57597
993.57597
993.57596
993.57595
993.57592
993.57588
993.57581
993.5757
993.57557
993.57542
993.57527
993.57516
993.57513
993.57523
993.57548
993.57589
993.57647
993.57714
993.57779
993.57838
993.5789
993.57936
993.57975
993.58009
993.58043
993.5808
993.58128
993.58187
993.58257
993.58319
993.5839
993.58598
993.60198
993.71654
994.40381
997.72915
1010.5441
1019.3751
993.57663
993.57664
993.57665
993.57665
993.57664
993.57662
993.57659
993.57654
993.57647
993.57636
993.57622
993.57607
993.57592
993.57581
993.57578
993.57588
993.57613
993.57654
993.57711
993.57777
993.57841
993.579
993.57951
993.57996
993.58034
993.58067
993.58099
993.58135
993.58182
993.5824
993.58307
993.58368
993.58438
993.58651
993.60254
993.71703
994.40315
997.72228
1010.5361
1019.377
993.57729
993.5773
993.57731
993.57731
993.5773
993.57728
993.57725
993.5772
993.57712
993.57701
993.57687
993.57672
993.57657
993.57646
993.57643
993.57653
993.57677
993.57717
993.57775
993.5784
993.57903
993.57961
993.58011
993.58055
993.58092
993.58124
993.58155
993.58191
993.58236
993.58292
993.58357
993.58417
993.58486
993.58702
993.60308
993.71751
994.4026
997.71607
1010.529
1019.3794
993.57795
993.57796
993.57797
993.57797
993.57796
993.57794
993.5779
993.57784
993.57776
993.57765
993.57752
993.57736
993.57721
993.57709
993.57706
993.57716
993.5774
993.5778
993.57837
993.57902
993.57965
993.58022
993.58071
993.58114
993.5815
993.58181
993.58212
993.58246
993.5829
993.58344
993.58407
993.58465
993.58534
993.58752
993.60362
993.718
994.40215
997.71048
1010.5229
1019.3822
993.5786
993.57861
993.57862
993.57862
993.5786
993.57858
993.57854
993.57848
993.57839
993.57828
993.57815
993.57799
993.57784
993.57773
993.57769
993.57779
993.57803
993.57843
993.579
993.57964
993.58026
993.58082
993.5813
993.58173
993.58208
993.58238
993.58268
993.58301
993.58344
993.58397
993.58458
993.58514
993.58582
993.58801
993.60414
993.71849
994.40179
997.70547
1010.5175
1019.3855
993.57924
993.57925
993.57926
993.57925
993.57924
993.57921
993.57917
993.5791
993.57902
993.57891
993.57878
993.57862
993.57846
993.57835
993.57832
993.57841
993.57865
993.57905
993.57961
993.58025
993.58086
993.58141
993.58189
993.58231
993.58265
993.58295
993.58323
993.58356
993.58397
993.58449
993.58508
993.58563
993.5863
993.58849
993.60465
993.71899
994.40153
997.70099
1010.513
1019.3892
993.57987
993.57988
993.57988
993.57988
993.57986
993.57983
993.57978
993.57972
993.57964
993.57953
993.57939
993.57924
993.57908
993.57896
993.57893
993.57903
993.57926
993.57966
993.58021
993.58085
993.58146
993.582
993.58247
993.58288
993.58322
993.58351
993.58379
993.58411
993.58451
993.58501
993.58558
993.58611
993.58678
993.58898
993.60516
993.71948
994.40135
997.69701
1010.5091
1019.3933
993.58048
993.58049
993.58049
993.58049
993.58047
993.58044
993.58039
993.58033
993.58025
993.58014
993.58
993.57985
993.57969
993.57957
993.57954
993.57963
993.57987
993.58026
993.58081
993.58144
993.58205
993.58258
993.58305
993.58345
993.58378
993.58406
993.58434
993.58465
993.58504
993.58553
993.58608
993.58659
993.58725
993.58945
993.60566
993.71998
994.40125
997.69349
1010.5059
1019.3979
993.58108
993.58109
993.5811
993.58109
993.58107
993.58104
993.581
993.58093
993.58085
993.58074
993.5806
993.58045
993.58029
993.58017
993.58014
993.58023
993.58046
993.58085
993.5814
993.58203
993.58263
993.58316
993.58362
993.58401
993.58434
993.58461
993.58488
993.58519
993.58557
993.58604
993.58657
993.58707
993.58772
993.58993
993.60616
993.72047
994.40123
997.6904
1010.5034
1019.4029
993.58168
993.58168
993.58169
993.58168
993.58166
993.58164
993.58159
993.58153
993.58144
993.58133
993.58119
993.58104
993.58088
993.58076
993.58073
993.58082
993.58105
993.58144
993.58199
993.58261
993.5832
993.58373
993.58418
993.58457
993.58489
993.58516
993.58542
993.58572
993.5861
993.58655
993.58707
993.58755
993.58818
993.59039
993.60665
993.72097
994.40127
997.68772
1010.5014
1019.4083
993.58226
993.58227
993.58227
993.58227
993.58225
993.58222
993.58218
993.58211
993.58203
993.58192
993.58178
993.58162
993.58146
993.58135
993.58131
993.5814
993.58163
993.58202
993.58256
993.58318
993.58377
993.58429
993.58474
993.58512
993.58543
993.5857
993.58596
993.58625
993.58662
993.58706
993.58756
993.58802
993.58865
993.59086
993.60714
993.72147
994.40138
997.6854
1010.5
1019.4141
993.58284
993.58284
993.58285
993.58284
993.58283
993.5828
993.58275
993.58269
993.5826
993.58249
993.58236
993.5822
993.58204
993.58192
993.58188
993.58198
993.58221
993.58259
993.58313
993.58375
993.58433
993.58485
993.58529
993.58566
993.58597
993.58623
993.58649
993.58678
993.58713
993.58757
993.58804
993.58849
993.5891
993.59132
993.60762
993.72197
994.40154
997.68344
1010.4991
1019.4204
993.5834
993.58341
993.58342
993.58341
993.58339
993.58337
993.58332
993.58326
993.58317
993.58306
993.58292
993.58277
993.58261
993.58249
993.58245
993.58254
993.58277
993.58315
993.5837
993.5843
993.58488
993.58539
993.58583
993.5862
993.58651
993.58676
993.58702
993.5873
993.58765
993.58806
993.58852
993.58896
993.58956
993.59177
993.60809
993.72246
994.40176
997.6818
1010.4988
1019.4271
993.58396
993.58397
993.58398
993.58397
993.58395
993.58392
993.58388
993.58382
993.58373
993.58362
993.58348
993.58333
993.58317
993.58305
993.58301
993.5831
993.58333
993.58371
993.58425
993.58485
993.58543
993.58593
993.58637
993.58673
993.58703
993.58729
993.58754
993.58781
993.58815
993.58856
993.589
993.58942
993.59001
993.59222
993.60856
993.72296
994.40204
997.68047
1010.4989
1019.4343
993.58452
993.58452
993.58453
993.58452
993.58451
993.58448
993.58443
993.58437
993.58428
993.58418
993.58404
993.58388
993.58372
993.5836
993.58356
993.58365
993.58388
993.58426
993.5848
993.5854
993.58597
993.58647
993.5869
993.58726
993.58756
993.58781
993.58805
993.58832
993.58865
993.58905
993.58947
993.58987
993.59046
993.59267
993.60902
993.72346
994.40236
997.67942
1010.4995
1019.442
993.58506
993.58507
993.58507
993.58506
993.58505
993.58502
993.58497
993.58491
993.58483
993.58472
993.58458
993.58442
993.58426
993.58414
993.5841
993.58419
993.58442
993.5848
993.58533
993.58593
993.5865
993.587
993.58742
993.58778
993.58807
993.58832
993.58856
993.58882
993.58915
993.58953
993.58994
993.59033
993.5909
993.59311
993.60948
993.72395
994.40273
997.67864
1010.5005
1019.4503
993.5856
993.5856
993.5856
993.5856
993.58558
993.58555
993.58551
993.58545
993.58536
993.58526
993.58512
993.58496
993.5848
993.58467
993.58463
993.58473
993.58495
993.58533
993.58586
993.58646
993.58702
993.58752
993.58794
993.58829
993.58858
993.58882
993.58906
993.58932
993.58964
993.59001
993.5904
993.59078
993.59133
993.59355
993.60993
993.72445
994.40314
997.67813
1010.502
1019.459
993.58612
993.58613
993.58613
993.58612
993.58611
993.58608
993.58603
993.58598
993.58589
993.58578
993.58564
993.58548
993.58532
993.5852
993.58516
993.58526
993.58548
993.58586
993.58639
993.58698
993.58754
993.58803
993.58844
993.58879
993.58908
993.58932
993.58956
993.58981
993.59012
993.59048
993.59086
993.59122
993.59177
993.59398
993.61038
993.72494
994.4036
997.67785
1010.504
1019.4685
993.58664
993.58665
993.58665
993.58664
993.58663
993.5866
993.58655
993.5865
993.58641
993.5863
993.58616
993.586
993.58584
993.58572
993.58568
993.58577
993.586
993.58638
993.5869
993.5875
993.58805
993.58854
993.58895
993.58929
993.58958
993.58981
993.59005
993.5903
993.5906
993.59094
993.59131
993.59166
993.59219
993.5944
993.61082
993.72543
994.40409
997.67782
1010.5064
1019.4785
993.58715
993.58716
993.58716
993.58715
993.58714
993.58711
993.58706
993.58701
993.58692
993.58681
993.58667
993.58651
993.58635
993.58623
993.58619
993.58629
993.58651
993.58689
993.58741
993.588
993.58855
993.58904
993.58944
993.58978
993.59007
993.5903
993.59053
993.59078
993.59107
993.59141
993.59176
993.59209
993.59262
993.59482
993.61126
993.72592
994.40462
997.678
1010.5092
1019.4893
993.58765
993.58766
993.58766
993.58766
993.58764
993.58761
993.58757
993.58751
993.58742
993.58731
993.58717
993.58701
993.58685
993.58673
993.58669
993.58679
993.58702
993.58739
993.58791
993.5885
993.58905
993.58953
993.58993
993.59027
993.59055
993.59078
993.59101
993.59125
993.59153
993.59186
993.5922
993.59252
993.59304
993.59524
993.61169
993.72641
994.4052
997.67841
1010.5125
1019.5008
993.58814
993.58815
993.58815
993.58815
993.58813
993.5881
993.58806
993.588
993.58791
993.58781
993.58767
993.58751
993.58735
993.58722
993.58719
993.58728
993.58751
993.58788
993.58841
993.58899
993.58954
993.59001
993.59041
993.59075
993.59102
993.59125
993.59148
993.59172
993.59199
993.59231
993.59264
993.59294
993.59345
993.59565
993.61212
993.7269
994.40581
997.67904
1010.5162
1019.5132
993.58863
993.58864
993.58864
993.58863
993.58862
993.58859
993.58855
993.58849
993.5884
993.58829
993.58815
993.58799
993.58783
993.58771
993.58767
993.58777
993.588
993.58837
993.58889
993.58947
993.59001
993.59049
993.59088
993.59122
993.59149
993.59172
993.59194
993.59218
993.59245
993.59275
993.59307
993.59336
993.59386
993.59605
993.61254
993.72739
994.40645
997.67987
1010.5204
1019.5266
993.5891
993.58911
993.58912
993.58911
993.58909
993.58907
993.58902
993.58896
993.58888
993.58877
993.58863
993.58847
993.58831
993.58819
993.58815
993.58825
993.58848
993.58885
993.58937
993.58995
993.59049
993.59096
993.59135
993.59168
993.59196
993.59218
993.5924
993.59263
993.59289
993.59319
993.5935
993.59378
993.59426
993.59646
993.61295
993.72788
994.40713
997.68091
1010.525
1019.5411
993.58957
993.58958
993.58958
993.58958
993.58956
993.58953
993.58949
993.58943
993.58935
993.58924
993.5891
993.58894
993.58878
993.58866
993.58862
993.58872
993.58895
993.58932
993.58984
993.59042
993.59095
993.59142
993.59181
993.59214
993.59241
993.59263
993.59285
993.59308
993.59333
993.59362
993.59392
993.59418
993.59466
993.59685
993.61336
993.72836
994.40785
997.68215
1010.5301
1019.5568
993.59003
993.59004
993.59004
993.59004
993.59002
993.59
993.58995
993.58989
993.58981
993.5897
993.58956
993.5894
993.58924
993.58912
993.58909
993.58918
993.58941
993.58979
993.5903
993.59088
993.59141
993.59188
993.59227
993.59259
993.59286
993.59308
993.59329
993.59352
993.59377
993.59405
993.59433
993.59459
993.59505
993.59724
993.61377
993.72885
994.40861
997.68359
1010.5357
1019.5739
993.59048
993.59049
993.5905
993.59049
993.59047
993.59045
993.5904
993.59035
993.59026
993.59015
993.59001
993.58986
993.58969
993.58957
993.58954
993.58964
993.58987
993.59025
993.59076
993.59133
993.59186
993.59233
993.59271
993.59304
993.5933
993.59352
993.59373
993.59395
993.5942
993.59447
993.59474
993.59499
993.59544
993.59763
993.61417
993.72934
994.4094
997.68524
1010.5419
1019.5927
993.59093
993.59094
993.59094
993.59094
993.59092
993.59089
993.59085
993.59079
993.5907
993.5906
993.59046
993.5903
993.59014
993.59002
993.58999
993.59009
993.59032
993.5907
993.59121
993.59178
993.59231
993.59277
993.59315
993.59347
993.59374
993.59395
993.59417
993.59438
993.59462
993.59488
993.59514
993.59538
993.59583
993.59801
993.61456
993.72983
994.41023
997.6871
1010.5485
1019.6134
993.59136
993.59138
993.59138
993.59137
993.59136
993.59133
993.59129
993.59123
993.59114
993.59104
993.5909
993.59074
993.59058
993.59046
993.59043
993.59053
993.59076
993.59114
993.59165
993.59222
993.59274
993.5932
993.59358
993.5939
993.59417
993.59438
993.59459
993.59481
993.59504
993.59529
993.59554
993.59577
993.59621
993.59838
993.61496
993.73031
994.4111
997.68917
1010.5558
1019.6364
993.59179
993.5918
993.59181
993.5918
993.59179
993.59176
993.59172
993.59166
993.59157
993.59147
993.59133
993.59117
993.59101
993.5909
993.59087
993.59097
993.5912
993.59157
993.59209
993.59265
993.59317
993.59363
993.59401
993.59433
993.59459
993.5948
993.59501
993.59522
993.59545
993.59569
993.59593
993.59615
993.59658
993.59875
993.61534
993.7308
994.41201
997.69145
1010.5637
1019.662
993.59221
993.59223
993.59223
993.59223
993.59221
993.59218
993.59214
993.59208
993.592
993.59189
993.59175
993.5916
993.59144
993.59132
993.59129
993.59139
993.59163
993.592
993.59251
993.59308
993.5936
993.59405
993.59443
993.59475
993.59501
993.59522
993.59542
993.59563
993.59585
993.59609
993.59632
993.59653
993.59695
993.59912
993.61573
993.73129
994.41297
997.69397
1010.5722
1019.6908
993.59263
993.59264
993.59265
993.59264
993.59262
993.5926
993.59255
993.5925
993.59241
993.59231
993.59217
993.59201
993.59186
993.59174
993.59171
993.59181
993.59205
993.59242
993.59294
993.5935
993.59402
993.59447
993.59484
993.59516
993.59542
993.59563
993.59583
993.59604
993.59625
993.59648
993.5967
993.5969
993.59731
993.59948
993.61611
993.73179
994.41397
997.69673
1010.5814
1019.7234
993.59304
993.59305
993.59306
993.59305
993.59303
993.59301
993.59296
993.59291
993.59282
993.59271
993.59258
993.59242
993.59227
993.59215
993.59213
993.59223
993.59246
993.59284
993.59335
993.59391
993.59443
993.59488
993.59525
993.59556
993.59583
993.59604
993.59623
993.59644
993.59665
993.59686
993.59708
993.59727
993.59767
993.59984
993.61648
993.73228
994.41502
997.69973
1010.5913
1019.7606
993.59344
993.59345
993.59346
993.59345
993.59343
993.59341
993.59336
993.59331
993.59322
993.59312
993.59298
993.59283
993.59267
993.59256
993.59253
993.59264
993.59287
993.59325
993.59376
993.59432
993.59483
993.59528
993.59566
993.59597
993.59623
993.59643
993.59663
993.59683
993.59703
993.59725
993.59745
993.59763
993.59803
993.60019
993.61685
993.73278
994.41612
997.70301
1010.602
1019.8033
993.59384
993.59384
993.59385
993.59385
993.59383
993.59381
993.59376
993.5937
993.59362
993.59351
993.59338
993.59322
993.59307
993.59295
993.59293
993.59304
993.59327
993.59365
993.59416
993.59472
993.59523
993.59568
993.59605
993.59636
993.59662
993.59683
993.59702
993.59722
993.59742
993.59762
993.59782
993.59799
993.59838
993.60054
993.61722
993.73329
994.41728
997.70657
1010.6136
1019.8527
993.59422
993.59423
993.59424
993.59423
993.59422
993.59419
993.59415
993.59409
993.59401
993.5939
993.59376
993.59361
993.59346
993.59335
993.59332
993.59343
993.59367
993.59405
993.59456
993.59511
993.59562
993.59607
993.59644
993.59675
993.59701
993.59721
993.59741
993.5976
993.59779
993.59799
993.59818
993.59834
993.59873
993.60088
993.61759
993.73379
994.4185
997.71045
1010.626
1019.9103
993.5946
993.59461
993.59462
993.59461
993.5946
993.59457
993.59453
993.59447
993.59439
993.59428
993.59415
993.594
993.59384
993.59373
993.59371
993.59382
993.59406
993.59443
993.59494
993.5955
993.59601
993.59646
993.59683
993.59713
993.59739
993.5976
993.59779
993.59798
993.59817
993.59836
993.59854
993.59869
993.59907
993.60122
993.61795
993.73431
994.41979
997.71468
1010.6395
1019.978
993.59498
993.59498
993.59499
993.59499
993.59497
993.59495
993.5949
993.59485
993.59476
993.59466
993.59452
993.59437
993.59422
993.59411
993.59409
993.5942
993.59444
993.59482
993.59533
993.59589
993.59639
993.59684
993.5972
993.59751
993.59777
993.59797
993.59816
993.59835
993.59853
993.59872
993.59889
993.59904
993.59941
993.60156
993.61831
993.73483
994.42115
997.71927
1010.654
1020.058
993.59535
993.59535
993.59536
993.59536
993.59534
993.59532
993.59527
993.59521
993.59513
993.59503
993.59489
993.59474
993.59459
993.59448
993.59446
993.59457
993.59481
993.5952
993.59571
993.59626
993.59677
993.59721
993.59758
993.59788
993.59814
993.59835
993.59853
993.59872
993.5989
993.59907
993.59924
993.59938
993.59974
993.60189
993.61867
993.73537
994.4226
997.72427
1010.6696
1020.1532
993.59571
993.59571
993.59572
993.59572
993.5957
993.59568
993.59563
993.59558
993.59549
993.59539
993.59526
993.59511
993.59496
993.59485
993.59483
993.59494
993.59519
993.59557
993.59608
993.59663
993.59714
993.59758
993.59795
993.59825
993.5985
993.59871
993.59889
993.59908
993.59925
993.59942
993.59958
993.59972
993.60007
993.60222
993.61902
993.73591
994.42413
997.72973
1010.6864
1020.2671
993.59606
993.59607
993.59607
993.59607
993.59606
993.59603
993.59599
993.59593
993.59585
993.59575
993.59561
993.59546
993.59532
993.59521
993.59519
993.59531
993.59555
993.59593
993.59644
993.597
993.5975
993.59795
993.59831
993.59861
993.59887
993.59907
993.59925
993.59943
993.59961
993.59977
993.59992
993.60005
993.6004
993.60255
993.61937
993.73647
994.42577
997.73568
1010.7046
1020.4042
993.59641
993.59642
993.59642
993.59642
993.5964
993.59638
993.59634
993.59628
993.5962
993.5961
993.59596
993.59581
993.59567
993.59556
993.59555
993.59566
993.59591
993.59629
993.5968
993.59736
993.59786
993.59831
993.59867
993.59897
993.59922
993.59943
993.59961
993.59978
993.59995
993.60011
993.60026
993.60038
993.60072
993.60287
993.61973
993.73704
994.42752
997.7422
1010.7242
1020.5698
993.59675
993.59676
993.59676
993.59676
993.59674
993.59672
993.59668
993.59662
993.59654
993.59644
993.59631
993.59616
993.59601
993.59591
993.5959
993.59602
993.59626
993.59665
993.59716
993.59771
993.59822
993.59866
993.59902
993.59932
993.59957
993.59978
993.59996
993.60013
993.6003
993.60045
993.60059
993.60071
993.60104
993.60319
993.62008
993.73762
994.42939
997.74934
1010.7452
1020.7708
993.59709
993.5971
993.59711
993.59711
993.59709
993.59707
993.59702
993.59696
993.59688
993.59678
993.59665
993.5965
993.59636
993.59625
993.59624
993.59637
993.59661
993.597
993.59751
993.59806
993.59857
993.59901
993.59937
993.59967
993.59992
993.60013
993.60031
993.60048
993.60064
993.60079
993.60092
993.60103
993.60136
993.60351
993.62043
993.73823
994.43141
997.7572
1010.768
1021.0155
993.59745
993.59746
993.59747
993.59747
993.59744
993.59742
993.59738
993.59732
993.59724
993.59714
993.59701
993.59686
993.59672
993.59661
993.59661
993.59673
993.59698
993.59736
993.59787
993.59842
993.59893
993.59937
993.59972
993.60002
993.60027
993.60048
993.60066
993.60082
993.60098
993.60113
993.60125
993.60136
993.60169
993.60383
993.62079
993.73887
994.43361
997.76588
1010.7925
1021.3139
993.59787
993.59788
993.59789
993.59789
993.59787
993.59785
993.5978
993.59774
993.59766
993.59756
993.59743
993.59728
993.59714
993.59703
993.59702
993.59714
993.59739
993.59777
993.59828
993.59883
993.59932
993.59976
993.60011
993.60041
993.60066
993.60086
993.60104
993.6012
993.60136
993.6015
993.60162
993.60172
993.60205
993.6042
993.6212
993.73957
994.43602
997.77552
1010.8193
1021.6787
993.59851
993.59853
993.59853
993.59853
993.59851
993.59848
993.59844
993.59838
993.59829
993.59818
993.59806
993.5979
993.59775
993.59764
993.59763
993.59774
993.59798
993.59835
993.59885
993.59938
993.59987
993.60029
993.60063
993.60091
993.60115
993.60135
993.60152
993.60168
993.60183
993.60197
993.60209
993.6022
993.60253
993.60469
993.62174
993.74044
994.43877
997.78636
1010.8488
1022.1247
993.59979
993.59981
993.59981
993.59981
993.59978
993.59975
993.5997
993.59963
993.59954
993.59943
993.59928
993.59912
993.59895
993.59883
993.59879
993.59888
993.5991
993.59944
993.59991
993.60041
993.60086
993.60124
993.60155
993.6018
993.60201
993.60219
993.60234
993.60249
993.60264
993.60278
993.60292
993.60304
993.60339
993.60559
993.62272
993.74178
994.44219
997.79886
1010.8828
1022.6698
993.60286
993.60288
993.60288
993.60287
993.60283
993.60279
993.60272
993.60264
993.60253
993.60238
993.60221
993.60201
993.60181
993.60163
993.60155
993.60158
993.60172
993.60199
993.60238
993.60279
993.60314
993.60343
993.60364
993.6038
993.60394
993.60405
993.60415
993.60427
993.60443
993.60459
993.60477
993.60496
993.60538
993.60766
993.62492
993.74446
994.44719
997.81412
1010.9248
1023.335
993.61075
993.61078
993.61077
993.61074
993.61068
993.61061
993.61051
993.61038
993.61021
993.61
993.60976
993.60947
993.60916
993.60886
993.60864
993.60851
993.60848
993.60856
993.60872
993.6089
993.60901
993.60905
993.60901
993.60894
993.60887
993.60882
993.6088
993.60887
993.60902
993.60926
993.60956
993.60991
993.61052
993.61302
993.63057
993.75077
994.45625
997.83495
1010.9826
1024.1438
993.63114
993.63118
993.63115
993.63108
993.63097
993.63083
993.63064
993.6304
993.6301
993.62973
993.6293
993.62879
993.62823
993.62765
993.62709
993.62658
993.62613
993.62572
993.62535
993.62496
993.62447
993.62389
993.62325
993.62261
993.62202
993.62155
993.62124
993.62115
993.62132
993.62173
993.62235
993.62313
993.62422
993.62726
993.64544
993.76674
994.47578
997.86842
1011.0729
1025.1214
993.68238
993.68247
993.68241
993.68224
993.682
993.68169
993.6813
993.68081
993.68021
993.67949
993.67863
993.67763
993.67649
993.67524
993.67391
993.67253
993.67108
993.66956
993.66798
993.66626
993.66437
993.66235
993.66028
993.65828
993.65648
993.65501
993.654
993.65356
993.65377
993.6546
993.65598
993.65777
993.66
993.66431
993.68391
993.80723
994.52126
997.93159
1011.2297
1026.2914
993.8059
993.8061
993.80597
993.8056
993.80509
993.80442
993.80359
993.80256
993.80131
993.79982
993.79806
993.79599
993.79361
993.79092
993.78792
993.78464
993.78103
993.7771
993.77285
993.76824
993.76328
993.75809
993.75286
993.74784
993.74333
993.73964
993.73705
993.73582
993.73611
993.73787
993.74095
993.74501
993.7498
993.75693
993.77963
993.90696
994.62869
998.06294
1011.5174
1027.6697
994.0884
994.08888
994.08862
994.08782
994.08676
994.08538
994.08366
994.08155
994.079
994.07596
994.07236
994.06815
994.06326
994.05765
994.0513
994.04417
994.0362
994.02737
994.0177
994.0072
993.99596
993.98426
993.97251
993.96125
993.95111
993.94277
993.93687
993.93397
993.93443
993.93811
993.94471
993.95348
993.96359
993.97655
994.00565
994.14095
994.87545
998.3431
1012.0504
1029.2501
994.69429
994.69533
994.69486
994.69328
994.69119
994.68848
994.6851
994.68098
994.67601
994.67009
994.6631
994.65489
994.64535
994.63435
994.62177
994.6075
994.59141
994.57347
994.55368
994.53214
994.50912
994.48517
994.46108
994.43795
994.41707
994.3998
994.38752
994.38135
994.38204
994.38932
994.40256
994.42021
994.44042
994.46458
994.50581
994.65633
995.4125
998.92699
1013.0118
1030.978
995.89253
995.89469
995.89391
995.89099
995.88718
995.88222
995.87609
995.8686
995.8596
995.84888
995.83622
995.82139
995.80411
995.78414
995.76121
995.73508
995.70552
995.6724
995.63576
995.59578
995.553
995.50842
995.46349
995.42018
995.38092
995.34828
995.32488
995.31285
995.31365
995.32675
995.35099
995.38349
995.42071
995.46415
995.52608
995.70334
996.49485
1000.0724
1014.6469
1032.6991
998.00933
998.01335
998.01222
998.00734
998.00101
997.99282
997.98271
997.97038
997.95559
997.93801
997.91729
997.89303
997.86481
997.83218
997.79468
997.75188
997.70339
997.649
997.5887
997.52281
997.45222
997.3785
997.30396
997.23186
997.16613
997.11112
997.07122
997.05005
997.05009
997.07058
997.10958
997.16247
997.22351
997.29487
997.3872
997.60542
998.44789
1002.094
1017.1746
1034.0242
1001.1778
1001.1844
1001.183
1001.1757
1001.1664
1001.1544
1001.1396
1001.1215
1001.1
1001.0745
1001.0445
1001.0095
1000.9689
1000.922
1000.8682
1000.8069
1000.7375
1000.6597
1000.5735
1000.4793
1000.3783
1000.2726
1000.1655
1000.0614
999.96497
999.88431
999.8248
999.79169
999.78866
999.81493
999.86771
999.94099
1000.0281
1000.1311
1000.2595
1000.5296
1001.4324
1005.1262
1020.5066
1034.282
1004.7116
1004.721
1004.7196
1004.7103
1004.6984
1004.683
1004.6642
1004.6414
1004.6144
1004.5825
1004.5452
1004.5019
1004.452
1004.3948
1004.3294
1004.2554
1004.1719
1004.0788
1003.9759
1003.8637
1003.7437
1003.618
1003.4903
1003.3656
1003.2503
1003.1513
1003.076
1003.0307
1003.0196
1003.0428
1003.0973
1003.1774
1003.2761
1003.4004
1003.558
1003.8766
1004.8276
1008.501
1023.5765
1032.2372
1006.0502
1006.0614
1006.0603
1006.0502
1006.0373
1006.0207
1006.0006
1005.9764
1005.948
1005.9148
1005.8764
1005.8325
1005.7824
1005.7256
1005.6618
1005.5904
1005.5111
1005.4236
1005.328
1005.2248
1005.115
1005.0005
1004.8842
1004.7698
1004.6623
1004.5671
1004.49
1004.4362
1004.4098
1004.4124
1004.4427
1004.4989
1004.5795
1004.6952
1004.8568
1005.1969
1006.1502
1009.6735
1023.3811
1025.4702
999.65932
999.67018
999.66971
999.6608
999.6494
999.63488
999.6175
999.59701
999.57331
999.54627
999.51581
999.48184
999.44433
999.40336
999.35908
999.31165
999.26115
999.20778
999.15195
999.09402
999.03427
998.97329
998.91172
998.84986
998.78815
998.72729
998.66812
998.6119
998.56126
998.51931
998.49172
998.48237
998.50304
998.56702
998.69382
999.00713
999.88649
1003.101
1014.1418
1009.6281
975.2832
975.29119
975.29148
975.28547
975.27784
975.26819
975.25704
975.24443
975.23058
975.21576
975.20034
975.18478
975.16972
975.15607
975.14494
975.13738
975.13405
975.13564
975.14319
975.15712
975.17647
975.19998
975.22535
975.24763
975.2606
975.25768
975.23206
975.17898
975.09847
974.99592
974.88591
974.78176
974.71329
974.69172
974.7509
974.98914
975.70585
978.41367
985.69902
976.2393
913.61863
913.62244
913.62322
913.62055
913.61724
913.61311
913.6088
913.6046
913.60093
913.59832
913.59744
913.59912
913.60444
913.61491
913.6324
913.65856
913.69411
913.73994
913.79783
913.86829
913.94929
914.0384
914.13142
914.2196
914.29198
914.33661
914.34091
914.2964
914.20029
914.05969
913.89513
913.72602
913.59414
913.50235
913.49904
913.63945
914.12266
916.11915
919.56734
908.26819
767.51578
767.51633
767.51696
767.51653
767.5161
767.51559
767.51542
767.51584
767.51718
767.51982
767.52426
767.53107
767.54108
767.55552
767.57594
767.60348
767.63816
767.68047
767.73221
767.79384
767.86335
767.93899
768.01778
768.0929
768.15579
768.19724
768.20763
768.18014
768.11279
768.01068
767.88927
767.76237
767.66121
767.58041
767.55835
767.61034
767.81168
768.78259
769.41326
762.35945
)
;

boundaryField
{
    piston
    {
        type            fixedValue;
        value           uniform 485.2;
    }
    cylinderHead
    {
        type            fixedValue;
        value           uniform 525.2;
    }
    cylinderWall
    {
        type            fixedValue;
        value           uniform 430.1;
    }
    wedgeFront
    {
        type            wedge;
    }
    wedgeBack
    {
        type            wedge;
    }
    axis
    {
        type            empty;
    }
}


// ************************************************************************* //
