/*--------------------------------*- C++ -*----------------------------------*\
  =========                 |
  \\      /  F ield         | OpenFOAM: The Open Source CFD Toolbox
   \\    /   O peration     | Website:  https://openfoam.org
    \\  /    A nd           | Version:  13
     \\/     M anipulation  |
\*---------------------------------------------------------------------------*/
FoamFile
{
    format      ascii;
    class       volScalarField;
    location    "90";
    object      rho;
}
// * * * * * * * * * * * * * * * * * * * * * * * * * * * * * * * * * * * * * //

dimensions      [1 -3 0 0 0 0 0];

internalField   nonuniform List<scalar> 
4800
(
3.8081788
3.8116338
3.8118031
3.8110096
3.8121406
3.8138204
3.8174452
3.8209065
3.8221567
3.8255188
3.8286065
3.8300855
3.8357231
3.8428744
3.8488703
3.8551655
3.8597666
3.8556116
3.8303114
3.7710371
3.6789978
3.6123925
3.6551282
3.8453329
4.2147986
4.4252162
4.1015331
3.7868549
3.6500113
3.5937809
3.5625768
3.5336909
3.494014
3.4347551
3.3496676
3.2483261
3.1121414
2.9468704
2.8946107
3.5014392
3.1100097
3.1110682
3.1110076
3.1102212
3.1113059
3.1129952
3.1168095
3.1204325
3.1213453
3.1247192
3.1276276
3.1287317
3.1341385
3.140925
3.1466016
3.1521607
3.1544689
3.145715
3.1138442
3.0528555
2.9766331
2.9424565
3.0247747
3.2724719
3.6735476
3.7613304
3.3965205
3.0909443
2.9602755
2.9039515
2.8713097
2.8404648
2.8003565
2.7450417
2.6701203
2.586625
2.4743404
2.3700943
2.3684275
3.1098991
2.641982
2.6418249
2.6416589
2.6410356
2.642105
2.6439155
2.6476101
2.6510867
2.6522531
2.6554389
2.658124
2.6593294
2.664455
2.6707366
2.6755411
2.6793728
2.6793589
2.6663783
2.6319791
2.5791598
2.5337358
2.5499537
2.7009039
3.0018234
3.2980396
3.2760853
2.9095658
2.6314108
2.5079121
2.4506618
2.4187719
2.3902847
2.3558766
2.3119095
2.2551412
2.1969063
2.1214714
2.0796329
2.13494
2.9155554
2.3372219
2.3364786
2.3363663
2.3360456
2.3370995
2.3389181
2.3422075
2.3453377
2.346865
2.3498223
2.3524204
2.3541837
2.3590145
2.3646743
2.3688881
2.3711634
2.3685984
2.3542656
2.324071
2.2888985
2.2811044
2.3535229
2.5467594
2.8254967
2.9977443
2.9041131
2.5726891
2.3312597
2.2196408
2.1668436
2.1402208
2.1178988
2.0925821
2.0624947
2.0252331
1.9907993
1.9562354
1.9524311
2.0359921
2.7850376
2.1424651
2.1421362
2.1421506
2.1420951
2.1430771
2.1447416
2.1474694
2.1501439
2.1518903
2.1546017
2.1571525
2.1593953
2.1638299
2.1687907
2.1724072
2.173653
2.1695118
2.1567121
2.1350532
2.1207377
2.1471352
2.2558696
2.4540896
2.6662604
2.7474828
2.6178819
2.3352263
2.1339572
2.0401047
1.9972477
1.9776229
1.9626612
1.9463321
1.9288118
1.910992
1.8967644
1.8845996
1.8959774
1.9905921
2.6795572
2.0205483
2.0206825
2.020822
2.0209478
2.0218122
2.0232323
2.0253996
2.0275952
2.0293279
2.0317006
2.0340842
2.0364925
2.0403558
2.0445693
2.0477053
2.0483264
2.0439936
2.0336647
2.0219004
2.0254034
2.0756449
2.197
2.3748407
2.5182448
2.5397237
2.3975067
2.1663065
2.0042162
1.9302882
1.8993377
1.8872082
1.8790982
1.8731306
1.8664276
1.8593815
1.8545949
1.8528138
1.8700253
1.9676848
2.587766
1.9459471
1.9462348
1.9464462
1.9466623
1.9473609
1.9484628
1.9500537
1.9517245
1.9532284
1.9551699
1.9572237
1.9594486
1.9626297
1.9660636
1.9687169
1.9693047
1.9657646
1.9578087
1.9541589
1.97076
2.033006
2.1526054
2.2980271
2.3865714
2.3707092
2.2309383
2.0446136
1.9192681
1.8645758
1.8446858
1.8397246
1.8391289
1.8392237
1.8379261
1.8361477
1.8358947
1.8388255
1.8577516
1.9535189
2.5066587
1.9013219
1.9015609
1.9017685
1.9019927
1.9025157
1.9033135
1.9044263
1.9056345
1.9068208
1.9083103
1.9099472
1.9117923
1.9142667
1.9169413
1.9190944
1.9196726
1.9172742
1.9124441
1.9133862
1.9376115
2.0038796
2.1115088
2.2236856
2.2743818
2.2357709
2.1070377
1.9584009
1.8640512
1.8254471
1.8150402
1.8158864
1.8204239
1.8239161
1.8254271
1.8262022
1.8280536
1.8329252
1.851801
1.9434099
2.4403481
1.8753529
1.8755023
1.8756672
1.8758542
1.8762188
1.8767596
1.8774974
1.8783223
1.8791824
1.8802513
1.8814608
1.88286
1.8846738
1.8866494
1.8882932
1.8887939
1.8872729
1.884936
1.8894552
1.9164663
1.9794727
2.0719466
2.1550797
2.1804433
2.1300914
2.0158929
1.8981248
1.8285312
1.8027485
1.7989753
1.8042975
1.8120447
1.8175272
1.8204989
1.8224642
1.8251857
1.8306972
1.8489028
1.9355272
2.3899673
1.8607279
1.8608046
1.8609192
1.8610546
1.8612914
1.8616348
1.8620966
1.8626252
1.8632003
1.8639139
1.8647412
1.8657176
1.8669632
1.8683315
1.8694806
1.8698099
1.8687709
1.8678256
1.8739697
1.9004951
1.9570529
2.0342538
2.094317
2.1031639
2.0484109
1.9493327
1.8563187
1.805681
1.7894078
1.790247
1.79873
1.8086584
1.8153016
1.819001
1.8214711
1.8244542
1.8300838
1.8475725
1.9294676
2.355888
1.8528336
1.852868
1.8529335
1.853013
1.853147
1.8533413
1.853604
1.8539129
1.8542623
1.8547026
1.8552289
1.8558585
1.8566522
1.8575241
1.8582242
1.8583117
1.8574003
1.8569612
1.8631493
1.887146
1.9360059
1.9992852
2.0419911
2.0404413
1.985816
1.9009058
1.8273684
1.7907373
1.7809906
1.7853196
1.7961237
1.8075821
1.814827
1.8188216
1.8214536
1.8245245
1.8300629
1.8470807
1.9253663
2.3347415
1.8488816
1.8488971
1.848931
1.8489713
1.8490382
1.8491353
1.8492665
1.8494215
1.8495978
1.8498203
1.8500878
1.8504212
1.8508559
1.851334
1.8516641
1.8514816
1.8504694
1.8499426
1.8551213
1.8754635
1.9164122
1.9675464
1.997965
1.9899476
1.9380776
1.8656348
1.8072246
1.7805267
1.7752814
1.7822328
1.7949544
1.8074256
1.8158817
1.8207544
1.823578
1.8263584
1.8312166
1.8469956
1.9228429
2.3215337
1.8469582
1.8469653
1.8469822
1.8470013
1.8470327
1.8470785
1.8471404
1.8472135
1.8472963
1.8474005
1.847525
1.8476765
1.8478688
1.8480571
1.8480955
1.8476588
1.8463845
1.8453874
1.8489566
1.865144
1.8985106
1.9394421
1.9612003
1.9495764
1.9017369
1.8398735
1.7929627
1.7731113
1.7710001
1.7799853
1.7944596
1.8084579
1.8182674
1.8237847
1.8265775
1.8288922
1.8329405
1.8474365
1.9212776
2.3127055
1.8460639
1.8460672
1.846075
1.8460828
1.8460955
1.8461145
1.8461404
1.8461705
1.8462036
1.8462447
1.8462927
1.8463485
1.8464132
1.8464482
1.8463306
1.8457584
1.8442888
1.8424788
1.8441871
1.8561302
1.8825012
1.9149616
1.930645
1.9174097
1.8740701
1.8209864
1.782607
1.7674692
1.767469
1.7780835
1.7942433
1.8099183
1.820896
1.8269729
1.8297285
1.8315897
1.834862
1.8482554
1.9203012
2.3061137
1.8456817
1.8456834
1.8456866
1.8456886
1.845692
1.8456976
1.8457055
1.845714
1.8457221
1.8457315
1.8457409
1.8457479
1.8457473
1.8457046
1.8455104
1.8448775
1.8433116
1.8408294
1.8405575
1.8484351
1.8684706
1.8938933
1.9053053
1.8917877
1.8529667
1.8070636
1.7749125
1.7628512
1.7643591
1.7763051
1.7941066
1.8112929
1.8232964
1.8298794
1.8326499
1.8341514
1.8367535
1.8492015
1.9196976
2.3007125
1.8455433
1.8455445
1.8455456
1.845545
1.8455443
1.845544
1.8455439
1.8455429
1.8455398
1.8455351
1.8455262
1.8455094
1.8454769
1.8453976
1.8451725
1.844526
1.8429275
1.8400525
1.8378673
1.8420711
1.8564236
1.8759365
1.8842946
1.8713301
1.8368175
1.796741
1.7690518
1.7589743
1.7615043
1.7745634
1.7938944
1.8124259
1.8253155
1.8323294
1.8351641
1.8364179
1.8384823
1.8501466
1.9193863
2.2961108
1.8455099
1.845511
1.8455114
1.8455099
1.8455079
1.8455058
1.8455032
1.8454992
1.8454925
1.8454816
1.8454639
1.8454363
1.84539
1.8452959
1.845063
1.8444295
1.8428265
1.8398015
1.8363319
1.8370272
1.8463231
1.8607702
1.8668588
1.8549248
1.8244149
1.7890707
1.7645236
1.7556822
1.7588612
1.7728608
1.7935822
1.8132996
1.8269426
1.834289
1.8372165
1.8383222
1.83998
1.8510164
1.919245
2.2922074
1.8455283
1.8455289
1.8455283
1.8455257
1.8455221
1.8455174
1.8455116
1.8455036
1.8454924
1.8454773
1.8454562
1.8454249
1.8453743
1.8452763
1.8450437
1.8444273
1.8428911
1.8397937
1.8356446
1.8332321
1.8380968
1.8480941
1.8523728
1.841687
1.8148521
1.7833871
1.7609395
1.7528939
1.7564513
1.7712489
1.7931983
1.8139442
1.8282182
1.8357934
1.838825
1.8398581
1.8412239
1.8517737
1.9191951
2.2889878
1.8456054
1.845606
1.845605
1.8456025
1.8455987
1.8455938
1.8455873
1.8455787
1.8455669
1.8455508
1.8455282
1.8454953
1.8454437
1.8453493
1.8451384
1.8445937
1.843197
1.840165
1.8354583
1.8311953
1.8316138
1.8376516
1.8403402
1.8309283
1.8074574
1.7792891
1.7584232
1.7505982
1.7543376
1.769807
1.7927917
1.8144058
1.8291891
1.8369076
1.840045
1.8410566
1.8422222
1.8524066
1.9191864
2.2864354
1.8456945
1.8456952
1.8456946
1.8456928
1.84569
1.8456862
1.8456812
1.8456745
1.8456653
1.8456524
1.845634
1.8456066
1.8455631
1.8454837
1.8453087
1.8448543
1.8436456
1.8408343
1.8358675
1.8303759
1.8269735
1.8292434
1.8303748
1.8221177
1.8017269
1.7765247
1.7572575
1.7493553
1.7527882
1.7686258
1.7924141
1.8147445
1.8298948
1.8377041
1.8409465
1.8419669
1.8430007
1.8529189
1.9192417
2.284498
1.8457736
1.8457745
1.8457746
1.8457736
1.8457721
1.8457699
1.845767
1.845763
1.8457572
1.8457488
1.8457362
1.8457169
1.8456849
1.8456251
1.8454907
1.8451323
1.8441365
1.8416572
1.8367875
1.8302062
1.8246777
1.8225882
1.8221712
1.814846
1.7972394
1.7746908
1.7568577
1.7488354
1.7520563
1.7680283
1.7921618
1.8149109
1.8302964
1.8382502
1.8415994
1.8426441
1.843594
1.8533198
1.9193176
2.2830787
1.8458369
1.8458381
1.8458387
1.8458386
1.8458383
1.8458377
1.8458368
1.8458354
1.845833
1.8458291
1.8458224
1.8458111
1.8457908
1.8457503
1.8456547
1.8453883
1.8446083
1.8425274
1.8380275
1.8309272
1.8238984
1.8184475
1.8154702
1.8087868
1.7936343
1.7734358
1.7567957
1.7486997
1.7518204
1.767815
1.792055
1.8149535
1.8304694
1.8386107
1.8420664
1.8431402
1.8440377
1.8536234
1.9193569
2.2820589
1.8458846
1.845886
1.8458871
1.8458878
1.8458885
1.8458893
1.8458902
1.845891
1.8458916
1.8458914
1.8458899
1.8458855
1.8458753
1.8458515
1.8457894
1.8456034
1.8450232
1.8433616
1.8394278
1.8323979
1.8238266
1.8165747
1.810491
1.803631
1.7905663
1.7728861
1.7572221
1.7490113
1.7519973
1.7678671
1.7920335
1.8148918
1.830537
1.83885
1.8424005
1.8435007
1.8443652
1.8538462
1.9193655
2.2813222
1.8459191
1.8459207
1.8459222
1.8459235
1.845925
1.8459269
1.8459292
1.8459318
1.8459347
1.8459376
1.8459401
1.8459413
1.8459392
1.8459287
1.8458931
1.8457723
1.8453637
1.8441008
1.8408315
1.8342886
1.8249293
1.8160331
1.8080909
1.7997139
1.7878522
1.7727457
1.7582717
1.7503459
1.7532717
1.7686109
1.7922206
1.8148538
1.8305676
1.8390219
1.8426446
1.843763
1.8446054
1.8540054
1.9193528
2.2807679
1.845943
1.8459447
1.8459466
1.8459483
1.8459504
1.8459531
1.8459564
1.8459605
1.8459651
1.8459704
1.8459761
1.8459815
1.8459855
1.845985
1.8459692
1.8458975
1.8456238
1.8446998
1.8420926
1.8363253
1.826968
1.8164217
1.8073262
1.7978876
1.7865637
1.7728202
1.7597035
1.7523309
1.755256
1.7699494
1.7927898
1.8149782
1.8306496
1.8391713
1.8428319
1.8439561
1.8447818
1.8541156
1.9193054
2.2803161
1.8459586
1.8459605
1.8459625
1.8459646
1.8459672
1.8459704
1.8459745
1.8459795
1.8459855
1.8459925
1.8460005
1.846009
1.8460175
1.8460242
1.8460223
1.8459854
1.8458119
1.8451626
1.843165
1.8383154
1.8295138
1.8181191
1.8072884
1.797341
1.7861825
1.7732926
1.7614045
1.7547503
1.7577615
1.771852
1.793821
1.8153926
1.8308454
1.839333
1.8429872
1.8441023
1.8449125
1.8541889
1.9192244
2.2799079
1.8459677
1.8459696
1.8459718
1.8459741
1.845977
1.8459806
1.8459852
1.8459909
1.8459978
1.846006
1.8460156
1.8460264
1.8460382
1.84605
1.8460576
1.8460445
1.8459424
1.8455049
1.8440313
1.8401233
1.8322701
1.8208397
1.8086126
1.7974478
1.7861896
1.7741932
1.763389
1.7575387
1.7607276
1.774305
1.7953441
1.8161363
1.8311925
1.839532
1.8431287
1.8442177
1.8450115
1.8542351
1.9191142
2.2795047
1.845972
1.8459739
1.8459762
1.8459786
1.8459816
1.8459855
1.8459905
1.8459966
1.846004
1.846013
1.8460236
1.8460358
1.8460497
1.8460647
1.8460788
1.846082
1.846029
1.8457478
1.8447002
1.8416708
1.8349879
1.824153
1.8112954
1.7988832
1.7871804
1.7757137
1.7657923
1.7607564
1.7641805
1.7773115
1.7973659
1.8172237
1.8317086
1.8397831
1.8432684
1.8443134
1.8450884
1.8542623
1.9189808
2.2790844
1.8459733
1.8459752
1.8459776
1.8459801
1.8459832
1.8459873
1.8459924
1.8459988
1.8460065
1.8460158
1.8460269
1.8460397
1.8460546
1.8460716
1.8460896
1.8461024
1.8460833
1.8459129
1.8451958
1.8429326
1.8374839
1.8277154
1.814917
1.801729
1.7894124
1.7780961
1.768822
1.7645381
1.768192
1.7808813
1.7998771
1.8186504
1.8323982
1.8400935
1.8434138
1.8443969
1.84515
1.8542745
1.918831
2.278638
1.8459712
1.8459731
1.8459755
1.8459781
1.8459813
1.8459854
1.8459907
1.8459972
1.8460052
1.8460149
1.8460265
1.8460401
1.8460559
1.8460741
1.8460938
1.8461118
1.8461125
1.84602
1.8455484
1.8439168
1.8396452
1.8312362
1.8191123
1.8056738
1.7928756
1.7815109
1.7726777
1.7690266
1.772836
1.7850152
1.8028517
1.8203944
1.833253
1.8404634
1.8435685
1.8444729
1.8452006
1.8542771
1.9186716
2.2781664
1.8459664
1.8459683
1.8459707
1.8459733
1.8459765
1.8459806
1.8459859
1.8459925
1.8460006
1.8460103
1.846022
1.8460358
1.8460521
1.8460712
1.8460931
1.846115
1.8461262
1.846084
1.8457888
1.8446535
1.8414231
1.8344948
1.8235237
1.8104036
1.7974242
1.7860027
1.777478
1.7743106
1.7781465
1.7896863
1.8062411
1.822416
1.8342528
1.8408867
1.8437328
1.8445437
1.8452432
1.8542748
1.9185089
2.2776764
1.8459594
1.8459613
1.8459637
1.8459663
1.8459695
1.8459736
1.8459789
1.8459854
1.8459935
1.8460032
1.8460148
1.8460286
1.8460448
1.8460641
1.8460865
1.8461115
1.8461309
1.8461163
1.8459455
1.8451832
1.8428245
1.8373418
1.8278377
1.8155598
1.8028071
1.7914736
1.7832157
1.7803827
1.7840894
1.7948268
1.8099715
1.8246587
1.8353669
1.841352
1.8439045
1.8446104
1.8452792
1.8542688
1.9183492
2.2771793
1.8459505
1.8459524
1.8459547
1.8459573
1.8459605
1.8459646
1.8459698
1.8459763
1.8459842
1.8459938
1.8460053
1.8460189
1.846035
1.846054
1.8460763
1.8461021
1.8461277
1.8461299
1.8460403
1.8455488
1.8438849
1.8397055
1.831812
1.8207877
1.8086933
1.7976949
1.7897453
1.7871231
1.7905491
1.8003216
1.8139419
1.8270504
1.836556
1.8418433
1.8440792
1.844673
1.8453099
1.8542609
1.9181976
2.2766878
1.8459399
1.8459417
1.845944
1.8459465
1.8459497
1.8459537
1.8459589
1.8459653
1.8459731
1.8459825
1.8459938
1.8460071
1.8460228
1.8460414
1.8460634
1.8460891
1.846117
1.8461338
1.8460886
1.8457903
1.8446559
1.8415779
1.8352875
1.8257778
1.8147231
1.8043466
1.7968058
1.7943124
1.797337
1.8060141
1.8180299
1.8295085
1.8377752
1.8423422
1.8442517
1.8447308
1.8453359
1.8542528
1.918059
2.2762154
1.8459275
1.8459293
1.8459316
1.8459341
1.8459372
1.8459412
1.8459462
1.8459525
1.8459601
1.8459694
1.8459804
1.8459934
1.8460087
1.8460268
1.8460481
1.8460732
1.8461018
1.8461268
1.8461099
1.8459418
1.845194
1.8430013
1.8381818
1.8302936
1.8205585
1.811071
1.8040655
1.8016649
1.8042145
1.8117197
1.8221
1.8319455
1.8389782
1.8428295
1.8444164
1.8447832
1.8453574
1.8542454
1.9179368
2.2757744
1.8459136
1.8459154
1.8459176
1.8459201
1.8459231
1.845927
1.845932
1.8459381
1.8459456
1.8459546
1.8459653
1.8459779
1.8459928
1.8460103
1.8460308
1.8460551
1.8460833
1.8461118
1.8461165
1.846024
1.845554
1.8440436
1.8404824
1.834187
1.8259246
1.8175289
1.8111797
1.8088758
1.8109278
1.8172477
1.8260176
1.8342771
1.8401213
1.8432878
1.8445678
1.8448292
1.8453748
1.8542393
1.9178338
2.2753761
1.8458983
1.8459001
1.8459022
1.8459046
1.8459076
1.8459114
1.8459162
1.8459222
1.8459295
1.8459382
1.8459486
1.8459609
1.8459752
1.845992
1.8460118
1.8460351
1.8460623
1.8460919
1.8461107
1.8460622
1.8457855
1.844777
1.8422331
1.8373959
1.830632
1.8234428
1.8178419
1.8156655
1.8172421
1.8224233
1.8296623
1.8364307
1.8411682
1.8437026
1.8447019
1.8448686
1.8453879
1.854236
1.9177503
2.2750292
1.8458817
1.8458834
1.8458855
1.8458878
1.8458907
1.8458945
1.8458991
1.8459049
1.845912
1.8459205
1.8459305
1.8459423
1.8459561
1.8459723
1.8459911
1.8460134
1.8460394
1.8460686
1.8460939
1.8460749
1.8459192
1.8452711
1.8435113
1.8399308
1.8345833
1.8286244
1.8238207
1.8218138
1.8229694
1.8271061
1.8329393
1.8383507
1.8420922
1.844064
1.844816
1.8449008
1.8453972
1.8542349
1.9176879
2.2747394
1.8458638
1.8458655
1.8458675
1.8458698
1.8458726
1.8458762
1.8458808
1.8458864
1.8458932
1.8459014
1.8459111
1.8459224
1.8459357
1.8459511
1.8459691
1.8459902
1.8460149
1.846043
1.8460709
1.8460756
1.8459845
1.8455904
1.8444095
1.841851
1.8377642
1.8329804
1.8289761
1.8271793
1.8279854
1.8312027
1.8357875
1.8400038
1.8428785
1.844367
1.8449089
1.8449252
1.8454034
1.8542368
1.917659
2.2745032
1.8458448
1.8458464
1.8458484
1.8458507
1.8458534
1.8458569
1.8458612
1.8458667
1.8458733
1.8458811
1.8458905
1.8459013
1.845914
1.8459286
1.8459457
1.8459657
1.845989
1.8460157
1.8460438
1.8460603
1.8460112
1.8457852
1.8450157
1.8432465
1.8402251
1.8365025
1.8332607
1.8316999
1.8322321
1.8346694
1.838181
1.841378
1.8435236
1.8446114
1.8449811
1.8449419
1.8454068
1.8542417
1.9176505
2.2743354
1.8458247
1.8458263
1.8458283
1.8458304
1.8458331
1.8458364
1.8458407
1.8458459
1.8458522
1.8458598
1.8458687
1.8458791
1.8458911
1.8459051
1.8459212
1.8459401
1.845962
1.8459869
1.8460141
1.8460362
1.8460184
1.8458848
1.845407
1.8442212
1.842058
1.8392476
1.8367001
1.835384
1.835712
1.8375088
1.840126
1.8424813
1.8440338
1.8448007
1.8450346
1.8449512
1.845408
1.8542487
1.917655
2.2742607
1.8458037
1.8458053
1.8458072
1.8458093
1.8458118
1.845815
1.8458191
1.8458241
1.8458301
1.8458374
1.8458459
1.8458558
1.8458673
1.8458805
1.8458957
1.8459135
1.8459339
1.8459572
1.8459828
1.8460068
1.8460088
1.8459287
1.8456503
1.844874
1.843373
1.8413123
1.8393622
1.8382905
1.8384738
1.8397602
1.8416545
1.8433367
1.8444225
1.8449412
1.8450718
1.8449548
1.8454069
1.854258
1.9176827
2.2742422
1.8457818
1.8457833
1.8457852
1.8457872
1.8457896
1.8457927
1.8457966
1.8458014
1.8458072
1.8458141
1.8458222
1.8458316
1.8458425
1.8458549
1.8458693
1.845886
1.845905
1.8459265
1.8459503
1.845974
1.8459858
1.8459418
1.8457774
1.8452905
1.8442822
1.8428124
1.8413581
1.8405122
1.8405978
1.8414886
1.8428159
1.8439765
1.8447073
1.8450405
1.845095
1.8449547
1.8454033
1.8542694
1.9177287
2.2742653
1.8457592
1.8457606
1.8457624
1.8457643
1.8457666
1.8457696
1.8457733
1.8457779
1.8457834
1.84579
1.8457977
1.8458066
1.8458169
1.8458286
1.8458421
1.8458577
1.8458754
1.8458952
1.845917
1.8459395
1.8459558
1.8459401
1.8458347
1.8455479
1.8448859
1.8438647
1.8428075
1.8421582
1.8421804
1.8427727
1.8436685
1.8444379
1.8449075
1.8451069
1.8451066
1.8449496
1.8453978
1.8542825
1.9177914
2.2743455
1.8457357
1.8457371
1.8457389
1.8457407
1.8457429
1.8457457
1.8457493
1.8457536
1.8457589
1.8457651
1.8457724
1.8457808
1.8457905
1.8458016
1.8458143
1.8458288
1.8458452
1.8458634
1.8458832
1.8459038
1.8459214
1.8459196
1.8458542
1.845681
1.8452675
1.8445764
1.843826
1.8433391
1.8433216
1.843695
1.8442723
1.8447577
1.8450415
1.8451465
1.8451109
1.8449411
1.8453907
1.8542971
1.9178688
2.274482
1.8457117
1.845713
1.8457147
1.8457164
1.8457185
1.8457212
1.8457246
1.8457287
1.8457337
1.8457396
1.8457465
1.8457544
1.8457635
1.8457739
1.8457858
1.8457993
1.8458144
1.845831
1.845849
1.8458677
1.8458847
1.8458903
1.8458574
1.8457414
1.845494
1.8450379
1.8445166
1.8441582
1.8441157
1.8443342
1.8446834
1.8449697
1.8451265
1.8451659
1.8451101
1.8449302
1.8453821
1.8543127
1.9179589
2.274666
1.845687
1.8456883
1.8456899
1.8456916
1.8456936
1.8456961
1.8456993
1.8457032
1.8457079
1.8457135
1.84572
1.8457275
1.845736
1.8457457
1.8457568
1.8457694
1.8457833
1.8457984
1.8458145
1.8458312
1.8458469
1.8458557
1.8458405
1.8457626
1.8456062
1.8453245
1.8449667
1.844705
1.8446473
1.8447594
1.8449513
1.8451034
1.8451726
1.8451736
1.8451034
1.8449174
1.8453723
1.8543292
1.9180594
2.2748916
1.8456618
1.8456631
1.8456646
1.8456662
1.8456681
1.8456705
1.8456735
1.8456772
1.8456817
1.8456869
1.845693
1.8457
1.845708
1.8457171
1.8457274
1.845739
1.8457518
1.8457655
1.84578
1.8457947
1.8458087
1.8458181
1.8458121
1.8457666
1.845655
1.8454767
1.8452448
1.8450529
1.8449867
1.8450288
1.8451166
1.8451772
1.8451938
1.8451755
1.845093
1.8449031
1.8453614
1.8543461
1.9181687
2.2751534
1.8456362
1.8456374
1.8456388
1.8456403
1.8456422
1.8456444
1.8456473
1.8456508
1.8456549
1.8456599
1.8456656
1.8456721
1.8456796
1.8456881
1.8456977
1.8457084
1.8457201
1.8457325
1.8457453
1.8457583
1.8457704
1.8457792
1.8457777
1.8457514
1.8456708
1.8455481
1.8453937
1.8452587
1.8451908
1.8451858
1.8452049
1.8452127
1.8452012
1.8451698
1.8450799
1.8448876
1.8453494
1.8543631
1.9182847
2.2754458
1.8456101
1.8456113
1.8456127
1.8456141
1.8456158
1.845618
1.8456206
1.8456239
1.8456278
1.8456325
1.8456378
1.8456439
1.8456509
1.8456588
1.8456677
1.8456775
1.8456882
1.8456993
1.8457107
1.845722
1.8457323
1.8457399
1.8457401
1.8457242
1.8456729
1.8455763
1.8454642
1.8453615
1.8452954
1.8452638
1.8452471
1.8452274
1.8452025
1.8451595
1.845065
1.8448712
1.8453366
1.85438
1.9184059
2.2757637
1.8455837
1.8455849
1.8455862
1.8455875
1.8455891
1.8455912
1.8455937
1.8455967
1.8456004
1.8456047
1.8456097
1.8456154
1.8456219
1.8456293
1.8456375
1.8456465
1.8456561
1.8456661
1.8456762
1.8456859
1.8456945
1.8457007
1.8457012
1.8456904
1.8456563
1.8455834
1.8454929
1.8454088
1.8453445
1.8452995
1.8452644
1.8452314
1.8451951
1.8451459
1.8450489
1.844854
1.8453229
1.8543965
1.9185307
2.2761022
1.8455571
1.8455582
1.8455594
1.8455607
1.8455622
1.8455641
1.8455664
1.8455693
1.8455727
1.8455768
1.8455814
1.8455867
1.8455928
1.8455996
1.8456071
1.8456154
1.8456241
1.845633
1.8456418
1.8456501
1.8456571
1.8456618
1.8456618
1.8456533
1.8456287
1.8455778
1.8455007
1.845427
1.8453644
1.8453131
1.8452692
1.8452276
1.8451825
1.8451302
1.845032
1.8448362
1.8453085
1.8544125
1.9186578
2.2764566
1.8455302
1.8455312
1.8455324
1.8455336
1.845535
1.8455368
1.845539
1.8455416
1.8455448
1.8455486
1.8455529
1.8455578
1.8455635
1.8455697
1.8455767
1.8455842
1.845592
1.8455999
1.8456076
1.8456145
1.8456202
1.8456234
1.8456226
1.8456149
1.8455951
1.8455569
1.8454989
1.8454315
1.8453697
1.8453162
1.8452661
1.8452155
1.8451666
1.845113
1.8450143
1.8448178
1.8452933
1.8544277
1.9187859
2.2768229
1.8455031
1.8455041
1.8455052
1.8455064
1.8455077
1.8455093
1.8455114
1.8455138
1.8455168
1.8455203
1.8455243
1.8455288
1.8455341
1.8455399
1.8455462
1.845553
1.8455601
1.845567
1.8455736
1.8455793
1.8455837
1.8455857
1.8455839
1.8455762
1.8455588
1.8455274
1.8454807
1.845424
1.8453656
1.8453087
1.8452526
1.8451985
1.8451485
1.845095
1.844996
1.8447989
1.8452775
1.8544421
1.918914
2.2771973
1.8454759
1.8454768
1.8454779
1.845479
1.8454802
1.8454817
1.8454836
1.8454859
1.8454887
1.8454919
1.8454956
1.8454998
1.8455047
1.84551
1.8455158
1.8455219
1.8455282
1.8455342
1.8455398
1.8455445
1.8455477
1.8455485
1.8455458
1.8455377
1.8455214
1.8454938
1.8454536
1.8454034
1.8453481
1.8452907
1.8452333
1.8451788
1.8451292
1.8450763
1.8449774
1.8447797
1.8452611
1.8544555
1.9190411
2.2775764
1.8454486
1.8454495
1.8454505
1.8454515
1.8454526
1.8454541
1.8454558
1.8454579
1.8454605
1.8454635
1.8454669
1.8454708
1.8454753
1.8454801
1.8454854
1.8454909
1.8454965
1.8455017
1.8455064
1.8455101
1.8455122
1.845512
1.8455084
1.8454997
1.8454839
1.8454584
1.8454221
1.8453761
1.8453236
1.8452675
1.8452109
1.8451575
1.8451093
1.8450572
1.8449584
1.84476
1.8452441
1.8544678
1.9191666
2.2779574
1.8454212
1.8454221
1.8454231
1.845424
1.8454251
1.8454264
1.845428
1.8454299
1.8454323
1.8454351
1.8454382
1.8454418
1.8454459
1.8454504
1.8454551
1.8454601
1.8454649
1.8454694
1.8454733
1.845476
1.8454772
1.8454761
1.8454717
1.8454625
1.8454468
1.8454226
1.8453888
1.8453459
1.8452959
1.8452419
1.8451871
1.8451355
1.8450888
1.8450378
1.8449391
1.8447401
1.8452266
1.8544789
1.9192896
2.2783377
1.8453939
1.8453947
1.8453957
1.8453965
1.8453975
1.8453987
1.8454002
1.845402
1.8454041
1.8454067
1.8454096
1.8454129
1.8454167
1.8454207
1.845425
1.8454294
1.8454336
1.8454374
1.8454405
1.8454424
1.8454427
1.8454408
1.8454357
1.845426
1.8454103
1.845387
1.845355
1.8453144
1.8452669
1.8452152
1.8451627
1.8451132
1.8450682
1.8450182
1.8449197
1.8447199
1.8452087
1.8544888
1.9194098
2.278715
1.8453666
1.8453674
1.8453683
1.8453691
1.8453699
1.845371
1.8453724
1.8453741
1.8453761
1.8453784
1.8453811
1.8453841
1.8453876
1.8453912
1.845395
1.8453989
1.8454025
1.8454057
1.845408
1.8454092
1.8454088
1.8454062
1.8454004
1.8453904
1.8453747
1.845352
1.8453213
1.8452827
1.8452375
1.8451882
1.845138
1.8450907
1.8450474
1.8449984
1.8449001
1.8446995
1.8451903
1.8544975
1.9195265
2.2790875
1.8453393
1.8453401
1.8453409
1.8453417
1.8453425
1.8453435
1.8453448
1.8453463
1.8453481
1.8453503
1.8453527
1.8453555
1.8453586
1.8453619
1.8453653
1.8453687
1.8453717
1.8453743
1.845376
1.8453765
1.8453754
1.8453722
1.8453658
1.8453554
1.8453398
1.8453176
1.8452881
1.8452513
1.8452082
1.8451612
1.8451134
1.8450682
1.8450266
1.8449786
1.8448803
1.844679
1.8451716
1.8545049
1.9196396
2.2794536
1.8453122
1.845313
1.8453137
1.8453144
1.8453151
1.8453161
1.8453172
1.8453186
1.8453203
1.8453223
1.8453245
1.845327
1.8453298
1.8453328
1.8453358
1.8453387
1.8453412
1.8453432
1.8453443
1.8453442
1.8453426
1.8453387
1.8453319
1.8453213
1.8453056
1.845284
1.8452556
1.8452203
1.8451793
1.8451345
1.845089
1.8450458
1.8450057
1.8449586
1.8448605
1.8446583
1.8451526
1.8545111
1.9197487
2.2798119
1.8452852
1.8452859
1.8452866
1.8452873
1.845288
1.8452888
1.8452899
1.8452911
1.8452927
1.8452945
1.8452965
1.8452988
1.8453013
1.8453039
1.8453065
1.845309
1.8453111
1.8453125
1.8453131
1.8453125
1.8453102
1.8453059
1.8452987
1.8452878
1.8452723
1.8452511
1.8452237
1.8451899
1.8451507
1.8451081
1.8450647
1.8450234
1.8449848
1.8449386
1.8448406
1.8446375
1.8451333
1.854516
1.9198536
2.2801615
1.8452584
1.8452591
1.8452597
1.8452603
1.8452609
1.8452617
1.8452627
1.8452638
1.8452653
1.8452669
1.8452687
1.8452708
1.845273
1.8452752
1.8452775
1.8452796
1.8452812
1.8452822
1.8452823
1.8452811
1.8452784
1.8452736
1.8452661
1.8452551
1.8452397
1.845219
1.8451925
1.8451601
1.8451227
1.845082
1.8450406
1.8450012
1.844964
1.8449187
1.8448207
1.8446167
1.8451137
1.8545198
1.9199541
2.2805013
1.8452318
1.8452324
1.8452331
1.8452336
1.8452341
1.8452348
1.8452357
1.8452368
1.8452381
1.8452395
1.8452412
1.845243
1.8452449
1.8452469
1.8452488
1.8452505
1.8452517
1.8452523
1.8452519
1.8452503
1.8452472
1.845242
1.8452342
1.845223
1.8452078
1.8451876
1.8451619
1.8451309
1.8450951
1.8450563
1.8450168
1.8449791
1.8449433
1.8448987
1.8448008
1.8445959
1.845094
1.8545223
1.9200503
2.2808308
1.8452054
1.845206
1.8452066
1.8452071
1.8452076
1.8452082
1.845209
1.84521
1.8452111
1.8452124
1.8452139
1.8452155
1.8452172
1.8452189
1.8452205
1.8452218
1.8452226
1.8452228
1.845222
1.84522
1.8452164
1.8452109
1.8452028
1.8451917
1.8451766
1.8451569
1.8451321
1.8451022
1.845068
1.845031
1.8449933
1.8449572
1.8449226
1.8448788
1.844781
1.8445751
1.8450741
1.8545236
1.920142
2.2811492
1.8451792
1.8451798
1.8451804
1.8451808
1.8451813
1.8451818
1.8451826
1.8451834
1.8451845
1.8451856
1.8451869
1.8451883
1.8451897
1.8451911
1.8451924
1.8451934
1.8451939
1.8451937
1.8451926
1.8451901
1.8451862
1.8451804
1.8451722
1.8451609
1.845146
1.8451268
1.8451028
1.8450742
1.8450414
1.8450061
1.8449701
1.8449355
1.8449021
1.844859
1.8447612
1.8445543
1.845054
1.8545239
1.9202291
2.2814563
1.8451534
1.8451539
1.8451544
1.8451549
1.8451553
1.8451558
1.8451564
1.8451572
1.8451581
1.8451591
1.8451602
1.8451614
1.8451626
1.8451638
1.8451648
1.8451655
1.8451656
1.8451651
1.8451636
1.8451608
1.8451566
1.8451505
1.8451421
1.8451309
1.8451162
1.8450974
1.8450742
1.8450467
1.8450153
1.8449816
1.8449471
1.844914
1.8448817
1.8448393
1.8447415
1.8445336
1.8450339
1.8545231
1.9203118
2.2817518
1.8451278
1.8451283
1.8451288
1.8451292
1.8451295
1.84513
1.8451306
1.8451312
1.845132
1.8451329
1.8451338
1.8451348
1.8451359
1.8451368
1.8451375
1.8451379
1.8451378
1.8451369
1.8451351
1.845132
1.8451275
1.8451212
1.8451127
1.8451015
1.845087
1.8450687
1.8450463
1.8450197
1.8449897
1.8449574
1.8449245
1.8448927
1.8448615
1.8448197
1.8447219
1.844513
1.8450137
1.8545212
1.9203901
2.2820355
1.8451025
1.8451031
1.8451035
1.8451039
1.8451042
1.8451046
1.8451051
1.8451056
1.8451063
1.8451071
1.8451078
1.8451087
1.8451095
1.8451101
1.8451106
1.8451108
1.8451103
1.8451092
1.845107
1.8451037
1.8450989
1.8450924
1.8450839
1.8450727
1.8450584
1.8450406
1.8450189
1.8449934
1.8449646
1.8449337
1.8449022
1.8448716
1.8448415
1.8448003
1.8447024
1.8444925
1.8449935
1.8545183
1.9204639
2.2823072
1.8450776
1.8450781
1.8450786
1.8450789
1.8450791
1.8450795
1.8450799
1.8450804
1.845081
1.8450816
1.8450822
1.8450828
1.8450834
1.8450839
1.8450842
1.8450841
1.8450834
1.8450819
1.8450795
1.8450759
1.8450709
1.8450643
1.8450556
1.8450445
1.8450305
1.8450131
1.8449921
1.8449675
1.8449399
1.8449103
1.8448802
1.8448508
1.8448217
1.8447811
1.8446831
1.8444722
1.8449732
1.8545145
1.9205334
2.2825671
1.8450531
1.8450536
1.845054
1.8450542
1.8450544
1.8450547
1.8450551
1.8450555
1.845056
1.8450564
1.8450569
1.8450574
1.8450578
1.8450581
1.8450581
1.8450578
1.8450569
1.8450552
1.8450525
1.8450487
1.8450435
1.8450367
1.845028
1.845017
1.8450032
1.8449863
1.8449659
1.8449423
1.8449157
1.8448874
1.8448585
1.8448303
1.8448021
1.844762
1.844664
1.844452
1.844953
1.8545097
1.9205986
2.2828149
1.8450289
1.8450294
1.8450298
1.84503
1.8450301
1.8450304
1.8450306
1.845031
1.8450313
1.8450317
1.845032
1.8450324
1.8450326
1.8450327
1.8450325
1.845032
1.8450308
1.8450289
1.845026
1.845022
1.8450166
1.8450097
1.845001
1.8449901
1.8449765
1.84496
1.8449403
1.8449175
1.8448921
1.8448649
1.8448371
1.8448101
1.8447827
1.8447432
1.8446451
1.844432
1.8449329
1.8545041
1.9206596
2.2830508
1.8450052
1.8450056
1.8450059
1.8450061
1.8450062
1.8450064
1.8450066
1.8450068
1.8450071
1.8450074
1.8450076
1.8450078
1.8450078
1.8450077
1.8450074
1.8450066
1.8450053
1.8450031
1.845
1.8449958
1.8449903
1.8449833
1.8449746
1.8449637
1.8449504
1.8449343
1.8449153
1.8448933
1.8448688
1.8448427
1.8448162
1.8447901
1.8447636
1.8447246
1.8446264
1.8444123
1.8449128
1.8544976
1.9207165
2.2832749
1.8449818
1.8449822
1.8449825
1.8449826
1.8449827
1.8449828
1.844983
1.8449831
1.8449833
1.8449834
1.8449835
1.8449836
1.8449835
1.8449832
1.8449827
1.8449817
1.8449802
1.8449778
1.8449745
1.8449702
1.8449645
1.8449575
1.8449488
1.844938
1.844925
1.8449093
1.8448908
1.8448696
1.8448461
1.844821
1.8447955
1.8447705
1.8447448
1.8447062
1.8446079
1.8443927
1.8448928
1.8544903
1.9207692
2.2834871
1.8449588
1.8449592
1.8449595
1.8449596
1.8449596
1.8449597
1.8449597
1.8449598
1.8449599
1.8449599
1.8449599
1.8449598
1.8449596
1.8449592
1.8449585
1.8449574
1.8449556
1.8449531
1.8449496
1.8449451
1.8449393
1.8449322
1.8449235
1.8449129
1.8449001
1.8448848
1.8448669
1.8448465
1.8448238
1.8447998
1.8447753
1.8447512
1.8447262
1.8446881
1.8445897
1.8443734
1.8448729
1.8544822
1.9208179
2.2836876
1.8449363
1.8449366
1.8449369
1.8449369
1.8449369
1.8449369
1.8449369
1.844937
1.844937
1.8449369
1.8449367
1.8449365
1.8449362
1.8449356
1.8449348
1.8449335
1.8449315
1.8449289
1.8449252
1.8449206
1.8449147
1.8449076
1.8448989
1.8448884
1.8448758
1.8448609
1.8448436
1.8448238
1.844802
1.8447789
1.8447554
1.8447322
1.844708
1.8446703
1.8445718
1.8443544
1.8448531
1.8544733
1.9208626
2.2838763
1.8449142
1.8449145
1.8449147
1.8449147
1.8449147
1.8449146
1.8449146
1.8449145
1.8449144
1.8449143
1.844914
1.8449137
1.8449132
1.8449125
1.8449115
1.8449101
1.844908
1.8449051
1.8449014
1.8448966
1.8448907
1.8448835
1.8448748
1.8448645
1.8448521
1.8448376
1.8448208
1.8448017
1.8447807
1.8447585
1.8447359
1.8447136
1.8446901
1.8446528
1.8445541
1.8443356
1.8448335
1.8544637
1.9209034
2.2840535
1.8448925
1.8448928
1.844893
1.844893
1.8448929
1.8448928
1.8448927
1.8448925
1.8448924
1.8448921
1.8448918
1.8448914
1.8448908
1.8448899
1.8448888
1.8448872
1.8448849
1.844882
1.8448781
1.8448732
1.8448672
1.84486
1.8448514
1.8448411
1.844829
1.8448149
1.8447986
1.8447801
1.8447599
1.8447386
1.8447168
1.8446953
1.8446724
1.8446355
1.8445368
1.8443172
1.8448141
1.8544534
1.9209403
2.2842191
1.8448713
1.8448716
1.8448717
1.8448717
1.8448715
1.8448714
1.8448712
1.844871
1.8448708
1.8448705
1.84487
1.8448695
1.8448688
1.8448678
1.8448665
1.8448648
1.8448624
1.8448593
1.8448553
1.8448503
1.8448442
1.844837
1.8448285
1.8448184
1.8448065
1.8447927
1.8447769
1.8447591
1.8447396
1.8447191
1.8446982
1.8446774
1.8446552
1.8446186
1.8445197
1.844299
1.8447948
1.8544424
1.9209732
2.284373
1.8448506
1.8448508
1.8448509
1.8448508
1.8448507
1.8448505
1.8448502
1.84485
1.8448497
1.8448493
1.8448487
1.8448481
1.8448473
1.8448462
1.8448448
1.8448429
1.8448404
1.8448372
1.8448331
1.844828
1.8448219
1.8448147
1.8448062
1.8447962
1.8447846
1.8447711
1.8447558
1.8447385
1.8447198
1.8447
1.8446799
1.8446599
1.8446383
1.8446021
1.844503
1.8442812
1.8447758
1.8544307
1.9210021
2.2845151
1.8448303
1.8448305
1.8448306
1.8448305
1.8448303
1.84483
1.8448297
1.8448294
1.844829
1.8448285
1.8448279
1.8448272
1.8448263
1.8448251
1.8448236
1.8448216
1.844819
1.8448157
1.8448114
1.8448063
1.8448001
1.8447929
1.8447845
1.8447746
1.8447632
1.8447501
1.8447352
1.8447185
1.8447004
1.8446814
1.844662
1.8446428
1.8446217
1.8445858
1.8444867
1.8442637
1.8447569
1.8544182
1.9210271
2.2846454
1.8448105
1.8448107
1.8448107
1.8448106
1.8448103
1.84481
1.8448097
1.8448093
1.8448089
1.8448083
1.8448077
1.8448068
1.8448058
1.8448045
1.8448029
1.8448008
1.8447981
1.8447946
1.8447903
1.8447851
1.8447789
1.8447717
1.8447633
1.8447536
1.8447425
1.8447297
1.8447152
1.8446991
1.8446816
1.8446632
1.8446446
1.844626
1.8446055
1.84457
1.8444706
1.8442466
1.8447382
1.854405
1.9210481
2.2847638
1.8447912
1.8447913
1.8447914
1.8447912
1.8447909
1.8447906
1.8447902
1.8447898
1.8447893
1.8447886
1.8447879
1.844787
1.8447859
1.8447845
1.8447828
1.8447806
1.8447777
1.8447742
1.8447698
1.8447645
1.8447583
1.8447511
1.8447428
1.8447332
1.8447223
1.8447098
1.8446957
1.8446801
1.8446633
1.8446456
1.8446276
1.8446097
1.8445897
1.8445545
1.844455
1.8442298
1.8447197
1.8543911
1.921065
2.28487
1.8447724
1.8447725
1.8447725
1.8447723
1.844772
1.8447716
1.8447712
1.8447707
1.8447701
1.8447694
1.8447686
1.8447677
1.8447665
1.844765
1.8447632
1.8447608
1.8447579
1.8447543
1.8447499
1.8447445
1.8447383
1.8447311
1.8447229
1.8447134
1.8447027
1.8446905
1.8446768
1.8446617
1.8446454
1.8446284
1.8446111
1.8445937
1.8445743
1.8445394
1.8444397
1.8442134
1.8447015
1.8543764
1.9210777
2.2849636
1.8447541
1.8447542
1.8447542
1.8447539
1.8447536
1.8447531
1.8447527
1.8447521
1.8447515
1.8447508
1.8447499
1.8447489
1.8447476
1.844746
1.8447441
1.8447417
1.8447387
1.844735
1.8447305
1.8447251
1.8447189
1.8447117
1.8447035
1.8446942
1.8446837
1.8446718
1.8446585
1.8446439
1.8446281
1.8446116
1.8445949
1.8445782
1.8445592
1.8445246
1.8444248
1.8441973
1.8446834
1.854361
1.9210857
2.2850443
1.8447363
1.8447364
1.8447363
1.8447361
1.8447357
1.8447352
1.8447347
1.8447341
1.8447335
1.8447327
1.8447317
1.8447306
1.8447292
1.8447276
1.8447256
1.8447231
1.84472
1.8447162
1.8447117
1.8447063
1.8447
1.8446929
1.8446848
1.8446756
1.8446653
1.8446537
1.8446407
1.8446265
1.8446113
1.8445954
1.8445793
1.8445631
1.8445446
1.8445103
1.8444103
1.8441817
1.8446656
1.8543446
1.9210894
2.2851116
1.844719
1.8447191
1.844719
1.8447187
1.8447183
1.8447178
1.8447173
1.8447166
1.8447159
1.8447151
1.8447141
1.8447129
1.8447115
1.8447097
1.8447076
1.8447051
1.8447019
1.8446981
1.8446934
1.844688
1.8446818
1.8446746
1.8446666
1.8446576
1.8446475
1.8446361
1.8446235
1.8446097
1.844595
1.8445796
1.8445641
1.8445485
1.8445304
1.8444964
1.8443962
1.8441664
1.8446479
1.8543274
1.9210887
2.285165
1.8447023
1.8447024
1.8447023
1.844702
1.8447015
1.844701
1.8447004
1.8446997
1.8446989
1.844698
1.844697
1.8446957
1.8446942
1.8446924
1.8446903
1.8446876
1.8446844
1.8446805
1.8446758
1.8446704
1.8446641
1.844657
1.8446491
1.8446402
1.8446302
1.8446191
1.8446069
1.8445935
1.8445792
1.8445644
1.8445494
1.8445342
1.8445167
1.8444829
1.8443825
1.8441515
1.8446305
1.8543091
1.9210827
2.2852031
1.8446861
1.8446862
1.844686
1.8446857
1.8446852
1.8446846
1.844684
1.8446833
1.8446825
1.8446815
1.8446804
1.8446791
1.8446776
1.8446757
1.8446735
1.8446708
1.8446675
1.8446635
1.8446588
1.8446533
1.844647
1.84464
1.8446321
1.8446233
1.8446136
1.8446027
1.8445908
1.8445778
1.844564
1.8445496
1.8445351
1.8445205
1.8445033
1.8444698
1.8443693
1.844137
1.8446132
1.8542898
1.9210715
2.2852234
1.8446705
1.8446705
1.8446704
1.84467
1.8446695
1.8446689
1.8446682
1.8446675
1.8446666
1.8446656
1.8446644
1.8446631
1.8446615
1.8446595
1.8446572
1.8446545
1.8446511
1.8446471
1.8446423
1.8446368
1.8446306
1.8446236
1.8446158
1.8446071
1.8445975
1.8445869
1.8445753
1.8445627
1.8445493
1.8445354
1.8445214
1.8445072
1.8444904
1.8444571
1.8443564
1.8441229
1.844596
1.8542693
1.9210547
2.2852307
1.8446554
1.8446554
1.8446552
1.8446548
1.8446543
1.8446537
1.844653
1.8446522
1.8446513
1.8446502
1.844649
1.8446476
1.8446459
1.844644
1.8446416
1.8446387
1.8446353
1.8446313
1.8446265
1.844621
1.8446147
1.8446078
1.8446
1.8445915
1.8445821
1.8445717
1.8445604
1.8445481
1.8445351
1.8445217
1.8445081
1.8444943
1.844478
1.8444448
1.844344
1.8441092
1.844579
1.8542474
1.9210319
2.285221
1.8446408
1.8446408
1.8446407
1.8446402
1.8446397
1.844639
1.8446383
1.8446374
1.8446365
1.8446354
1.8446342
1.8446327
1.844631
1.8446289
1.8446265
1.8446236
1.8446202
1.844616
1.8446112
1.8446057
1.8445995
1.8445925
1.8445849
1.8445765
1.8445672
1.8445571
1.844546
1.8445341
1.8445215
1.8445084
1.8444953
1.8444819
1.8444659
1.844433
1.8443319
1.8440959
1.8445619
1.854224
1.9210024
2.2851909
1.8446268
1.8446268
1.8446266
1.8446261
1.8446255
1.8446248
1.8446241
1.8446232
1.8446223
1.8446211
1.8446198
1.8446183
1.8446165
1.8446144
1.844612
1.844609
1.8446055
1.8446014
1.8445965
1.844591
1.8445848
1.8445779
1.8445703
1.844562
1.8445529
1.844543
1.8445322
1.8445206
1.8445083
1.8444957
1.8444829
1.8444699
1.8444542
1.8444215
1.8443202
1.8440828
1.8445448
1.8541988
1.9209658
2.2851402
1.8446132
1.8446132
1.844613
1.8446125
1.8446119
1.8446112
1.8446104
1.8446095
1.8446085
1.8446073
1.844606
1.8446044
1.8446026
1.8446005
1.8445979
1.844595
1.8445914
1.8445872
1.8445824
1.8445768
1.8445706
1.8445638
1.8445563
1.8445481
1.8445392
1.8445294
1.8445189
1.8445076
1.8444957
1.8444833
1.8444709
1.8444583
1.8444429
1.8444103
1.8443088
1.8440699
1.8445275
1.8541715
1.9209213
2.2850677
1.8446
1.8445999
1.8445997
1.8445992
1.8445986
1.8445978
1.844597
1.8445961
1.8445951
1.8445939
1.8445925
1.8445909
1.8445891
1.8445869
1.8445843
1.8445813
1.8445777
1.8445735
1.8445687
1.8445631
1.844557
1.8445502
1.8445428
1.8445347
1.8445259
1.8445163
1.844506
1.844495
1.8444834
1.8444714
1.8444592
1.8444469
1.8444317
1.8443992
1.8442974
1.8440571
1.8445097
1.8541417
1.9208681
2.2849712
1.8445868
1.8445868
1.8445865
1.844586
1.8445854
1.8445846
1.8445838
1.8445828
1.8445818
1.8445806
1.8445792
1.8445776
1.8445757
1.8445735
1.8445709
1.8445679
1.8445643
1.8445601
1.8445552
1.8445497
1.8445436
1.8445369
1.8445295
1.8445215
1.8445129
1.8445035
1.8444934
1.8444826
1.8444712
1.8444595
1.8444476
1.8444355
1.8444204
1.844388
1.8442858
1.8440438
1.844491
1.8541084
1.9208044
2.2848483
1.8445734
1.8445733
1.8445731
1.8445726
1.8445719
1.8445711
1.8445702
1.8445693
1.8445683
1.8445671
1.8445657
1.8445641
1.8445622
1.84456
1.8445574
1.8445544
1.8445508
1.8445466
1.8445418
1.8445363
1.8445302
1.8445236
1.8445163
1.8445085
1.8444999
1.8444907
1.8444808
1.8444702
1.844459
1.8444475
1.8444358
1.8444237
1.8444087
1.8443762
1.8442735
1.8440297
1.8444707
1.8540705
1.9207275
2.2846948
1.8445589
1.8445589
1.8445586
1.8445581
1.8445574
1.8445567
1.8445558
1.8445549
1.8445539
1.8445527
1.8445513
1.8445497
1.8445479
1.8445457
1.8445432
1.8445402
1.8445367
1.8445325
1.8445278
1.8445224
1.8445164
1.8445099
1.8445028
1.844495
1.8444866
1.8444775
1.8444677
1.8444573
1.8444462
1.8444347
1.844423
1.8444109
1.8443958
1.844363
1.8442598
1.8440139
1.8444478
1.8540262
1.9206335
2.2845035
1.8445424
1.8445424
1.8445421
1.8445416
1.8445409
1.8445402
1.8445394
1.8445385
1.8445375
1.8445364
1.8445351
1.8445336
1.8445318
1.8445298
1.8445273
1.8445244
1.8445211
1.8445171
1.8445125
1.8445072
1.8445014
1.844495
1.8444881
1.8444805
1.8444723
1.8444633
1.8444536
1.8444431
1.844432
1.8444204
1.8444086
1.8443962
1.8443807
1.8443475
1.8442433
1.843995
1.8444209
1.8539742
1.9205188
2.2842629
1.8445222
1.8445222
1.844522
1.8445215
1.8445209
1.8445202
1.8445194
1.8445186
1.8445178
1.8445167
1.8445156
1.8445142
1.8445126
1.8445108
1.8445085
1.8445059
1.8445027
1.844499
1.8444946
1.8444897
1.8444841
1.844478
1.8444713
1.844464
1.8444559
1.844447
1.8444373
1.8444268
1.8444155
1.8444036
1.8443913
1.8443784
1.8443622
1.8443282
1.8442228
1.8439715
1.8443884
1.8539127
1.9203811
2.283965
1.8444965
1.8444965
1.8444963
1.8444959
1.8444953
1.8444947
1.8444941
1.8444934
1.8444927
1.8444919
1.844491
1.8444899
1.8444886
1.8444871
1.8444852
1.8444829
1.8444802
1.8444768
1.8444729
1.8444684
1.8444633
1.8444576
1.8444513
1.8444443
1.8444365
1.8444278
1.8444181
1.8444074
1.8443958
1.8443833
1.8443702
1.8443563
1.8443391
1.8443038
1.8441967
1.843942
1.8443484
1.85384
1.9202201
2.2836079
1.8444634
1.8444634
1.8444633
1.844463
1.8444626
1.8444621
1.8444617
1.8444613
1.8444608
1.8444603
1.8444598
1.8444591
1.8444582
1.8444571
1.8444558
1.8444541
1.844452
1.8444493
1.8444461
1.8444423
1.8444379
1.8444329
1.8444273
1.8444208
1.8444135
1.8444053
1.8443958
1.8443851
1.8443731
1.8443599
1.8443456
1.8443302
1.8443113
1.8442741
1.8441646
1.8439057
1.8443005
1.8537565
1.9200374
2.2831945
1.8444242
1.8444243
1.8444242
1.8444241
1.8444239
1.8444237
1.8444236
1.8444236
1.8444237
1.8444238
1.8444239
1.8444241
1.8444241
1.8444242
1.844424
1.8444237
1.8444232
1.8444222
1.8444209
1.844419
1.8444167
1.8444138
1.8444102
1.8444058
1.8444002
1.8443932
1.8443847
1.8443745
1.8443625
1.8443489
1.8443338
1.8443172
1.8442966
1.8442573
1.8441447
1.8438797
1.8442588
1.8536679
1.91984
2.2827348
1.8444054
1.8444055
1.8444055
1.8444054
1.8444054
1.8444055
1.8444058
1.8444062
1.8444067
1.8444073
1.8444081
1.8444089
1.8444098
1.8444107
1.8444115
1.8444123
1.8444129
1.8444132
1.8444132
1.8444128
1.844412
1.8444106
1.8444086
1.8444057
1.8444017
1.8443962
1.8443891
1.84438
1.8443688
1.8443554
1.8443399
1.8443225
1.8443006
1.8442597
1.844145
1.8438765
1.8442463
1.8536242
1.9196652
2.2822536
1.8444173
1.8444173
1.8444173
1.8444174
1.8444176
1.844418
1.8444186
1.8444195
1.8444206
1.8444219
1.8444235
1.8444253
1.8444273
1.8444295
1.8444319
1.8444344
1.8444371
1.8444398
1.8444425
1.8444451
1.8444475
1.8444498
1.8444515
1.8444525
1.8444524
1.8444508
1.8444473
1.8444416
1.8444332
1.8444219
1.8444078
1.8443908
1.8443686
1.8443264
1.8442091
1.8439354
1.8442925
1.8536348
1.9195909
2.2817984
1.8445335
1.8445333
1.8445331
1.8445332
1.8445336
1.8445343
1.8445354
1.8445368
1.8445385
1.8445405
1.844543
1.8445458
1.8445491
1.8445529
1.8445572
1.8445621
1.8445675
1.8445735
1.84458
1.844587
1.8445945
1.8446024
1.8446103
1.8446179
1.8446249
1.8446307
1.8446347
1.8446363
1.8446349
1.8446298
1.8446209
1.8446077
1.8445878
1.8445463
1.8444277
1.8441496
1.8444959
1.8538061
1.9196534
2.2815805
1.8448913
1.8448906
1.8448899
1.8448898
1.8448902
1.8448912
1.8448926
1.8448944
1.8448966
1.8448993
1.8449024
1.8449062
1.8449108
1.8449162
1.8449226
1.8449302
1.8449392
1.8449496
1.8449615
1.8449751
1.8449902
1.845007
1.845025
1.8450439
1.8450632
1.8450823
1.8451004
1.8451164
1.8451294
1.8451379
1.8451412
1.8451382
1.845126
1.8450892
1.8449721
1.8446916
1.8450301
1.8543157
1.9200601
2.2815881
1.8457524
1.8457511
1.8457493
1.8457486
1.8457488
1.8457497
1.8457513
1.8457532
1.8457553
1.8457581
1.8457613
1.8457654
1.8457709
1.8457776
1.8457861
1.8457967
1.8458099
1.845826
1.8458453
1.8458684
1.8458949
1.8459254
1.8459593
1.8459965
1.8460364
1.8460782
1.8461211
1.8461631
1.8462026
1.846237
1.8462645
1.8462823
1.8462868
1.8462616
1.8461507
1.8458709
1.8462064
1.8554774
1.9211245
2.2821701
1.8475854
1.8475833
1.8475797
1.8475778
1.8475772
1.8475777
1.847579
1.8475803
1.8475813
1.8475833
1.8475854
1.8475887
1.847594
1.847601
1.8476111
1.8476245
1.8476425
1.8476658
1.8476949
1.8477314
1.8477746
1.8478257
1.8478841
1.84795
1.8480227
1.8481014
1.8481849
1.8482704
1.8483551
1.848434
1.8485037
1.8485585
1.8485934
1.8485901
1.8484922
1.8482178
1.8485554
1.8578218
1.9233755
2.2838659
1.8511878
1.8511849
1.8511784
1.8511747
1.8511726
1.8511722
1.8511726
1.8511721
1.8511705
1.85117
1.851169
1.8511693
1.8511726
1.8511783
1.8511885
1.8512042
1.8512272
1.8512593
1.8513012
1.8513562
1.851423
1.8515042
1.8515987
1.8517076
1.8518301
1.8519653
1.8521119
1.8522652
1.852421
1.8525706
1.8527074
1.8528215
1.8529056
1.8529383
1.8528618
1.852598
1.8529412
1.8622074
1.9276635
2.2875357
1.8578559
1.8578527
1.8578422
1.8578358
1.8578315
1.8578295
1.8578284
1.8578246
1.8578181
1.8578128
1.8578057
1.8578
1.8577987
1.8578002
1.8578086
1.8578251
1.8578533
1.8578958
1.8579543
1.8580344
1.858134
1.8582577
1.8584038
1.8585747
1.8587694
1.8589869
1.859226
1.8594793
1.8597402
1.8599942
1.8602307
1.8604324
1.8605888
1.8606747
1.8606285
1.8603799
1.8607265
1.869981
1.9353098
2.294512
1.8696353
1.8696328
1.8696172
1.8696075
1.8696005
1.8695964
1.8695932
1.8695842
1.8695696
1.8695565
1.8695394
1.8695235
1.8695141
1.8695081
1.8695117
1.8695273
1.8695603
1.8696152
1.869695
1.8698086
1.8699526
1.8701345
1.8703516
1.8706081
1.8709028
1.8712346
1.8716023
1.8719948
1.8724022
1.8728016
1.8731762
1.8734985
1.8737531
1.873911
1.8739026
1.8736709
1.874007
1.8832091
1.9483364
2.3068235
1.8896956
1.8896953
1.8896738
1.8896607
1.8896506
1.8896445
1.8896389
1.8896229
1.8895965
1.889572
1.8895401
1.8895089
1.8894873
1.8894694
1.8894647
1.889477
1.8895145
1.8895843
1.8896907
1.889848
1.8900507
1.8903095
1.8906209
1.8909909
1.8914181
1.8919011
1.8924392
1.893016
1.8936171
1.8942076
1.8947626
1.8952405
1.895619
1.895867
1.8958992
1.8956808
1.8959743
1.9050383
1.9698232
2.3275891
1.9229417
1.922946
1.9229179
1.9229024
1.9228896
1.922882
1.9228748
1.9228494
1.9228067
1.9227671
1.9227148
1.9226623
1.9226243
1.9225894
1.9225724
1.9225787
1.9226204
1.9227077
1.9228471
1.9230603
1.9233379
1.9236956
1.9241274
1.9246422
1.925238
1.9259127
1.9266666
1.9274761
1.9283211
1.9291505
1.9299289
1.9305962
1.9311203
1.9314743
1.9315396
1.9313258
1.9315184
1.9402967
2.0045103
2.3616303
1.9771533
1.9771653
1.9771304
1.9771145
1.9771
1.9770925
1.9770853
1.9770487
1.9769843
1.9769258
1.9768466
1.9767661
1.9767071
1.9766499
1.9766159
1.976613
1.9766584
1.9767663
1.9769453
1.9772281
1.9775988
1.9780794
1.9786601
1.9793533
1.9801559
1.9810643
1.9820815
1.9831737
1.9843141
1.9854296
1.9864721
1.9873591
1.9880416
1.9885151
1.9885909
1.9883694
1.9883697
1.9966364
2.0599448
2.4166516
2.0653558
2.0653788
2.0653368
2.065324
2.0653094
2.0653043
2.0653002
2.0652502
2.0651572
2.0650762
2.0649625
2.0648457
2.0647614
2.0646752
2.0646188
2.0646025
2.0646504
2.0647815
2.0650061
2.0653736
2.0658562
2.0664856
2.067245
2.0681518
2.0692011
2.0703865
2.0717162
2.0731424
2.0746309
2.0760792
2.077423
2.0785567
2.0793983
2.0800065
2.0800481
2.0798087
2.0794874
2.0869226
2.1488833
2.5057165
2.2115025
2.2115397
2.2114891
2.2114846
2.2114713
2.2114709
2.2114746
2.2114079
2.2112761
2.2111686
2.2110102
2.2108458
2.210731
2.2106064
2.2105194
2.2104827
2.2105293
2.2106842
2.210958
2.2114258
2.2120392
2.2128449
2.2138144
2.214973
2.2163128
2.2178228
2.219521
2.221339
2.2232357
2.2250687
2.2267514
2.2281636
2.2291499
2.2299222
2.2298549
2.2296027
2.2287881
2.2349476
2.2950448
2.6531517
2.4666132
2.4666658
2.4666017
2.4666119
2.466599
2.4666043
2.4666211
2.4665308
2.4663421
2.4662022
2.4659818
2.4657503
2.4655962
2.4654157
2.4652826
2.4652107
2.4652457
2.4654195
2.4657397
2.4663236
2.4670856
2.4680994
2.4693161
2.470775
2.4724639
2.4743633
2.4765111
2.4788052
2.4811987
2.4834959
2.4855729
2.4873264
2.4884303
2.4894408
2.4891443
2.488928
2.4873925
2.4916364
2.5493946
2.9113915
2.9689378
2.9689985
2.9689062
2.968938
2.9689166
2.968922
2.9689565
2.9688243
2.9685381
2.9683519
2.9680308
2.9676891
2.9674726
2.9671943
2.9669775
2.966833
2.9668262
2.9669987
2.967346
2.9680639
2.9689935
2.9702652
2.97179
2.9736372
2.9757892
2.97821
2.9809763
2.9839255
2.9870111
2.989957
2.9925662
2.994835
2.9960379
2.9974826
2.9967635
2.9967363
2.994151
2.9955471
3.0507046
3.4229138
4.3352179
4.3352237
4.335055
4.3351121
4.3350395
4.3350112
4.3350563
4.3348167
4.3343055
4.3340175
4.3334697
4.3328787
4.3325114
4.3319929
4.331564
4.3312152
4.3310551
4.3311423
4.3314351
4.3323121
4.3334383
4.3350942
4.3370964
4.339595
4.3425655
4.3459286
4.3498568
4.3540519
4.3584897
4.3627206
4.3664018
4.3697731
4.3712353
4.3736823
4.3722262
4.3728682
4.3685335
4.3653333
4.4182902
4.8130397
)
;

boundaryField
{
    piston
    {
        type            calculated;
        value           nonuniform List<scalar> 
40
(
8.7438938
8.7438938
8.7438938
8.7438938
8.7438938
8.7438938
8.7438938
8.7438938
8.7438938
8.7438938
8.7438938
8.7438937
8.7438937
8.7438937
8.7438936
8.7438936
8.7438935
8.7438935
8.7438934
8.7438933
8.7438932
8.7438931
8.7438931
8.7438931
8.7438931
8.7438929
8.7438925
8.7438921
8.7438918
8.7438916
8.7438914
8.7438912
8.743891
8.7438909
8.7438907
8.7438908
8.7438904
8.7438906
8.74389
8.74389
)
;
    }
    cylinderHead
    {
        type            calculated;
        value           nonuniform List<scalar> 
40
(
8.0779214
8.0779214
8.0779214
8.0779214
8.0779214
8.0779214
8.0779214
8.0779214
8.0779214
8.0779214
8.0779214
8.0779214
8.0779214
8.0779214
8.0779214
8.0779214
8.0779214
8.0779215
8.0779215
8.0779215
8.0779215
8.0779215
8.0779215
8.0779215
8.0779215
8.0779215
8.0779215
8.0779215
8.0779215
8.0779215
8.0779215
8.0779215
8.0779215
8.0779215
8.0779215
8.0779215
8.0779215
8.0779215
8.0779215
8.0779215
)
;
    }
    cylinderWall
    {
        type            calculated;
        value           nonuniform List<scalar> 
120
(
9.8640674
9.8640675
9.8640673
9.8640667
9.864066
9.8640655
9.8640651
9.8640647
9.8640643
9.864064
9.8640637
9.8640633
9.864063
9.8640626
9.8640623
9.864062
9.8640616
9.8640613
9.8640609
9.8640606
9.8640603
9.86406
9.8640596
9.8640593
9.864059
9.8640587
9.8640584
9.8640581
9.8640578
9.8640575
9.8640572
9.8640569
9.8640566
9.8640563
9.8640561
9.8640558
9.8640555
9.8640552
9.8640549
9.8640546
9.8640543
9.864054
9.8640537
9.8640534
9.8640532
9.8640529
9.8640526
9.8640523
9.864052
9.8640518
9.8640515
9.8640512
9.8640509
9.8640507
9.8640504
9.8640502
9.8640499
9.8640497
9.8640494
9.8640492
9.8640489
9.8640487
9.8640485
9.8640482
9.864048
9.8640478
9.8640476
9.8640473
9.8640471
9.8640469
9.8640467
9.8640465
9.8640463
9.8640462
9.864046
9.8640458
9.8640456
9.8640454
9.8640453
9.8640451
9.8640449
9.8640448
9.8640446
9.8640445
9.8640443
9.8640442
9.8640441
9.8640439
9.8640438
9.8640437
9.8640436
9.8640434
9.8640433
9.8640432
9.8640431
9.864043
9.8640429
9.8640428
9.8640427
9.8640426
9.8640426
9.8640425
9.8640424
9.8640423
9.8640423
9.8640422
9.8640422
9.8640421
9.8640421
9.864042
9.864042
9.8640419
9.8640419
9.8640419
9.8640418
9.8640418
9.8640418
9.8640418
9.8640417
9.8640417
)
;
    }
    wedgeFront
    {
        type            wedge;
    }
    wedgeBack
    {
        type            wedge;
    }
    axis
    {
        type            empty;
    }
}


// ************************************************************************* //
