/*--------------------------------*- C++ -*----------------------------------*\
  =========                 |
  \\      /  F ield         | OpenFOAM: The Open Source CFD Toolbox
   \\    /   O peration     | Website:  https://openfoam.org
    \\  /    A nd           | Version:  13
     \\/     M anipulation  |
\*---------------------------------------------------------------------------*/
FoamFile
{
    format      ascii;
    class       volScalarField;
    location    "90";
    object      T;
}
// * * * * * * * * * * * * * * * * * * * * * * * * * * * * * * * * * * * * * //

dimensions      [0 0 0 1 0 0 0];

internalField   nonuniform List<scalar> 
4800
(
1114.0594
1113.0495
1113.0001
1113.2319
1112.9016
1112.4114
1111.3551
1110.3484
1109.9852
1109.0097
1108.1153
1107.6873
1106.0593
1104.001
1102.2812
1100.4812
1099.1694
1100.3539
1107.622
1125.0319
1153.1774
1174.4396
1160.7081
1103.2951
1006.5812
958.71855
1034.3783
1120.3325
1162.3351
1180.5217
1190.8616
1200.5962
1214.2298
1235.1786
1266.5542
1306.0683
1363.2207
1439.675
1465.667
1211.6547
1364.1556
1363.6914
1363.718
1364.0628
1363.5872
1362.8473
1361.1794
1359.599
1359.2014
1357.7338
1356.4713
1355.9926
1353.6533
1350.7285
1348.2917
1345.9139
1344.9291
1348.6717
1362.4756
1389.6946
1425.2804
1441.835
1402.5959
1296.4318
1154.8881
1127.9351
1249.0831
1372.5696
1433.1558
1460.9527
1477.5612
1493.6062
1514.9984
1545.5269
1588.893
1640.1819
1714.6126
1790.0282
1791.2878
1364.2036
1605.8159
1605.9114
1606.0123
1606.3913
1605.7412
1604.6415
1602.4024
1600.301
1599.5972
1597.6782
1596.0643
1595.3408
1592.2718
1588.5268
1585.6743
1583.4066
1583.4148
1591.1232
1611.9188
1644.9297
1674.4194
1663.77
1570.7839
1413.3198
1286.3813
1295.0018
1458.1338
1612.2667
1691.6605
1731.1796
1754.004
1774.908
1800.8309
1835.0785
1881.2726
1931.1408
1999.8078
2040.0405
1987.1916
1455.138
1815.2049
1815.7823
1815.8696
1816.1189
1815.2999
1813.8884
1811.341
1808.9235
1807.7462
1805.4711
1803.4771
1802.1263
1798.4359
1794.1314
1790.94
1789.2214
1791.159
1802.0636
1825.4762
1853.5274
1859.8606
1802.6322
1665.8567
1501.5187
1415.2428
1460.8715
1649.0667
1819.8469
1911.3613
1957.9334
1982.2887
2003.1813
2027.4164
2056.9921
2094.8379
2131.0712
2168.7241
2172.95
2083.7677
1523.3313
1980.2125
1980.5165
1980.5032
1980.5546
1979.647
1978.1107
1975.598
1973.1406
1971.5393
1969.0582
1966.7298
1964.6872
1960.6606
1956.1759
1952.9194
1951.8001
1955.5257
1967.1313
1987.0868
2000.5001
1975.9054
1880.6654
1728.7616
1591.1933
1544.1537
1620.5985
1816.7556
1988.1071
2079.5674
2124.1909
2145.27
2161.6238
2179.759
2199.5588
2220.0693
2236.7221
2251.1597
2237.6505
2131.2928
1583.297
2099.6955
2099.556
2099.411
2099.2803
2098.3828
2096.91
2094.6661
2092.3979
2090.6114
2088.1699
2085.7229
2083.2563
2079.3118
2075.0267
2071.8489
2071.2206
2075.6112
2086.1531
2098.2912
2094.6621
2043.9603
1931.0586
1786.4506
1684.7193
1670.4712
1769.5614
1958.4187
2116.8051
2197.8765
2233.6918
2248.0481
2257.7505
2264.9434
2273.0776
2281.6914
2287.5803
2289.7792
2268.7044
2156.1048
1639.4584
2180.1907
2179.8685
2179.6317
2179.3897
2178.6079
2177.3758
2175.5995
2173.737
2172.0633
2169.9065
2167.6294
2165.1681
2161.6588
2157.8832
2154.975
2154.3318
2158.2114
2166.9817
2171.0289
2152.7408
2086.8288
1970.8839
1846.1642
1777.6696
1789.5637
1901.6819
2074.9813
2210.4962
2275.3352
2299.8685
2306.0705
2306.8174
2306.6986
2308.3271
2310.5627
2310.8811
2307.1979
2283.6931
2171.7396
1692.5058
2231.361
2231.0806
2230.837
2230.5741
2229.9608
2229.0261
2227.7236
2226.3112
2224.9262
2223.1895
2221.2842
2219.1404
2216.2719
2213.1796
2210.6966
2210.0307
2212.7953
2218.384
2217.2917
2189.5697
2117.1608
2009.2435
1907.8844
1865.3575
1897.5714
2013.5068
2166.326
2275.9754
2324.1072
2337.4328
2336.3435
2330.5201
2326.0579
2324.1325
2323.146
2320.7931
2314.6248
2291.0314
2183.0362
1738.4955
2262.2598
2262.0796
2261.8806
2261.6552
2261.2157
2260.5641
2259.6757
2258.6834
2257.6495
2256.3662
2254.9157
2253.2399
2251.0714
2248.7142
2246.7567
2246.161
2247.9713
2250.7582
2245.3749
2213.728
2143.2652
2047.6082
1968.6209
1945.7212
1991.7149
2104.5437
2235.1189
2320.1871
2353.3701
2358.306
2351.3497
2341.2967
2334.2343
2330.4239
2327.9108
2324.4397
2317.4418
2294.6226
2191.9268
1775.1431
2280.0406
2279.9466
2279.8062
2279.6403
2279.3504
2278.9299
2278.3647
2277.7181
2277.0151
2276.1433
2275.1335
2273.9428
2272.4256
2270.7614
2269.3656
2268.966
2270.2275
2271.3764
2263.9294
2232.3315
2167.8182
2085.5484
2025.7366
2017.2154
2071.1345
2176.4035
2285.4558
2349.548
2370.9152
2369.8038
2358.6276
2345.6801
2337.096
2332.3429
2329.18
2325.3716
2318.2184
2296.2747
2198.8107
1800.8215
2289.755
2289.7125
2289.6315
2289.5333
2289.3678
2289.1277
2288.8033
2288.4219
2287.9907
2287.4475
2286.7987
2286.0228
2285.0456
2283.973
2283.1125
2283.005
2284.1252
2284.6653
2277.0772
2248.1222
2191.3852
2122.0257
2077.6459
2079.2239
2136.4186
2231.8488
2321.6633
2369.1549
2382.1204
2376.3442
2362.05
2347.0768
2337.707
2332.5728
2329.2022
2325.2819
2318.2448
2296.8861
2203.4944
1817.1321
2294.6493
2294.63
2294.5879
2294.5379
2294.4549
2294.3344
2294.1716
2293.9793
2293.7607
2293.4847
2293.1531
2292.74
2292.2015
2291.6096
2291.201
2291.4269
2292.6803
2293.3331
2286.9311
2262.1258
2213.7901
2156.2563
2123.4278
2131.9829
2189.0424
2274.0431
2347.541
2382.7409
2389.7811
2380.4599
2363.5886
2347.2799
2336.3491
2330.0967
2326.4887
2322.947
2316.7842
2296.9918
2206.386
1827.4702
2297.0387
2297.0299
2297.0089
2296.9851
2296.9461
2296.8892
2296.8121
2296.7212
2296.6183
2296.4888
2296.334
2296.1457
2295.9067
2295.6729
2295.6251
2296.1676
2297.7525
2298.9938
2294.556
2274.6417
2234.6644
2187.5024
2163.2335
2176.1311
2230.8732
2305.8834
2366.2141
2392.7058
2395.5581
2383.4655
2364.2403
2345.9399
2333.2836
2326.225
2322.6682
2319.7286
2314.6051
2296.4434
2208.1835
1834.446
2298.1514
2298.1473
2298.1376
2298.1279
2298.112
2298.0884
2298.0562
2298.0187
2297.9775
2297.9263
2297.8665
2297.7971
2297.7166
2297.673
2297.8194
2298.5317
2300.3633
2302.623
2300.4901
2285.6877
2253.6687
2215.4669
2197.4697
2212.638
2263.8073
2329.7997
2379.9601
2400.3436
2400.3439
2386.0147
2364.5251
2344.0469
2329.9153
2322.1655
2318.6683
2316.3121
2312.1811
2295.4259
2209.3062
1839.6896
2298.6272
2298.625
2298.6211
2298.6186
2298.6144
2298.6074
2298.5975
2298.5869
2298.5769
2298.5651
2298.5534
2298.5447
2298.5455
2298.5987
2298.8405
2299.6291
2301.5826
2304.6861
2305.0266
2295.2031
2270.5916
2240.1123
2226.6949
2242.6055
2289.5898
2347.75
2390.2775
2406.6316
2404.5746
2388.4035
2364.7052
2342.2679
2326.8477
2318.477
2314.972
2313.0769
2309.8
2294.2514
2210.0008
1844.0084
2298.7994
2298.798
2298.7966
2298.7974
2298.7982
2298.7986
2298.7987
2298.7999
2298.8038
2298.8097
2298.8208
2298.8417
2298.8821
2298.9809
2299.2613
2300.0673
2302.0622
2305.6591
2308.4005
2303.1324
2285.3262
2261.5549
2251.5234
2267.1219
2309.7196
2361.238
2398.1961
2411.9358
2408.4716
2390.7475
2364.9849
2340.8036
2324.2738
2315.3768
2311.8003
2310.222
2307.6279
2293.0794
2210.3591
1847.704
2298.8409
2298.8396
2298.8391
2298.8409
2298.8434
2298.8461
2298.8493
2298.8543
2298.8626
2298.8762
2298.8982
2298.9327
2298.9903
2299.1075
2299.3977
2300.1875
2302.1882
2305.9736
2310.3305
2309.4559
2297.8282
2279.9877
2272.5518
2287.1726
2325.4212
2371.3613
2404.3504
2416.4584
2412.0909
2393.0435
2365.3964
2339.6757
2322.2037
2312.9032
2309.2177
2307.8287
2305.7494
2292.0018
2210.5218
1850.8504
2298.8179
2298.8171
2298.818
2298.8211
2298.8257
2298.8314
2298.8388
2298.8487
2298.8627
2298.8814
2298.9077
2298.9467
2299.0097
2299.1318
2299.4217
2300.1901
2302.1075
2305.9832
2311.1953
2314.2369
2308.1119
2295.6261
2290.3235
2303.6123
2337.6741
2378.9187
2409.2439
2420.3021
2415.4002
2395.2211
2365.9027
2338.8441
2320.5834
2311.0078
2307.1977
2305.9021
2304.1916
2291.0643
2210.5792
1853.4536
2298.7217
2298.7211
2298.7222
2298.7254
2298.7301
2298.7363
2298.7443
2298.7551
2298.7697
2298.7898
2298.8179
2298.8588
2298.9232
2299.0408
2299.3036
2299.9825
2301.7253
2305.5177
2311.4298
2316.8108
2316.2814
2308.671
2305.2982
2317.1485
2347.238
2384.3977
2412.6914
2423.4759
2418.3102
2397.1725
2366.4393
2338.2491
2319.3515
2309.6058
2305.6678
2304.401
2302.943
2290.2815
2210.5891
1855.5226
2298.6107
2298.6098
2298.6106
2298.6129
2298.6163
2298.621
2298.6272
2298.6356
2298.647
2298.6631
2298.6861
2298.7201
2298.7744
2298.8732
2299.0912
2299.6575
2301.1652
2304.6795
2310.9146
2317.8479
2322.1644
2319.2828
2317.8492
2328.3527
2354.7035
2388.1078
2414.2919
2425.1977
2420.4479
2398.7734
2366.9377
2337.8125
2318.457
2308.6048
2304.5387
2303.262
2301.97
2289.6483
2210.5254
1857.0961
2298.5121
2298.5109
2298.5109
2298.5121
2298.514
2298.5167
2298.5203
2298.5253
2298.5325
2298.543
2298.5586
2298.5826
2298.6225
2298.6969
2298.8644
2299.3109
2300.5524
2303.6495
2309.757
2318.0627
2325.0861
2327.7516
2328.2842
2337.6818
2360.5828
2390.5755
2414.8412
2425.9186
2421.4589
2399.5839
2367.2708
2337.5981
2317.9482
2307.9189
2303.7216
2302.4155
2301.2292
2289.1529
2210.4379
1858.2506
2298.4332
2298.4317
2298.431
2298.431
2298.4314
2298.4321
2298.4332
2298.435
2298.4379
2298.4429
2298.4512
2298.4653
2298.4906
2298.5409
2298.6599
2298.9918
2299.964
2302.5615
2308.1987
2317.1497
2326.0794
2333.0518
2336.878
2345.5126
2365.3273
2392.2671
2414.9263
2426.1067
2421.7848
2399.8733
2367.4118
2337.5432
2317.7291
2307.4663
2303.1375
2301.7957
2300.6754
2288.7779
2210.3925
1859.0809
2298.3737
2298.3719
2298.3705
2298.3696
2298.3688
2298.3678
2298.3667
2298.3656
2298.365
2298.3652
2298.3671
2298.3725
2298.3852
2298.4148
2298.4921
2298.7238
2299.4466
2301.5194
2306.4413
2315.2899
2326.1708
2335.4571
2343.3047
2352.2174
2369.3801
2393.0088
2414.3402
2425.6744
2421.5403
2399.8026
2367.4402
2337.6226
2317.6434
2307.1659
2302.7197
2301.3455
2300.2668
2288.5028
2210.3825
1859.6813
2298.3306
2298.3286
2298.3267
2298.3251
2298.3232
2298.3209
2298.3181
2298.3148
2298.3112
2298.3075
2298.3044
2298.3029
2298.3055
2298.3186
2298.3629
2298.5133
2299.0223
2300.5966
2304.6825
2312.9032
2324.7652
2336.1535
2346.4152
2357.3368
2372.9768
2393.1982
2412.8989
2423.8248
2419.78
2398.7932
2367.1929
2337.6714
2317.6045
2306.9502
2302.4146
2301.0181
2299.9672
2288.3062
2210.3972
1860.1331
2298.3008
2298.2986
2298.2963
2298.2941
2298.2915
2298.2882
2298.284
2298.279
2298.2732
2298.2666
2298.2596
2298.2528
2298.2478
2298.2484
2298.2681
2298.3573
2298.6982
2299.8496
2303.1046
2310.3378
2322.1709
2335.6535
2347.4079
2359.7313
2374.6882
2393.0976
2410.9356
2421.0791
2417.0445
2396.9791
2366.4412
2337.5111
2317.5007
2306.7627
2302.1806
2300.777
2299.7472
2288.17
2210.4516
1860.5016
2298.2812
2298.2789
2298.2763
2298.2737
2298.2706
2298.2665
2298.2614
2298.2551
2298.2477
2298.239
2298.2291
2298.2185
2298.2078
2298.1995
2298.2019
2298.2478
2298.4638
2299.2725
2301.7644
2307.8366
2318.9394
2333.4729
2347.4569
2360.4489
2375.1949
2392.46
2408.6072
2417.7408
2413.5991
2394.4052
2365.0808
2336.9774
2317.2528
2306.5599
2301.9864
2300.5945
2299.5842
2288.0796
2210.5449
1860.8346
2298.2698
2298.2674
2298.2647
2298.2618
2298.2583
2298.2537
2298.248
2298.2408
2298.2323
2298.2221
2298.2101
2298.1967
2298.182
2298.1673
2298.1578
2298.1741
2298.3012
2298.846
2300.6831
2305.5692
2315.4509
2329.9863
2345.7381
2360.3086
2375.1853
2391.2454
2405.8965
2413.905
2409.533
2391.0948
2363.0743
2336.0205
2316.8135
2306.3102
2301.8097
2300.4505
2299.4608
2288.0225
2210.6718
1861.1638
2298.2644
2298.262
2298.2591
2298.2561
2298.2523
2298.2475
2298.2413
2298.2337
2298.2244
2298.2133
2298.2
2298.1848
2298.1676
2298.1489
2298.1313
2298.1273
2298.1933
2298.5434
2299.8487
2303.6318
2312.0214
2325.7541
2342.2636
2358.4251
2373.8685
2389.1979
2402.6218
2409.4936
2404.817
2387.05
2360.4161
2334.6225
2316.1606
2305.9954
2301.6352
2300.331
2299.3649
2287.9888
2210.8253
1861.507
2298.2626
2298.2602
2298.2573
2298.2541
2298.2502
2298.2452
2298.2389
2298.2309
2298.2213
2298.2097
2298.1959
2298.1799
2298.1613
2298.1401
2298.1178
2298.1018
2298.1257
2298.3377
2299.2309
2302.0544
2308.8807
2321.2208
2337.5897
2354.7
2370.9074
2385.9966
2398.5065
2404.3295
2399.3611
2382.265
2357.1227
2332.7909
2315.2889
2305.6064
2301.4535
2300.2268
2299.2881
2287.9737
2210.9978
1861.8715
2298.2652
2298.2628
2298.2598
2298.2566
2298.2526
2298.2475
2298.2409
2298.2327
2298.2228
2298.2107
2298.1963
2298.1794
2298.1596
2298.137
2298.1125
2298.09
2298.0892
2298.2043
2298.7916
2300.8256
2306.1681
2316.758
2332.1985
2349.5556
2366.3275
2381.4229
2393.2896
2398.229
2393.0758
2376.7478
2353.2335
2330.556
2314.2093
2305.1429
2301.2604
2300.132
2299.2248
2287.9704
2211.1815
1862.257
2298.2711
2298.2687
2298.2657
2298.2625
2298.2585
2298.2533
2298.2467
2298.2385
2298.2285
2298.2163
2298.2017
2298.1846
2298.1643
2298.1405
2298.1133
2298.0859
2298.072
2298.1245
2298.4921
2299.9067
2303.9414
2312.6426
2326.5564
2343.4172
2360.3393
2375.4336
2386.8261
2391.087
2385.9287
2370.5445
2348.8176
2327.9707
2312.9478
2304.6127
2301.0552
2300.0436
2299.1718
2287.9732
2211.3689
1862.6575
2298.2796
2298.2772
2298.2743
2298.2711
2298.2671
2298.2619
2298.2554
2298.2472
2298.2372
2298.2251
2298.2106
2298.1935
2298.1732
2298.1493
2298.1213
2298.0902
2298.0661
2298.0843
2298.2969
2299.2463
2302.1893
2309.059
2321.0654
2336.7618
2353.2915
2368.1793
2379.1461
2382.9319
2377.981
2363.755
2343.9766
2325.1093
2311.5437
2304.0303
2300.8409
2299.9604
2299.1267
2287.9806
2211.553
1863.0641
2298.2906
2298.2883
2298.2853
2298.2822
2298.2782
2298.2731
2298.2666
2298.2585
2298.2486
2298.2367
2298.2223
2298.2054
2298.1854
2298.1618
2298.1339
2298.1018
2298.0699
2298.0672
2298.1788
2298.7908
2300.8652
2306.0922
2316.0295
2330.0523
2345.633
2359.9837
2370.4661
2373.9442
2369.402
2356.5404
2338.8459
2322.0655
2310.047
2303.4157
2300.6228
2299.8823
2299.0884
2287.9901
2211.7277
1863.4662
2298.3038
2298.3015
2298.2986
2298.2955
2298.2916
2298.2865
2298.2801
2298.2722
2298.2624
2298.2507
2298.2366
2298.22
2298.2004
2298.1773
2298.15
2298.118
2298.0831
2298.0623
2298.1185
2298.4899
2299.9034
2303.7474
2311.6434
2323.6838
2337.839
2351.2835
2361.1514
2364.4325
2360.4536
2349.1127
2333.5868
2318.9455
2308.5144
2302.7919
2300.4075
2299.8101
2299.0561
2288.0001
2211.8875
1863.8529
2298.3191
2298.3168
2298.314
2298.3109
2298.307
2298.3021
2298.2958
2298.288
2298.2784
2298.2669
2298.2532
2298.237
2298.2179
2298.1954
2298.1689
2298.1376
2298.1021
2298.0708
2298.0919
2298.3012
2299.2326
2301.9682
2308.0036
2317.9507
2330.3455
2342.5532
2351.6499
2354.7833
2351.4556
2341.7145
2328.374
2315.8606
2307.0043
2302.1828
2300.2022
2299.7448
2299.0292
2288.0092
2212.0283
1864.214
2298.3363
2298.3341
2298.3313
2298.3282
2298.3245
2298.3196
2298.3135
2298.3058
2298.2965
2298.2853
2298.2719
2298.2562
2298.2377
2298.2159
2298.1903
2298.1601
2298.125
2298.0895
2298.0837
2298.1988
2298.784
2300.667
2305.1185
2313.0303
2323.4968
2334.2298
2342.4126
2345.396
2342.7385
2334.5911
2323.3786
2312.9168
2305.571
2301.6104
2300.0132
2299.6874
2299.0075
2288.0166
2212.147
1864.5403
2298.3553
2298.3531
2298.3504
2298.3474
2298.3437
2298.3389
2298.3329
2298.3255
2298.3164
2298.3055
2298.2926
2298.2774
2298.2595
2298.2385
2298.214
2298.185
2298.151
2298.1142
2298.0908
2298.1512
2298.4956
2299.7522
2302.9279
2308.9907
2317.5221
2326.6593
2333.8279
2336.6255
2334.5982
2327.9609
2318.7504
2310.2044
2304.26
2301.0925
2299.846
2299.6382
2298.9911
2288.0206
2212.2433
1864.8246
2298.3759
2298.3738
2298.3711
2298.3682
2298.3646
2298.36
2298.3541
2298.3469
2298.3381
2298.3276
2298.315
2298.3004
2298.2832
2298.2631
2298.2396
2298.2119
2298.1795
2298.1431
2298.1117
2298.1353
2298.3291
2299.1364
2301.3311
2305.8095
2312.5305
2320.0664
2326.1772
2328.7396
2327.2635
2321.9943
2314.6048
2307.7915
2303.1041
2300.6414
2299.7037
2299.598
2298.9794
2288.0219
2212.3152
1865.0621
2298.3981
2298.396
2298.3934
2298.3906
2298.3871
2298.3826
2298.3769
2298.3699
2298.3614
2298.3512
2298.3392
2298.325
2298.3085
2298.2894
2298.267
2298.2407
2298.2099
2298.1749
2298.1402
2298.1343
2298.2477
2298.7385
2300.2103
2303.4056
2308.5278
2314.5528
2319.6202
2321.9012
2320.8774
2316.7997
2311.0136
2305.7181
2302.1214
2300.2634
2299.5879
2299.5674
2298.9716
2288.0195
2212.3485
1865.2557
2298.4217
2298.4196
2298.4171
2298.4144
2298.411
2298.4066
2298.4012
2298.3944
2298.3862
2298.3764
2298.3648
2298.3513
2298.3355
2298.3172
2298.2959
2298.2711
2298.2421
2298.2089
2298.1739
2298.1533
2298.2144
2298.4959
2299.4544
2301.6616
2305.4406
2310.1137
2314.1988
2316.1707
2315.498
2312.4219
2308.0044
2303.9972
2301.3157
2299.9586
2299.4977
2299.5465
2298.9673
2288.0135
2212.3582
1865.3932
2298.4465
2298.4446
2298.4421
2298.4395
2298.4362
2298.432
2298.4267
2298.4202
2298.4123
2298.4029
2298.3918
2298.3789
2298.3639
2298.3465
2298.3264
2298.3029
2298.2757
2298.2446
2298.2107
2298.1832
2298.2054
2298.3717
2298.9668
2300.445
2303.1465
2306.6658
2309.8652
2311.5215
2311.1086
2308.8486
2305.5648
2302.6175
2300.6789
2299.7226
2299.431
2299.535
2298.9657
2288.0048
2212.3529
1865.4545
2298.4726
2298.4707
2298.4683
2298.4658
2298.4626
2298.4586
2298.4535
2298.4473
2298.4397
2298.4307
2298.4201
2298.4078
2298.3935
2298.3771
2298.358
2298.336
2298.3105
2298.2816
2298.2497
2298.2198
2298.2173
2298.317
2298.6637
2299.631
2301.5034
2304.0793
2306.522
2307.8668
2307.6366
2306.0231
2303.6512
2301.549
2300.1941
2299.5474
2299.3845
2299.5304
2298.9671
2287.9932
2212.3209
1865.4696
2298.4998
2298.4979
2298.4957
2298.4932
2298.4901
2298.4863
2298.4814
2298.4755
2298.4682
2298.4596
2298.4495
2298.4378
2298.4243
2298.4088
2298.3908
2298.3701
2298.3464
2298.3196
2298.2901
2298.2605
2298.2459
2298.3006
2298.5054
2299.1118
2300.3689
2302.2036
2304.0219
2305.0808
2304.9736
2303.8586
2302.1992
2300.7502
2299.8388
2299.4235
2299.3556
2299.5304
2298.9714
2287.9791
2212.2678
1865.4506
2298.528
2298.5262
2298.524
2298.5216
2298.5187
2298.515
2298.5104
2298.5047
2298.4978
2298.4896
2298.48
2298.4689
2298.4561
2298.4415
2298.4246
2298.4053
2298.3832
2298.3585
2298.3315
2298.3035
2298.2831
2298.3027
2298.434
2298.7911
2299.6161
2300.8896
2302.2097
2303.0212
2302.9934
2302.2532
2301.1345
2300.1746
2299.5892
2299.3407
2299.3411
2299.5367
2298.9782
2287.9628
2212.1954
1865.3848
2298.5571
2298.5553
2298.5532
2298.5509
2298.5481
2298.5446
2298.5402
2298.5348
2298.5282
2298.5205
2298.5114
2298.5009
2298.4889
2298.4751
2298.4593
2298.4412
2298.4208
2298.3982
2298.3735
2298.3477
2298.3258
2298.3281
2298.4096
2298.6253
2299.1404
2300.0018
2300.9379
2301.5456
2301.5676
2301.1015
2300.3812
2299.7759
2299.4221
2299.2913
2299.3357
2299.5472
2298.9871
2287.9447
2212.1061
1865.2727
2298.587
2298.5853
2298.5832
2298.5811
2298.5784
2298.5751
2298.5709
2298.5657
2298.5595
2298.5521
2298.5436
2298.5337
2298.5224
2298.5094
2298.4947
2298.4778
2298.459
2298.4383
2298.416
2298.3927
2298.3715
2298.3645
2298.4055
2298.55
2298.8582
2299.4264
2300.0763
2300.5233
2300.5764
2300.3039
2299.8683
2299.5115
2299.3161
2299.267
2299.3366
2299.5607
2298.9977
2287.9253
2212.0022
1865.1218
2298.6176
2298.616
2298.614
2298.6119
2298.6094
2298.6063
2298.6023
2298.5974
2298.5915
2298.5846
2298.5765
2298.5672
2298.5566
2298.5445
2298.5307
2298.5151
2298.4977
2298.4789
2298.4588
2298.438
2298.4185
2298.4076
2298.4266
2298.5235
2298.7184
2299.0692
2299.5152
2299.8413
2299.9133
2299.7735
2299.5344
2299.3448
2299.2586
2299.2573
2299.3448
2299.5767
2299.0098
2287.905
2211.8861
1864.9368
2298.6489
2298.6473
2298.6455
2298.6435
2298.6411
2298.6381
2298.6343
2298.6297
2298.6242
2298.6176
2298.6101
2298.6014
2298.5914
2298.5801
2298.5672
2298.5528
2298.5369
2298.5198
2298.5018
2298.4834
2298.4661
2298.4543
2298.4618
2298.5185
2298.6575
2298.8796
2299.1685
2299.4076
2299.4902
2299.4377
2299.3283
2299.2528
2299.2321
2299.255
2299.3578
2299.5945
2299.0234
2287.8841
2211.7601
1864.7222
2298.6808
2298.6793
2298.6775
2298.6756
2298.6734
2298.6705
2298.667
2298.6626
2298.6574
2298.6513
2298.6442
2298.636
2298.6267
2298.6161
2298.6042
2298.5909
2298.5763
2298.5609
2298.5449
2298.5287
2298.5137
2298.5027
2298.5046
2298.5373
2298.6378
2298.7906
2298.9829
2299.1511
2299.2358
2299.242
2299.2182
2299.2085
2299.2228
2299.262
2299.374
2299.6137
2299.0382
2287.8631
2211.6262
1864.4825
2298.7132
2298.7117
2298.71
2298.7082
2298.7061
2298.7034
2298.7001
2298.696
2298.6911
2298.6853
2298.6787
2298.6711
2298.6624
2298.6526
2298.6415
2298.6292
2298.616
2298.6021
2298.5879
2298.5739
2298.5611
2298.5516
2298.5513
2298.5712
2298.635
2298.7554
2298.895
2299.023
2299.1054
2299.1448
2299.1656
2299.1901
2299.2212
2299.2748
2299.3925
2299.6341
2299.0541
2287.8422
2211.4864
1864.222
2298.746
2298.7446
2298.7429
2298.7412
2298.7392
2298.7367
2298.7336
2298.7298
2298.7252
2298.7198
2298.7136
2298.7065
2298.6984
2298.6893
2298.6791
2298.6678
2298.6558
2298.6434
2298.6309
2298.6188
2298.6081
2298.6004
2298.5998
2298.6132
2298.6557
2298.7465
2298.8593
2298.9641
2299.0441
2299.1003
2299.144
2299.1851
2299.2303
2299.2916
2299.4125
2299.6554
2299.0711
2287.8217
2211.3425
1863.9447
2298.7791
2298.7778
2298.7762
2298.7746
2298.7728
2298.7704
2298.7675
2298.7639
2298.7596
2298.7546
2298.7488
2298.7422
2298.7347
2298.7262
2298.7168
2298.7065
2298.6957
2298.6846
2298.6736
2298.6633
2298.6546
2298.6487
2298.6488
2298.6593
2298.6901
2298.7534
2298.8494
2298.9413
2299.0193
2299.0832
2299.1379
2299.1898
2299.2459
2299.3112
2299.4336
2299.6776
2299.089
2287.8019
2211.196
1863.6544
2298.8126
2298.8113
2298.8098
2298.8083
2298.8065
2298.8043
2298.8016
2298.7983
2298.7943
2298.7896
2298.7843
2298.7781
2298.7711
2298.7633
2298.7546
2298.7453
2298.7355
2298.7257
2298.7162
2298.7075
2298.7005
2298.6965
2298.6976
2298.7071
2298.7317
2298.7794
2298.8517
2298.9357
2299.0126
2299.0792
2299.1417
2299.2048
2299.2657
2299.3325
2299.4556
2299.7004
2299.1078
2287.783
2211.0483
1863.3546
2298.8462
2298.845
2298.8436
2298.8422
2298.8405
2298.8385
2298.8359
2298.8329
2298.8292
2298.8248
2298.8199
2298.8142
2298.8077
2298.8004
2298.7925
2298.784
2298.7753
2298.7667
2298.7585
2298.7513
2298.7459
2298.7435
2298.7457
2298.7553
2298.777
2298.816
2298.8743
2298.9449
2299.0176
2299.0886
2299.1585
2299.2259
2299.2882
2299.3549
2299.4782
2299.7239
2299.1275
2287.7652
2210.9006
1863.0482
2298.8801
2298.8789
2298.8775
2298.8762
2298.8747
2298.8728
2298.8704
2298.8676
2298.8642
2298.8601
2298.8555
2298.8503
2298.8442
2298.8376
2298.8304
2298.8227
2298.815
2298.8074
2298.8005
2298.7946
2298.7907
2298.7897
2298.7931
2298.8032
2298.8235
2298.8578
2298.908
2298.9705
2299.0394
2299.1109
2299.1825
2299.2504
2299.3121
2299.3781
2299.5014
2299.7479
2299.1479
2287.7487
2210.7541
1862.738
2298.914
2298.9129
2298.9116
2298.9104
2298.909
2298.9072
2298.905
2298.9024
2298.8992
2298.8955
2298.8912
2298.8864
2298.8808
2298.8747
2298.8682
2298.8613
2298.8544
2298.8479
2298.8421
2298.8375
2298.8349
2298.8352
2298.8396
2298.8504
2298.8702
2298.9019
2298.9471
2299.0044
2299.0698
2299.1397
2299.2103
2299.2768
2299.337
2299.4019
2299.525
2299.7723
2299.169
2287.7335
2210.6096
1862.4264
2298.948
2298.9469
2298.9457
2298.9446
2298.9433
2298.9417
2298.9396
2298.9372
2298.9343
2298.9308
2298.9269
2298.9224
2298.9173
2298.9118
2298.9058
2298.8997
2298.8937
2298.8881
2298.8833
2298.8798
2298.8784
2298.8798
2298.8852
2298.8967
2298.9163
2298.9464
2298.9886
2299.0421
2299.1043
2299.1717
2299.2399
2299.3042
2299.3624
2299.426
2299.549
2299.7971
2299.1907
2287.7197
2210.4678
1862.1155
2298.982
2298.981
2298.9799
2298.9788
2298.9776
2298.9761
2298.9742
2298.972
2298.9693
2298.9661
2298.9625
2298.9584
2298.9537
2298.9487
2298.9433
2298.9379
2298.9326
2298.9279
2298.9241
2298.9217
2298.9213
2298.9236
2298.93
2298.9421
2298.9616
2298.9907
2299.0306
2299.0812
2299.1404
2299.2048
2299.2703
2299.3319
2299.388
2299.4503
2299.5732
2299.8222
2299.213
2287.7074
2210.3294
1861.8071
2299.016
2299.015
2299.0139
2299.0129
2299.0118
2299.0105
2299.0087
2299.0067
2299.0042
2299.0013
2298.998
2298.9942
2298.9899
2298.9854
2298.9806
2298.9758
2298.9713
2298.9674
2298.9644
2298.9629
2298.9635
2298.9667
2298.9739
2298.9865
2299.006
2299.0343
2299.0725
2299.1206
2299.1769
2299.2384
2299.3009
2299.3599
2299.4139
2299.4749
2299.5975
2299.8475
2299.2358
2287.6966
2210.1948
1861.5027
2299.0499
2299.0489
2299.0479
2299.047
2299.046
2299.0447
2299.0431
2299.0413
2299.039
2299.0363
2299.0333
2299.0298
2299.0259
2299.0218
2299.0176
2299.0134
2299.0096
2299.0064
2299.0043
2299.0037
2299.005
2299.0091
2299.017
2299.0299
2299.0495
2299.0771
2299.1138
2299.1597
2299.2134
2299.272
2299.3315
2299.3879
2299.4398
2299.4996
2299.6221
2299.8731
2299.2591
2287.6874
2210.0646
1861.2038
2299.0837
2299.0827
2299.0818
2299.0809
2299.08
2299.0788
2299.0774
2299.0757
2299.0736
2299.0711
2299.0683
2299.0652
2299.0617
2299.0581
2299.0543
2299.0507
2299.0475
2299.0451
2299.0437
2299.0438
2299.0459
2299.0507
2299.0592
2299.0725
2299.0919
2299.1189
2299.1543
2299.1983
2299.2494
2299.3052
2299.362
2299.4158
2299.4658
2299.5244
2299.6467
2299.8988
2299.2827
2287.6797
2209.939
1860.9112
2299.1172
2299.1163
2299.1154
2299.1147
2299.1138
2299.1128
2299.1114
2299.1099
2299.1079
2299.1057
2299.1032
2299.1003
2299.0972
2299.094
2299.0908
2299.0877
2299.0851
2299.0832
2299.0825
2299.0834
2299.0861
2299.0916
2299.1005
2299.1141
2299.1334
2299.1598
2299.194
2299.2361
2299.2849
2299.3381
2299.3922
2299.4436
2299.4917
2299.5493
2299.6715
2299.9246
2299.3067
2287.6736
2209.8182
1860.6258
2299.1506
2299.1498
2299.1489
2299.1482
2299.1474
2299.1465
2299.1453
2299.1438
2299.1421
2299.14
2299.1378
2299.1352
2299.1325
2299.1296
2299.1268
2299.1242
2299.1222
2299.121
2299.1209
2299.1223
2299.1257
2299.1317
2299.1411
2299.1548
2299.174
2299.1998
2299.2328
2299.2732
2299.3198
2299.3705
2299.4221
2299.4713
2299.5176
2299.5741
2299.6962
2299.9505
2299.331
2287.6689
2209.7024
1860.3485
2299.1837
2299.1829
2299.1821
2299.1815
2299.1808
2299.1799
2299.1788
2299.1775
2299.1759
2299.1741
2299.172
2299.1698
2299.1673
2299.1649
2299.1625
2299.1604
2299.1589
2299.1582
2299.1587
2299.1607
2299.1646
2299.1711
2299.1808
2299.1947
2299.2137
2299.2389
2299.2708
2299.3096
2299.3542
2299.4025
2299.4517
2299.4987
2299.5434
2299.5989
2299.721
2299.9765
2299.3556
2287.6658
2209.5917
1860.0797
2299.2166
2299.2158
2299.2151
2299.2145
2299.2138
2299.213
2299.212
2299.2109
2299.2094
2299.2078
2299.206
2299.204
2299.2019
2299.1998
2299.1978
2299.1961
2299.1951
2299.1949
2299.1959
2299.1984
2299.2029
2299.2098
2299.2198
2299.2337
2299.2526
2299.2771
2299.308
2299.3452
2299.3878
2299.434
2299.4809
2299.526
2299.5691
2299.6237
2299.7457
2300.0024
2299.3804
2287.6641
2209.4861
1859.82
2299.2491
2299.2484
2299.2477
2299.2471
2299.2466
2299.2459
2299.2449
2299.2439
2299.2426
2299.2411
2299.2396
2299.2378
2299.236
2299.2343
2299.2327
2299.2314
2299.2308
2299.2311
2299.2325
2299.2356
2299.2404
2299.2477
2299.258
2299.272
2299.2906
2299.3145
2299.3444
2299.3801
2299.4209
2299.465
2299.5099
2299.553
2299.5946
2299.6483
2299.7703
2300.0282
2299.4053
2287.6637
2209.3858
1859.5696
2299.2813
2299.2806
2299.2799
2299.2794
2299.2789
2299.2783
2299.2775
2299.2765
2299.2754
2299.2741
2299.2728
2299.2713
2299.2698
2299.2683
2299.2671
2299.2662
2299.266
2299.2667
2299.2686
2299.2721
2299.2773
2299.2849
2299.2954
2299.3094
2299.3277
2299.3511
2299.38
2299.4144
2299.4534
2299.4955
2299.5384
2299.5798
2299.6199
2299.6728
2299.7948
2300.054
2299.4303
2287.6646
2209.2906
1859.3288
2299.3131
2299.3124
2299.3118
2299.3114
2299.3109
2299.3104
2299.3097
2299.3088
2299.3078
2299.3067
2299.3056
2299.3043
2299.3031
2299.3019
2299.301
2299.3005
2299.3007
2299.3018
2299.3041
2299.3079
2299.3136
2299.3214
2299.332
2299.346
2299.364
2299.3868
2299.4148
2299.4479
2299.4853
2299.5256
2299.5666
2299.6062
2299.6451
2299.6972
2299.8192
2300.0796
2299.4554
2287.6669
2209.2005
1859.0977
2299.3445
2299.3439
2299.3433
2299.3429
2299.3425
2299.342
2299.3414
2299.3407
2299.3398
2299.3389
2299.338
2299.3369
2299.3359
2299.3351
2299.3345
2299.3343
2299.3348
2299.3363
2299.339
2299.3432
2299.3491
2299.3572
2299.3679
2299.3818
2299.3996
2299.4218
2299.4489
2299.4807
2299.5166
2299.5551
2299.5944
2299.6324
2299.67
2299.7213
2299.8434
2300.1051
2299.4806
2287.6704
2209.1155
1858.8762
2299.3755
2299.3749
2299.3744
2299.374
2299.3737
2299.3733
2299.3727
2299.3721
2299.3714
2299.3706
2299.3699
2299.3691
2299.3683
2299.3677
2299.3674
2299.3676
2299.3684
2299.3702
2299.3732
2299.3777
2299.3839
2299.3922
2299.403
2299.4169
2299.4343
2299.456
2299.4822
2299.5128
2299.5473
2299.5842
2299.6218
2299.6583
2299.6947
2299.7453
2299.8674
2300.1304
2299.5058
2287.6751
2209.0356
1858.6646
2299.406
2299.4055
2299.405
2299.4047
2299.4044
2299.404
2299.4036
2299.4031
2299.4025
2299.4019
2299.4013
2299.4007
2299.4002
2299.3999
2299.3998
2299.4002
2299.4014
2299.4035
2299.4069
2299.4116
2299.4181
2299.4265
2299.4374
2299.4511
2299.4683
2299.4894
2299.5148
2299.5443
2299.5773
2299.6127
2299.6487
2299.6838
2299.7191
2299.769
2299.8912
2300.1555
2299.5309
2287.6809
2208.9605
1858.4627
2299.4361
2299.4356
2299.4351
2299.4348
2299.4346
2299.4344
2299.434
2299.4336
2299.4331
2299.4327
2299.4323
2299.4319
2299.4316
2299.4315
2299.4317
2299.4324
2299.4338
2299.4362
2299.4399
2299.4449
2299.4515
2299.4601
2299.471
2299.4847
2299.5015
2299.5221
2299.5467
2299.5751
2299.6068
2299.6407
2299.6753
2299.709
2299.7431
2299.7924
2299.9147
2300.1804
2299.556
2287.6878
2208.8903
1858.2707
2299.4657
2299.4652
2299.4648
2299.4646
2299.4644
2299.4642
2299.4639
2299.4636
2299.4633
2299.463
2299.4627
2299.4625
2299.4624
2299.4625
2299.463
2299.4639
2299.4656
2299.4683
2299.4722
2299.4775
2299.4843
2299.493
2299.5039
2299.5174
2299.534
2299.5541
2299.5778
2299.6052
2299.6357
2299.6683
2299.7014
2299.7338
2299.7669
2299.8156
2299.938
2300.205
2299.581
2287.6958
2208.8249
1858.0883
2299.4948
2299.4943
2299.4939
2299.4938
2299.4937
2299.4935
2299.4933
2299.4931
2299.4929
2299.4928
2299.4927
2299.4926
2299.4927
2299.493
2299.4937
2299.4949
2299.4968
2299.4998
2299.5039
2299.5094
2299.5164
2299.5252
2299.536
2299.5494
2299.5657
2299.5853
2299.6083
2299.6347
2299.664
2299.6953
2299.7271
2299.7583
2299.7904
2299.8384
2299.961
2300.2293
2299.6059
2287.7048
2208.7642
1857.9156
2299.5234
2299.5229
2299.5226
2299.5225
2299.5224
2299.5224
2299.5223
2299.5221
2299.522
2299.522
2299.5221
2299.5222
2299.5224
2299.523
2299.5238
2299.5253
2299.5274
2299.5306
2299.5349
2299.5406
2299.5477
2299.5566
2299.5675
2299.5807
2299.5967
2299.6157
2299.638
2299.6635
2299.6918
2299.7217
2299.7523
2299.7823
2299.8134
2299.861
2299.9836
2300.2534
2299.6306
2287.7147
2208.7081
1857.7524
2299.5514
2299.551
2299.5507
2299.5506
2299.5506
2299.5506
2299.5506
2299.5506
2299.5506
2299.5507
2299.5509
2299.5511
2299.5516
2299.5523
2299.5534
2299.555
2299.5574
2299.5607
2299.5653
2299.5711
2299.5784
2299.5873
2299.5981
2299.6112
2299.6269
2299.6455
2299.6671
2299.6917
2299.7189
2299.7477
2299.777
2299.8059
2299.8361
2299.8831
2300.006
2300.277
2299.6552
2287.7256
2208.6567
1857.5989
2299.579
2299.5786
2299.5783
2299.5783
2299.5783
2299.5784
2299.5785
2299.5785
2299.5786
2299.5788
2299.5792
2299.5796
2299.5802
2299.581
2299.5823
2299.5841
2299.5867
2299.5903
2299.595
2299.6009
2299.6083
2299.6173
2299.6281
2299.641
2299.6564
2299.6745
2299.6955
2299.7192
2299.7454
2299.7731
2299.8012
2299.8291
2299.8585
2299.9049
2300.0279
2300.3004
2299.6796
2287.7374
2208.6098
1857.4547
2299.6059
2299.6056
2299.6053
2299.6054
2299.6055
2299.6056
2299.6057
2299.6059
2299.6061
2299.6064
2299.6068
2299.6074
2299.6081
2299.6092
2299.6106
2299.6126
2299.6154
2299.6191
2299.624
2299.6301
2299.6376
2299.6466
2299.6573
2299.6701
2299.6851
2299.7028
2299.7231
2299.7461
2299.7713
2299.7979
2299.825
2299.8518
2299.8804
2299.9264
2300.0495
2300.3234
2299.7038
2287.7501
2208.5674
1857.32
2299.6323
2299.632
2299.6318
2299.6319
2299.632
2299.6322
2299.6324
2299.6327
2299.633
2299.6334
2299.6339
2299.6346
2299.6355
2299.6367
2299.6383
2299.6405
2299.6434
2299.6473
2299.6523
2299.6586
2299.6661
2299.6751
2299.6858
2299.6984
2299.7132
2299.7304
2299.7501
2299.7723
2299.7966
2299.8222
2299.8483
2299.8741
2299.9019
2299.9474
2300.0707
2300.346
2299.7277
2287.7636
2208.5295
1857.1949
2299.6582
2299.6579
2299.6577
2299.6578
2299.658
2299.6583
2299.6586
2299.6589
2299.6593
2299.6598
2299.6604
2299.6612
2299.6623
2299.6636
2299.6654
2299.6677
2299.6708
2299.6748
2299.68
2299.6863
2299.6939
2299.7029
2299.7135
2299.726
2299.7405
2299.7572
2299.7764
2299.7979
2299.8213
2299.8459
2299.871
2299.8959
2299.9229
2299.968
2300.0915
2300.3682
2299.7515
2287.7781
2208.4961
1857.0793
2299.6834
2299.6831
2299.683
2299.6832
2299.6834
2299.6838
2299.6841
2299.6845
2299.685
2299.6856
2299.6863
2299.6872
2299.6884
2299.6899
2299.6918
2299.6943
2299.6975
2299.7017
2299.7069
2299.7134
2299.721
2299.73
2299.7406
2299.7528
2299.767
2299.7834
2299.802
2299.8228
2299.8453
2299.8691
2299.8932
2299.9173
2299.9435
2299.9882
2300.1119
2300.3899
2299.775
2287.7934
2208.4673
1856.9734
2299.7081
2299.7078
2299.7077
2299.7079
2299.7082
2299.7086
2299.709
2299.7095
2299.71
2299.7107
2299.7116
2299.7126
2299.7139
2299.7155
2299.7175
2299.7201
2299.7235
2299.7278
2299.7332
2299.7397
2299.7474
2299.7564
2299.7669
2299.779
2299.7929
2299.8089
2299.8269
2299.847
2299.8688
2299.8917
2299.9149
2299.9381
2299.9637
2300.008
2300.1318
2300.4113
2299.7982
2287.8096
2208.4432
1856.8771
2299.7321
2299.7319
2299.7318
2299.7321
2299.7324
2299.7329
2299.7333
2299.7339
2299.7345
2299.7353
2299.7362
2299.7373
2299.7387
2299.7404
2299.7426
2299.7454
2299.7489
2299.7533
2299.7588
2299.7653
2299.7731
2299.7821
2299.7924
2299.8043
2299.818
2299.8336
2299.8511
2299.8706
2299.8916
2299.9137
2299.9361
2299.9585
2299.9834
2300.0273
2300.1513
2300.4322
2299.8212
2287.8267
2208.4237
1856.7908
2299.7555
2299.7553
2299.7553
2299.7556
2299.756
2299.7565
2299.757
2299.7576
2299.7583
2299.7591
2299.7602
2299.7614
2299.7629
2299.7647
2299.767
2299.7699
2299.7735
2299.778
2299.7836
2299.7902
2299.798
2299.807
2299.8172
2299.829
2299.8424
2299.8576
2299.8747
2299.8935
2299.9138
2299.9351
2299.9567
2299.9783
2300.0026
2300.0461
2300.1704
2300.4527
2299.844
2287.8448
2208.4091
1856.7147
2299.7783
2299.7781
2299.7782
2299.7785
2299.7789
2299.7794
2299.78
2299.7807
2299.7814
2299.7824
2299.7835
2299.7848
2299.7864
2299.7883
2299.7907
2299.7937
2299.7975
2299.8021
2299.8077
2299.8144
2299.8222
2299.8312
2299.8413
2299.8529
2299.8661
2299.8809
2299.8975
2299.9157
2299.9354
2299.9559
2299.9767
2299.9976
2300.0213
2300.0644
2300.1889
2300.4726
2299.8664
2287.8639
2208.3999
1856.6491
2299.8004
2299.8003
2299.8004
2299.8007
2299.8012
2299.8018
2299.8024
2299.8031
2299.804
2299.805
2299.8061
2299.8075
2299.8092
2299.8113
2299.8138
2299.8169
2299.8207
2299.8254
2299.8311
2299.8379
2299.8457
2299.8546
2299.8647
2299.8761
2299.889
2299.9035
2299.9196
2299.9373
2299.9563
2299.9761
2299.9962
2300.0164
2300.0394
2300.0823
2300.2069
2300.4921
2299.8886
2287.884
2208.3957
1856.5944
2299.8219
2299.8218
2299.8219
2299.8223
2299.8228
2299.8234
2299.8241
2299.8249
2299.8258
2299.8269
2299.8281
2299.8296
2299.8314
2299.8335
2299.8361
2299.8393
2299.8432
2299.8481
2299.8538
2299.8606
2299.8684
2299.8773
2299.8873
2299.8985
2299.9112
2299.9254
2299.941
2299.9582
2299.9766
2299.9958
2300.0151
2300.0346
2300.0571
2300.0996
2300.2245
2300.5112
2299.9106
2287.9052
2208.3964
1856.551
2299.8428
2299.8427
2299.8428
2299.8432
2299.8437
2299.8444
2299.8452
2299.846
2299.8469
2299.8481
2299.8494
2299.851
2299.8528
2299.855
2299.8578
2299.861
2299.8651
2299.8699
2299.8758
2299.8826
2299.8904
2299.8992
2299.9091
2299.9202
2299.9327
2299.9465
2299.9618
2299.9784
2299.9962
2300.0147
2300.0335
2300.0523
2300.0742
2300.1164
2300.2415
2300.5297
2299.9323
2287.9277
2208.4032
1856.52
2299.8629
2299.8628
2299.863
2299.8634
2299.864
2299.8647
2299.8655
2299.8664
2299.8674
2299.8686
2299.87
2299.8716
2299.8736
2299.8759
2299.8787
2299.8821
2299.8862
2299.8911
2299.897
2299.9038
2299.9116
2299.9204
2299.9302
2299.9412
2299.9534
2299.9669
2299.9818
2299.9979
2300.0152
2300.0331
2300.0512
2300.0695
2300.0908
2300.1327
2300.258
2300.5477
2299.9539
2287.9515
2208.4161
1856.5035
2299.8824
2299.8823
2299.8825
2299.883
2299.8836
2299.8844
2299.8852
2299.8861
2299.8872
2299.8884
2299.8899
2299.8916
2299.8936
2299.896
2299.8989
2299.9023
2299.9065
2299.9115
2299.9175
2299.9243
2299.9321
2299.9409
2299.9506
2299.9614
2299.9734
2299.9866
2300.0011
2300.0168
2300.0335
2300.0508
2300.0683
2300.086
2300.1069
2300.1485
2300.274
2300.5653
2299.9752
2287.9769
2208.4353
1856.4975
2299.9012
2299.9011
2299.9013
2299.9018
2299.9025
2299.9033
2299.9042
2299.9052
2299.9063
2299.9076
2299.9091
2299.9109
2299.9129
2299.9154
2299.9184
2299.9219
2299.9262
2299.9312
2299.9372
2299.9441
2299.9519
2299.9606
2299.9702
2299.9808
2299.9926
2300.0055
2300.0197
2300.0349
2300.0511
2300.0679
2300.0849
2300.102
2300.1224
2300.1637
2300.2895
2300.5823
2299.9965
2288.0038
2208.4616
1856.5054
2299.9193
2299.9193
2299.9195
2299.92
2299.9207
2299.9216
2299.9225
2299.9235
2299.9247
2299.926
2299.9276
2299.9294
2299.9316
2299.9341
2299.9372
2299.9408
2299.9451
2299.9502
2299.9562
2299.9631
2299.9709
2299.9795
2299.989
2299.9996
2300.0111
2300.0238
2300.0376
2300.0524
2300.0681
2300.0844
2300.1008
2300.1175
2300.1374
2300.1785
2300.3045
2300.599
2300.0177
2288.0327
2208.4955
1856.5299
2299.9367
2299.9367
2299.937
2299.9376
2299.9383
2299.9392
2299.9401
2299.9412
2299.9424
2299.9438
2299.9454
2299.9473
2299.9495
2299.9522
2299.9553
2299.9589
2299.9633
2299.9685
2299.9745
2299.9814
2299.9892
2299.9977
2300.0072
2300.0175
2300.0289
2300.0413
2300.0548
2300.0692
2300.0845
2300.1003
2300.1162
2300.1324
2300.152
2300.1928
2300.3191
2300.6153
2300.039
2288.0637
2208.5376
1856.571
2299.9537
2299.9537
2299.954
2299.9545
2299.9553
2299.9562
2299.9572
2299.9583
2299.9596
2299.961
2299.9627
2299.9646
2299.9669
2299.9696
2299.9727
2299.9764
2299.9809
2299.9861
2299.9921
2299.999
2300.0068
2300.0153
2300.0246
2300.0349
2300.046
2300.0582
2300.0713
2300.0854
2300.1003
2300.1156
2300.1311
2300.1469
2300.1661
2300.2067
2300.3333
2300.6313
2300.0605
2288.0974
2208.5886
1856.6299
2299.9701
2299.9702
2299.9705
2299.9711
2299.9719
2299.9728
2299.9739
2299.975
2299.9763
2299.9778
2299.9795
2299.9814
2299.9838
2299.9865
2299.9897
2299.9934
2299.9979
2300.0031
2300.0092
2300.0161
2300.0238
2300.0323
2300.0415
2300.0516
2300.0626
2300.0745
2300.0874
2300.1011
2300.1156
2300.1306
2300.1457
2300.1611
2300.18
2300.2205
2300.3475
2300.6473
2300.0827
2288.1342
2208.6498
1856.7083
2299.9865
2299.9866
2299.9869
2299.9875
2299.9883
2299.9893
2299.9904
2299.9915
2299.9928
2299.9943
2299.996
2299.998
2300.0004
2300.0031
2300.0064
2300.0102
2300.0146
2300.0199
2300.0259
2300.0328
2300.0405
2300.0489
2300.058
2300.068
2300.0788
2300.0904
2300.1031
2300.1165
2300.1307
2300.1453
2300.1601
2300.1753
2300.1941
2300.2345
2300.3619
2300.6638
2300.106
2288.1752
2208.723
1856.8082
2300.0033
2300.0033
2300.0036
2300.0043
2300.0051
2300.0061
2300.0072
2300.0083
2300.0096
2300.0111
2300.0129
2300.0149
2300.0172
2300.02
2300.0232
2300.027
2300.0314
2300.0367
2300.0427
2300.0495
2300.0571
2300.0654
2300.0744
2300.0842
2300.0949
2300.1064
2300.1187
2300.132
2300.1459
2300.1603
2300.1749
2300.1899
2300.2087
2300.2492
2300.3772
2300.6814
2300.1313
2288.222
2208.8114
1856.9328
2300.0212
2300.0213
2300.0216
2300.0223
2300.0231
2300.0241
2300.0252
2300.0263
2300.0276
2300.0291
2300.0308
2300.0327
2300.0351
2300.0378
2300.0409
2300.0447
2300.049
2300.0542
2300.0601
2300.0668
2300.0743
2300.0824
2300.0913
2300.101
2300.1114
2300.1228
2300.135
2300.1481
2300.1619
2300.1762
2300.1908
2300.2059
2300.2247
2300.2656
2300.3944
2300.7012
2300.1599
2288.2766
2208.9195
1857.0884
2300.0418
2300.0419
2300.0422
2300.0428
2300.0437
2300.0446
2300.0456
2300.0467
2300.048
2300.0494
2300.051
2300.0528
2300.0551
2300.0576
2300.0607
2300.0643
2300.0685
2300.0735
2300.0792
2300.0857
2300.093
2300.1009
2300.1096
2300.1191
2300.1294
2300.1405
2300.1527
2300.1657
2300.1795
2300.194
2300.2088
2300.2242
2300.2435
2300.285
2300.4149
2300.7247
2300.1934
2288.3408
2209.0515
1857.2839
2300.067
2300.067
2300.0673
2300.0679
2300.0687
2300.0696
2300.0705
2300.0715
2300.0726
2300.0738
2300.0753
2300.077
2300.079
2300.0813
2300.0841
2300.0874
2300.0913
2300.096
2300.1014
2300.1076
2300.1145
2300.1221
2300.1305
2300.1397
2300.1498
2300.1608
2300.1729
2300.186
2300.2001
2300.2149
2300.2303
2300.2464
2300.2665
2300.309
2300.4405
2300.7539
2300.234
2288.4167
2209.2098
1857.5262
2300.0991
2300.0991
2300.0993
2300.0998
2300.1005
2300.1013
2300.1021
2300.1029
2300.1038
2300.1048
2300.1059
2300.1073
2300.1089
2300.1108
2300.1132
2300.116
2300.1194
2300.1236
2300.1284
2300.1341
2300.1404
2300.1475
2300.1554
2300.1642
2300.174
2300.1848
2300.1969
2300.2102
2300.2247
2300.2403
2300.2566
2300.2739
2300.2954
2300.3395
2300.4731
2300.7908
2300.2837
2288.5063
2209.395
1857.8166
2300.1403
2300.1403
2300.1404
2300.1408
2300.1413
2300.1419
2300.1424
2300.143
2300.1435
2300.1441
2300.1448
2300.1457
2300.1468
2300.1481
2300.1498
2300.1519
2300.1546
2300.1579
2300.1619
2300.1667
2300.1721
2300.1783
2300.1854
2300.1934
2300.2025
2300.2128
2300.2246
2300.2379
2300.2529
2300.2695
2300.2873
2300.3064
2300.3301
2300.3765
2300.513
2300.8361
2300.3435
2288.6095
2209.6053
1858.153
2300.1892
2300.1891
2300.1891
2300.1893
2300.1896
2300.1898
2300.1899
2300.1899
2300.1898
2300.1897
2300.1895
2300.1894
2300.1893
2300.1892
2300.1894
2300.1898
2300.1905
2300.1917
2300.1934
2300.1957
2300.1986
2300.2022
2300.2066
2300.2122
2300.2191
2300.2278
2300.2385
2300.2512
2300.2662
2300.2831
2300.302
2300.3227
2300.3484
2300.3974
2300.5378
2300.8684
2300.3955
2288.7189
2209.8324
1858.5272
2300.2127
2300.2125
2300.2125
2300.2126
2300.2126
2300.2125
2300.2122
2300.2117
2300.211
2300.2102
2300.2093
2300.2083
2300.2072
2300.2061
2300.205
2300.204
2300.2033
2300.2029
2300.2029
2300.2034
2300.2044
2300.2061
2300.2086
2300.2123
2300.2173
2300.2241
2300.2329
2300.2443
2300.2583
2300.275
2300.2943
2300.316
2300.3433
2300.3943
2300.5374
2300.8724
2300.4111
2288.7728
2210.0336
1858.919
2300.1977
2300.1977
2300.1977
2300.1976
2300.1974
2300.1969
2300.1961
2300.195
2300.1936
2300.192
2300.19
2300.1878
2300.1853
2300.1826
2300.1796
2300.1764
2300.1731
2300.1697
2300.1664
2300.1631
2300.1601
2300.1573
2300.1551
2300.1539
2300.154
2300.156
2300.1603
2300.1675
2300.178
2300.1921
2300.2096
2300.2308
2300.2585
2300.3112
2300.4575
2300.7989
2300.3534
2288.7597
2210.1191
1859.2898
2300.0528
2300.0531
2300.0533
2300.0532
2300.0528
2300.0519
2300.0505
2300.0488
2300.0467
2300.0441
2300.041
2300.0375
2300.0334
2300.0287
2300.0233
2300.0172
2300.0105
2300.003
2299.9949
2299.9861
2299.9768
2299.967
2299.9571
2299.9476
2299.9389
2299.9316
2299.9266
2299.9247
2299.9265
2299.9328
2299.9439
2299.9604
2299.9852
2300.037
2300.1848
2300.5316
2300.0998
2288.5482
2210.0472
1859.4674
2299.6068
2299.6076
2299.6085
2299.6086
2299.6081
2299.6069
2299.6051
2299.6029
2299.6002
2299.5968
2299.5929
2299.5882
2299.5825
2299.5758
2299.5677
2299.5582
2299.5471
2299.5341
2299.5193
2299.5023
2299.4835
2299.4626
2299.4402
2299.4166
2299.3925
2299.3688
2299.3462
2299.3262
2299.3101
2299.2995
2299.2953
2299.2991
2299.3143
2299.3601
2299.506
2299.8558
2299.4337
2287.9193
2209.5791
1859.4612
2298.5339
2298.5355
2298.5377
2298.5386
2298.5384
2298.5373
2298.5353
2298.5329
2298.5304
2298.5268
2298.5228
2298.5177
2298.5109
2298.5026
2298.4919
2298.4787
2298.4623
2298.4422
2298.4183
2298.3895
2298.3565
2298.3185
2298.2763
2298.23
2298.1803
2298.1282
2298.0749
2298.0226
2297.9734
2297.9306
2297.8964
2297.8742
2297.8686
2297.8999
2298.038
2298.3863
2297.9687
2286.4868
2208.3549
1858.987
2296.2535
2296.2561
2296.2606
2296.2629
2296.2637
2296.2631
2296.2614
2296.2599
2296.2586
2296.2561
2296.2535
2296.2494
2296.2428
2296.2341
2296.2216
2296.2049
2296.1825
2296.1536
2296.1174
2296.0721
2296.0184
2295.9549
2295.8824
2295.8005
2295.7102
2295.6124
2295.5086
2295.4025
2295.2973
2295.1993
2295.1128
2295.0448
2295.0014
2295.0056
2295.127
2295.4679
2295.0487
2283.6014
2205.7702
1857.6066
2291.785
2291.7886
2291.7966
2291.8013
2291.8038
2291.8044
2291.8038
2291.8045
2291.8064
2291.807
2291.8083
2291.8079
2291.8038
2291.7968
2291.7841
2291.7647
2291.7362
2291.6965
2291.6446
2291.5765
2291.4939
2291.3934
2291.2765
2291.1417
2290.9901
2290.8229
2290.6415
2290.4519
2290.2593
2290.0744
2289.9052
2289.7642
2289.6603
2289.62
2289.7145
2290.0405
2289.6163
2278.2234
2200.8636
1854.6265
2283.5595
2283.5634
2283.5763
2283.5842
2283.5894
2283.5919
2283.5932
2283.5979
2283.606
2283.6125
2283.6212
2283.6282
2283.6298
2283.6279
2283.6176
2283.5973
2283.5627
2283.5105
2283.4385
2283.3401
2283.2176
2283.0657
2282.8862
2282.6763
2282.4372
2282.1701
2281.8767
2281.5658
2281.2458
2280.9342
2280.6442
2280.397
2280.2053
2280.1
2280.1567
2280.4613
2280.0366
2268.7528
2192.1681
1848.9877
2269.1722
2269.1753
2269.1941
2269.2059
2269.2145
2269.2194
2269.2233
2269.2342
2269.2519
2269.2678
2269.2885
2269.3078
2269.3193
2269.3266
2269.3222
2269.3033
2269.2632
2269.1965
2269.0997
2268.9619
2268.7871
2268.5665
2268.3031
2267.9921
2267.6349
2267.2328
2266.7874
2266.3121
2265.8189
2265.3357
2264.8827
2264.4931
2264.1854
2263.9946
2264.0048
2264.2848
2263.8787
2252.8164
2177.5112
1839.1196
2245.0835
2245.0838
2245.1094
2245.1249
2245.1369
2245.1442
2245.1508
2245.1699
2245.2013
2245.2304
2245.2683
2245.3053
2245.331
2245.3523
2245.3578
2245.3433
2245.2987
2245.2158
2245.0893
2244.9024
2244.6618
2244.3543
2243.9847
2243.5457
2243.0389
2242.4662
2241.8286
2241.1455
2240.4342
2239.7358
2239.0797
2238.5151
2238.0681
2237.7753
2237.7374
2237.9952
2237.6487
2227.0021
2153.759
1822.7119
2206.2679
2206.2628
2206.2951
2206.3129
2206.3276
2206.3363
2206.3446
2206.3737
2206.4227
2206.4681
2206.5282
2206.5884
2206.6321
2206.6721
2206.6916
2206.6844
2206.6366
2206.5363
2206.3764
2206.1318
2205.8134
2205.4032
2204.9083
2204.3185
2203.6363
2202.8644
2202.0024
2201.0775
2200.113
2199.1672
2198.2801
2197.5203
2196.924
2196.5213
2196.447
2196.6901
2196.4711
2186.5339
2116.4892
1796.4388
2145.7741
2145.761
2145.7989
2145.8162
2145.832
2145.8401
2145.8479
2145.8876
2145.9576
2146.0211
2146.1071
2146.1944
2146.2585
2146.3206
2146.3575
2146.3606
2146.3113
2146.1942
2145.9999
2145.6929
2145.2908
2144.7695
2144.1401
2143.3891
2142.5204
2141.538
2140.439
2139.2602
2138.0306
2136.8294
2135.708
2134.7548
2134.022
2133.5138
2133.4325
2133.6702
2133.6698
2124.8357
2059.533
1755.5383
2054.1373
2054.1144
2054.1562
2054.1689
2054.1834
2054.1885
2054.1925
2054.2423
2054.3348
2054.4155
2054.5285
2054.6447
2054.7286
2054.8144
2054.8705
2054.8868
2054.8391
2054.7087
2054.4852
2054.1196
2053.6398
2053.0142
2052.2601
2051.3602
2050.32
2049.1461
2047.8309
2046.4221
2044.9538
2043.5272
2042.2054
2041.0915
2040.2654
2039.6689
2039.628
2039.8628
2040.178
2032.9093
1974.2926
1693.1382
1918.3901
1918.3578
1918.4017
1918.4055
1918.4171
1918.4174
1918.4142
1918.4721
1918.5864
1918.6798
1918.8172
1918.9599
1919.0595
1919.1677
1919.2432
1919.2751
1919.2346
1919.1002
1918.8625
1918.4566
1917.9246
1917.2263
1916.3867
1915.3842
1914.2263
1912.923
1911.4594
1909.895
1908.2657
1906.6937
1905.2528
1904.0453
1903.2028
1902.5437
1902.6011
1902.8163
1903.5117
1898.2657
1848.5585
1599.0508
1719.9796
1719.9429
1719.9876
1719.9805
1719.9895
1719.9858
1719.9741
1720.0371
1720.1687
1720.2662
1720.42
1720.5815
1720.689
1720.815
1720.908
1720.9581
1720.9337
1720.8124
1720.5889
1720.1816
1719.6503
1718.9439
1718.0969
1717.0824
1715.9096
1714.5923
1713.1053
1711.5199
1709.8688
1708.2873
1706.8597
1705.6565
1704.8998
1704.2078
1704.4107
1704.5589
1705.6111
1702.7061
1664.1301
1457.2153
1428.9704
1428.9412
1428.9856
1428.9704
1428.9806
1428.9781
1428.9614
1429.0251
1429.1628
1429.2525
1429.4071
1429.5717
1429.676
1429.8101
1429.9146
1429.9842
1429.9875
1429.9043
1429.737
1429.3912
1428.9436
1428.3318
1427.599
1426.7122
1425.6804
1424.5216
1423.1996
1421.793
1420.3243
1418.9249
1417.6877
1416.6137
1416.0449
1415.3625
1415.7021
1415.7149
1416.9373
1416.277
1390.6703
1239.4482
978.61847
978.61716
978.65524
978.64235
978.65874
978.66514
978.65496
978.70905
978.82448
978.88952
979.01328
979.1468
979.22981
979.34703
979.444
979.52287
979.55908
979.53936
979.47314
979.27486
979.02037
978.6464
978.19462
977.63141
976.96266
976.20663
975.32506
974.38534
973.39323
972.44924
971.62941
970.87979
970.55501
970.01201
970.33507
970.19259
971.15528
971.86722
960.21858
881.46465
)
;

boundaryField
{
    piston
    {
        type            fixedValue;
        value           uniform 485.2;
    }
    cylinderHead
    {
        type            fixedValue;
        value           uniform 525.2;
    }
    cylinderWall
    {
        type            fixedValue;
        value           uniform 430.1;
    }
    wedgeFront
    {
        type            wedge;
    }
    wedgeBack
    {
        type            wedge;
    }
    axis
    {
        type            empty;
    }
}


// ************************************************************************* //
