/*--------------------------------*- C++ -*----------------------------------*\
  =========                 |
  \\      /  F ield         | OpenFOAM: The Open Source CFD Toolbox
   \\    /   O peration     | Website:  https://openfoam.org
    \\  /    A nd           | Version:  13
     \\/     M anipulation  |
\*---------------------------------------------------------------------------*/
FoamFile
{
    format      ascii;
    class       dictionary;
    location    "constant";
    object      heatSource;
}

type            heatSource;

selectionMode   cellZone;
cellZone        all;

// Inicio: -13.0 CAD; final: 27.0 CAD
// Wiebe: a = 6.9077553; m = 3.0
// Energia total normalizada: 32.605444971 J

q
{
    type                    table;

    values
    (
        (-180.0 0.000000000000e+00)
        (-13.0 0.000000000000e+00)
        (-12.9 1.181133289903e+03)
        (-12.8 9.466775573306e+03)
        (-12.7 3.200990440436e+04)
        (-12.6 7.601589266445e+04)
        (-12.5 1.487419612732e+05)
        (-12.4 2.574966085364e+05)
        (-12.3 4.096390143755e+05)
        (-12.2 6.125784176669e+05)
        (-12.1 8.737734649069e+05)
        (-12.0 1.200731528401e+06)
        (-11.9 1.601007992164e+06)
        (-11.8 2.082205503710e+06)
        (-11.7 2.651973189890e+06)
        (-11.6 3.318005834929e+06)
        (-11.5 4.088043018813e+06)
        (-11.4 4.969868214147e+06)
        (-11.3 5.971307839624e+06)
        (-11.2 7.100230268211e+06)
        (-11.1 8.364544788170e+06)
        (-11.0 9.772200515031e+06)
        (-10.9 1.133118525260e+07)
        (-10.8 1.304952430115e+07)
        (-10.7 1.493527921080e+07)
        (-10.6 1.699654647838e+07)
        (-10.5 1.924145618558e+07)
        (-10.4 2.167817057684e+07)
        (-10.3 2.431488257483e+07)
        (-10.2 2.715981423177e+07)
        (-10.1 3.022121511467e+07)
        (-10.0 3.350736062263e+07)
        (-9.9 3.702655023444e+07)
        (-9.8 4.078710568445e+07)
        (-9.7 4.479736906511e+07)
        (-9.6 4.906570085424e+07)
        (-9.5 5.360047786528e+07)
        (-9.4 5.841009111878e+07)
        (-9.3 6.350294363338e+07)
        (-9.2 6.888744813455e+07)
        (-9.1 7.457202467950e+07)
        (-9.0 8.056509819643e+07)
        (-8.9 8.687509593675e+07)
        (-8.8 9.351044483849e+07)
        (-8.7 1.004795687994e+08)
        (-8.6 1.077908858585e+08)
        (-8.5 1.154528052841e+08)
        (-8.4 1.234737245672e+08)
        (-8.3 1.318620263194e+08)
        (-8.2 1.406260750732e+08)
        (-8.1 1.497742139834e+08)
        (-8.0 1.593147614297e+08)
        (-7.9 1.692560075177e+08)
        (-7.8 1.796062104786e+08)
        (-7.7 1.903735929658e+08)
        (-7.6 2.015663382476e+08)
        (-7.5 2.131925862960e+08)
        (-7.4 2.252604297697e+08)
        (-7.3 2.377779098910e+08)
        (-7.2 2.507530122168e+08)
        (-7.1 2.641936623021e+08)
        (-7.0 2.781077212565e+08)
        (-6.9 2.925029811928e+08)
        (-6.8 3.073871605679e+08)
        (-6.7 3.227678994160e+08)
        (-6.6 3.386527544737e+08)
        (-6.5 3.550491941977e+08)
        (-6.4 3.719645936752e+08)
        (-6.3 3.894062294274e+08)
        (-6.2 4.073812741061e+08)
        (-6.1 4.258967910857e+08)
        (-6.0 4.449597289490e+08)
        (-5.9 4.645769158708e+08)
        (-5.8 4.847550538970e+08)
        (-5.7 5.055007131233e+08)
        (-5.6 5.268203257738e+08)
        (-5.5 5.487201801806e+08)
        (-5.4 5.712064146672e+08)
        (-5.3 5.942850113368e+08)
        (-5.2 6.179617897680e+08)
        (-5.1 6.422424006203e+08)
        (-5.0 6.671323191513e+08)
        (-4.9 6.926368386487e+08)
        (-4.8 7.187610637800e+08)
        (-4.7 7.455099038623e+08)
        (-4.6 7.728880660568e+08)
        (-4.5 8.009000484893e+08)
        (-4.4 8.295501333022e+08)
        (-4.3 8.588423796417e+08)
        (-4.2 8.887806165823e+08)
        (-4.1 9.193684359958e+08)
        (-4.0 9.506091853669e+08)
        (-3.9 9.825059605613e+08)
        (-3.8 1.015061598551e+09)
        (-3.7 1.048278670101e+09)
        (-3.6 1.082159472426e+09)
        (-3.5 1.116706021818e+09)
        (-3.4 1.151920046253e+09)
        (-3.3 1.187802977985e+09)
        (-3.2 1.224355946131e+09)
        (-3.1 1.261579769251e+09)
        (-3.0 1.299474947938e+09)
        (-2.9 1.338041657416e+09)
        (-2.8 1.377279740159e+09)
        (-2.7 1.417188698535e+09)
        (-2.6 1.457767687487e+09)
        (-2.5 1.499015507253e+09)
        (-2.4 1.540930596141e+09)
        (-2.3 1.583511023360e+09)
        (-2.2 1.626754481916e+09)
        (-2.1 1.670658281594e+09)
        (-2.0 1.715219342011e+09)
        (-1.9 1.760434185780e+09)
        (-1.8 1.806298931769e+09)
        (-1.7 1.852809288475e+09)
        (-1.6 1.899960547522e+09)
        (-1.5 1.947747577300e+09)
        (-1.4 1.996164816741e+09)
        (-1.3 2.045206269252e+09)
        (-1.2 2.094865496818e+09)
        (-1.1 2.145135614278e+09)
        (-1.0 2.196009283790e+09)
        (-0.9 2.247478709497e+09)
        (-0.8 2.299535632401e+09)
        (-0.7 2.352171325461e+09)
        (-0.6 2.405376588922e+09)
        (-0.5 2.459141745896e+09)
        (-0.4 2.513456638192e+09)
        (-0.3 2.568310622420e+09)
        (-0.2 2.623692566376e+09)
        (-0.1 2.679590845720e+09)
        (0.0 2.735993340958e+09)
        (0.1 2.792887434744e+09)
        (0.2 2.850260009509e+09)
        (0.3 2.908097445432e+09)
        (0.4 2.966385618771e+09)
        (0.5 3.025109900550e+09)
        (0.6 3.084255155632e+09)
        (0.7 3.143805742181e+09)
        (0.8 3.203745511520e+09)
        (0.9 3.264057808414e+09)
        (1.0 3.324725471763e+09)
        (1.1 3.385730835750e+09)
        (1.2 3.447055731421e+09)
        (1.3 3.508681488735e+09)
        (1.4 3.570588939077e+09)
        (1.5 3.632758418258e+09)
        (1.6 3.695169770002e+09)
        (1.7 3.757802349936e+09)
        (1.8 3.820635030087e+09)
        (1.9 3.883646203909e+09)
        (2.0 3.946813791826e+09)
        (2.1 4.010115247327e+09)
        (2.2 4.073527563595e+09)
        (2.3 4.137027280699e+09)
        (2.4 4.200590493339e+09)
        (2.5 4.264192859170e+09)
        (2.6 4.327809607688e+09)
        (2.7 4.391415549707e+09)
        (2.8 4.454985087411e+09)
        (2.9 4.518492225006e+09)
        (3.0 4.581910579956e+09)
        (3.1 4.645213394820e+09)
        (3.2 4.708373549693e+09)
        (3.3 4.771363575235e+09)
        (3.4 4.834155666317e+09)
        (3.5 4.896721696258e+09)
        (3.6 4.959033231671e+09)
        (3.7 5.021061547901e+09)
        (3.8 5.082777645074e+09)
        (3.9 5.144152264728e+09)
        (4.0 5.205155907045e+09)
        (4.1 5.265758848662e+09)
        (4.2 5.325931161067e+09)
        (4.3 5.385642729571e+09)
        (4.4 5.444863272840e+09)
        (4.5 5.503562362987e+09)
        (4.6 5.561709446217e+09)
        (4.7 5.619273864001e+09)
        (4.8 5.676224874778e+09)
        (4.9 5.732531676177e+09)
        (5.0 5.788163427723e+09)
        (5.1 5.843089274042e+09)
        (5.2 5.897278368526e+09)
        (5.3 5.950699897447e+09)
        (5.4 6.003323104509e+09)
        (5.5 6.055117315813e+09)
        (5.6 6.106051965209e+09)
        (5.7 6.156096620029e+09)
        (5.8 6.205221007162e+09)
        (5.9 6.253395039458e+09)
        (6.0 6.300588842430e+09)
        (6.1 6.346772781239e+09)
        (6.2 6.391917487918e+09)
        (6.3 6.435993888827e+09)
        (6.4 6.478973232289e+09)
        (6.5 6.520827116401e+09)
        (6.6 6.561527516968e+09)
        (6.7 6.601046815540e+09)
        (6.8 6.639357827521e+09)
        (6.9 6.676433830304e+09)
        (7.0 6.712248591415e+09)
        (7.1 6.746776396615e+09)
        (7.2 6.779992077940e+09)
        (7.3 6.811871041623e+09)
        (7.4 6.842389295881e+09)
        (7.5 6.871523478516e+09)
        (7.6 6.899250884295e+09)
        (7.7 6.925549492071e+09)
        (7.8 6.950397991607e+09)
        (7.9 6.973775810056e+09)
        (8.0 6.995663138072e+09)
        (8.1 7.016040955486e+09)
        (8.2 7.034891056539e+09)
        (8.3 7.052196074600e+09)
        (8.4 7.067939506350e+09)
        (8.5 7.082105735378e+09)
        (8.6 7.094680055159e+09)
        (8.7 7.105648691358e+09)
        (8.8 7.114998823435e+09)
        (8.9 7.122718605503e+09)
        (9.0 7.128797186401e+09)
        (9.1 7.133224728934e+09)
        (9.2 7.135992428259e+09)
        (9.3 7.137092529360e+09)
        (9.4 7.136518343587e+09)
        (9.5 7.134264264213e+09)
        (9.6 7.130325780984e+09)
        (9.7 7.124699493607e+09)
        (9.8 7.117383124173e+09)
        (9.9 7.108375528449e+09)
        (10.0 7.097676706027e+09)
        (10.1 7.085287809299e+09)
        (10.2 7.071211151216e+09)
        (10.3 7.055450211823e+09)
        (10.4 7.038009643520e+09)
        (10.5 7.018895275051e+09)
        (10.6 6.998114114175e+09)
        (10.7 6.975674349008e+09)
        (10.8 6.951585348025e+09)
        (10.9 6.925857658691e+09)
        (11.0 6.898503004707e+09)
        (11.1 6.869534281871e+09)
        (11.2 6.838965552529e+09)
        (11.3 6.806812038615e+09)
        (11.4 6.773090113269e+09)
        (11.5 6.737817291035e+09)
        (11.6 6.701012216625e+09)
        (11.7 6.662694652269e+09)
        (11.8 6.622885463632e+09)
        (11.9 6.581606604322e+09)
        (12.0 6.538881098986e+09)
        (12.1 6.494733025005e+09)
        (12.2 6.449187492809e+09)
        (12.3 6.402270624820e+09)
        (12.4 6.354009533044e+09)
        (12.5 6.304432295330e+09)
        (12.6 6.253567930327e+09)
        (12.7 6.201446371157e+09)
        (12.8 6.148098437832e+09)
        (12.9 6.093555808457e+09)
        (13.0 6.037850989238e+09)
        (13.1 5.981017283341e+09)
        (13.2 5.923088758641e+09)
        (13.3 5.864100214388e+09)
        (13.4 5.804087146856e+09)
        (13.5 5.743085713999e+09)
        (13.6 5.681132699175e+09)
        (13.7 5.618265473980e+09)
        (13.8 5.554521960253e+09)
        (13.9 5.489940591291e+09)
        (14.0 5.424560272351e+09)
        (14.1 5.358420340470e+09)
        (14.2 5.291560523691e+09)
        (14.3 5.224020899728e+09)
        (14.4 5.155841854156e+09)
        (14.5 5.087064038169e+09)
        (14.6 5.017728325993e+09)
        (14.7 4.947875771995e+09)
        (14.8 4.877547567575e+09)
        (14.9 4.806784997897e+09)
        (15.0 4.735629398536e+09)
        (15.1 4.664122112100e+09)
        (15.2 4.592304444904e+09)
        (15.3 4.520217623761e+09)
        (15.4 4.447902752966e+09)
        (15.5 4.375400771531e+09)
        (15.6 4.302752410752e+09)
        (15.7 4.229998152174e+09)
        (15.8 4.157178186010e+09)
        (15.9 4.084332370107e+09)
        (16.0 4.011500189500e+09)
        (16.1 3.938720716634e+09)
        (16.2 3.866032572318e+09)
        (16.3 3.793473887471e+09)
        (16.4 3.721082265717e+09)
        (16.5 3.648894746907e+09)
        (16.6 3.576947771603e+09)
        (16.7 3.505277146604e+09)
        (16.8 3.433918011546e+09)
        (16.9 3.362904806647e+09)
        (17.0 3.292271241643e+09)
        (17.1 3.222050265949e+09)
        (17.2 3.152274040113e+09)
        (17.3 3.082973908590e+09)
        (17.4 3.014180373874e+09)
        (17.5 2.945923072044e+09)
        (17.6 2.878230749732e+09)
        (17.7 2.811131242566e+09)
        (17.8 2.744651455110e+09)
        (17.9 2.678817342313e+09)
        (18.0 2.613653892508e+09)
        (18.1 2.549185111972e+09)
        (18.2 2.485434011057e+09)
        (18.3 2.422422591910e+09)
        (18.4 2.360171837787e+09)
        (18.5 2.298701703974e+09)
        (18.6 2.238031110304e+09)
        (18.7 2.178177935279e+09)
        (18.8 2.119159011788e+09)
        (18.9 2.060990124413e+09)
        (19.0 2.003686008313e+09)
        (19.1 1.947260349668e+09)
        (19.2 1.891725787673e+09)
        (19.3 1.837093918043e+09)
        (19.4 1.783375298032e+09)
        (19.5 1.730579452917e+09)
        (19.6 1.678714883918e+09)
        (19.7 1.627789077541e+09)
        (19.8 1.577808516283e+09)
        (19.9 1.528778690676e+09)
        (20.0 1.480704112631e+09)
        (20.1 1.433588330022e+09)
        (20.2 1.387433942496e+09)
        (20.3 1.342242618418e+09)
        (20.4 1.298015112950e+09)
        (20.5 1.254751287172e+09)
        (20.6 1.212450128218e+09)
        (20.7 1.171109770362e+09)
        (20.8 1.130727517000e+09)
        (20.9 1.091299863473e+09)
        (21.0 1.052822520668e+09)
        (21.1 1.015290439349e+09)
        (21.2 9.786978351444e+08)
        (21.3 9.430382141433e+08)
        (21.4 9.083043990305e+08)
        (21.5 8.744885557075e+08)
        (21.6 8.415822203335e+08)
        (21.7 8.095763267282e+08)
        (21.8 7.784612340749e+08)
        (21.9 7.482267548652e+08)
        (22.0 7.188621830244e+08)
        (22.1 6.903563221602e+08)
        (22.2 6.626975138764e+08)
        (22.3 6.358736660946e+08)
        (22.4 6.098722813283e+08)
        (22.5 5.846804848558e+08)
        (22.6 5.602850527370e+08)
        (22.7 5.366724396250e+08)
        (22.8 5.138288063201e+08)
        (22.9 4.917400470201e+08)
        (23.0 4.703918162191e+08)
        (23.1 4.497695552112e+08)
        (23.2 4.298585181559e+08)
        (23.3 4.106437976656e+08)
        (23.4 3.921103498757e+08)
        (23.5 3.742430189628e+08)
        (23.6 3.570265610755e+08)
        (23.7 3.404456676477e+08)
        (23.8 3.244849880635e+08)
        (23.9 3.091291516488e+08)
        (24.0 2.943627889630e+08)
        (24.1 2.801705523698e+08)
        (24.2 2.665371358677e+08)
        (24.3 2.534472941606e+08)
        (24.4 2.408858609567e+08)
        (24.5 2.288377664799e+08)
        (24.6 2.172880541847e+08)
        (24.7 2.062218966669e+08)
        (24.8 1.956246107630e+08)
        (24.9 1.854816718353e+08)
        (25.0 1.757787272408e+08)
        (25.1 1.665016089846e+08)
        (25.2 1.576363455608e+08)
        (25.3 1.491691729836e+08)
        (25.4 1.410865450175e+08)
        (25.5 1.333751426119e+08)
        (25.6 1.260218825531e+08)
        (25.7 1.190139253418e+08)
        (25.8 1.123386823122e+08)
        (25.9 1.059838220049e+08)
        (26.0 9.993727581040e+07)
        (26.1 9.418724290120e+07)
        (26.2 8.872219446860e+07)
        (26.3 8.353087728569e+07)
        (26.4 7.860231661572e+07)
        (26.5 7.392581848754e+07)
        (26.6 6.949097135992e+07)
        (26.7 6.528764719776e+07)
        (26.8 6.130600198323e+07)
        (26.9 5.753647568591e+07)
        (27.0 0.000000000000e+00)
        (180.0 0.000000000000e+00)
    );

    outOfBounds             clamp;
    interpolationScheme     linear;
}

// ************************************************************************* //
