/*--------------------------------*- C++ -*----------------------------------*\
  =========                 |
  \\      /  F ield         | OpenFOAM: The Open Source CFD Toolbox
   \\    /   O peration     | Website:  https://openfoam.org
    \\  /    A nd           | Version:  13
     \\/     M anipulation  |
\*---------------------------------------------------------------------------*/
FoamFile
{
    format      ascii;
    class       volScalarField;
    location    "22";
    object      p;
}
// * * * * * * * * * * * * * * * * * * * * * * * * * * * * * * * * * * * * * //

dimensions      [1 -1 -2 0 0 0 0];

internalField   nonuniform List<scalar> 
4800
(
8215384.1
8215384.1
8215384.1
8215384.1
8215384.1
8215384.2
8215384.2
8215384.2
8215384.2
8215384.2
8215384.2
8215384.3
8215384.3
8215384.3
8215384.4
8215384.4
8215384.5
8215384.6
8215384.6
8215384.7
8215384.8
8215384.9
8215384.9
8215384.9
8215384.8
8215384.5
8215384.1
8215383.7
8215383.5
8215383
8215382.9
8215383
8215383.2
8215383.2
8215383.2
8215383.2
8215383.2
8215383.3
8215383.5
8215383.7
8215384.7
8215384.7
8215384.7
8215384.7
8215384.7
8215384.7
8215384.7
8215384.7
8215384.7
8215384.7
8215384.8
8215384.8
8215384.8
8215384.9
8215384.9
8215385
8215385
8215385.1
8215385.2
8215385.2
8215385.3
8215385.4
8215385.5
8215385.4
8215385.3
8215385
8215384.6
8215384.3
8215384.2
8215383.7
8215383.4
8215383.5
8215383.7
8215383.7
8215383.7
8215383.7
8215383.6
8215383.7
8215383.9
8215384.1
8215385
8215385
8215385
8215385
8215385
8215385.1
8215385.1
8215385.1
8215385.1
8215385.1
8215385.1
8215385.2
8215385.2
8215385.2
8215385.3
8215385.3
8215385.4
8215385.5
8215385.5
8215385.6
8215385.7
8215385.8
8215385.8
8215385.8
8215385.7
8215385.4
8215385
8215384.8
8215384.6
8215384.1
8215383.8
8215383.9
8215384.1
8215384.1
8215384.1
8215384
8215384
8215384.1
8215384.2
8215384.4
8215385.4
8215385.4
8215385.4
8215385.4
8215385.4
8215385.4
8215385.4
8215385.4
8215385.4
8215385.5
8215385.5
8215385.5
8215385.5
8215385.6
8215385.6
8215385.7
8215385.7
8215385.8
8215385.9
8215386
8215386
8215386.1
8215386.2
8215386.2
8215386
8215385.7
8215385.4
8215385.1
8215385
8215384.4
8215384.1
8215384.2
8215384.4
8215384.4
8215384.4
8215384.3
8215384.3
8215384.4
8215384.5
8215384.6
8215385.7
8215385.7
8215385.7
8215385.7
8215385.7
8215385.7
8215385.7
8215385.7
8215385.8
8215385.8
8215385.8
8215385.8
8215385.9
8215385.9
8215385.9
8215386
8215386
8215386.1
8215386.2
8215386.3
8215386.4
8215386.4
8215386.5
8215386.5
8215386.3
8215386.1
8215385.7
8215385.5
8215385.2
8215384.7
8215384.4
8215384.5
8215384.7
8215384.7
8215384.7
8215384.6
8215384.6
8215384.7
8215384.8
8215384.9
8215386
8215386
8215386
8215386
8215386
8215386
8215386
8215386
8215386
8215386.1
8215386.1
8215386.1
8215386.2
8215386.2
8215386.2
8215386.3
8215386.3
8215386.4
8215386.5
8215386.6
8215386.7
8215386.7
8215386.8
8215386.8
8215386.7
8215386.4
8215386.1
8215385.8
8215385.4
8215384.9
8215384.7
8215384.8
8215385
8215385
8215385
8215384.9
8215384.9
8215384.9
8215385.1
8215385.2
8215386.3
8215386.3
8215386.3
8215386.3
8215386.3
8215386.3
8215386.3
8215386.3
8215386.3
8215386.4
8215386.4
8215386.4
8215386.4
8215386.5
8215386.5
8215386.6
8215386.6
8215386.7
8215386.8
8215386.8
8215386.9
8215387
8215387.1
8215387.1
8215386.9
8215386.7
8215386.4
8215386
8215385.6
8215385.1
8215384.9
8215385.1
8215385.3
8215385.3
8215385.3
8215385.2
8215385.2
8215385.2
8215385.3
8215385.4
8215386.6
8215386.6
8215386.6
8215386.6
8215386.6
8215386.6
8215386.6
8215386.6
8215386.6
8215386.6
8215386.7
8215386.7
8215386.7
8215386.8
8215386.8
8215386.9
8215386.9
8215387
8215387
8215387.1
8215387.2
8215387.3
8215387.4
8215387.4
8215387.2
8215387
8215386.6
8215386.3
8215385.8
8215385.3
8215385.2
8215385.4
8215385.5
8215385.6
8215385.6
8215385.5
8215385.5
8215385.5
8215385.6
8215385.7
8215386.8
8215386.8
8215386.8
8215386.8
8215386.9
8215386.9
8215386.9
8215386.9
8215386.9
8215386.9
8215386.9
8215387
8215387
8215387
8215387.1
8215387.1
8215387.2
8215387.3
8215387.3
8215387.4
8215387.5
8215387.6
8215387.6
8215387.6
8215387.5
8215387.3
8215386.9
8215386.5
8215386
8215385.5
8215385.4
8215385.6
8215385.8
8215385.9
8215385.8
8215385.8
8215385.7
8215385.7
8215385.8
8215385.9
8215387.1
8215387.1
8215387.1
8215387.1
8215387.1
8215387.1
8215387.2
8215387.2
8215387.2
8215387.2
8215387.2
8215387.3
8215387.3
8215387.3
8215387.4
8215387.4
8215387.5
8215387.5
8215387.6
8215387.7
8215387.8
8215387.8
8215387.9
8215387.9
8215387.8
8215387.5
8215387.2
8215386.7
8215386.2
8215385.7
8215385.7
8215385.9
8215386.1
8215386.2
8215386.1
8215386.1
8215386
8215386
8215386.1
8215386.2
8215387.4
8215387.4
8215387.4
8215387.4
8215387.4
8215387.4
8215387.4
8215387.4
8215387.5
8215387.5
8215387.5
8215387.5
8215387.6
8215387.6
8215387.6
8215387.7
8215387.7
8215387.8
8215387.9
8215387.9
8215388
8215388.1
8215388.2
8215388.2
8215388.1
8215387.8
8215387.4
8215386.9
8215386.4
8215385.9
8215385.9
8215386.2
8215386.4
8215386.4
8215386.4
8215386.3
8215386.3
8215386.3
8215386.4
8215386.5
8215387.7
8215387.7
8215387.7
8215387.7
8215387.7
8215387.7
8215387.7
8215387.7
8215387.7
8215387.8
8215387.8
8215387.8
8215387.8
8215387.9
8215387.9
8215388
8215388
8215388.1
8215388.1
8215388.2
8215388.3
8215388.4
8215388.4
8215388.4
8215388.3
8215388.1
8215387.7
8215387.1
8215386.6
8215386.2
8215386.2
8215386.4
8215386.7
8215386.7
8215386.7
8215386.6
8215386.6
8215386.6
8215386.6
8215386.7
8215387.9
8215387.9
8215387.9
8215387.9
8215388
8215388
8215388
8215388
8215388
8215388
8215388
8215388.1
8215388.1
8215388.1
8215388.2
8215388.2
8215388.3
8215388.3
8215388.4
8215388.5
8215388.5
8215388.6
8215388.7
8215388.7
8215388.6
8215388.3
8215387.9
8215387.3
8215386.8
8215386.4
8215386.4
8215386.7
8215386.9
8215387
8215386.9
8215386.9
8215386.8
8215386.8
8215386.9
8215387
8215388.2
8215388.2
8215388.2
8215388.2
8215388.2
8215388.2
8215388.2
8215388.3
8215388.3
8215388.3
8215388.3
8215388.3
8215388.4
8215388.4
8215388.4
8215388.5
8215388.5
8215388.6
8215388.7
8215388.7
8215388.8
8215388.9
8215388.9
8215388.9
8215388.8
8215388.5
8215388.1
8215387.5
8215387
8215386.6
8215386.7
8215387
8215387.2
8215387.3
8215387.2
8215387.2
8215387.1
8215387.1
8215387.2
8215387.3
8215388.5
8215388.5
8215388.5
8215388.5
8215388.5
8215388.5
8215388.5
8215388.5
8215388.5
8215388.6
8215388.6
8215388.6
8215388.6
8215388.7
8215388.7
8215388.7
8215388.8
8215388.9
8215388.9
8215389
8215389
8215389.1
8215389.2
8215389.2
8215389
8215388.8
8215388.3
8215387.7
8215387.2
8215386.8
8215386.9
8215387.2
8215387.5
8215387.5
8215387.5
8215387.4
8215387.4
8215387.4
8215387.4
8215387.5
8215388.7
8215388.7
8215388.7
8215388.7
8215388.8
8215388.8
8215388.8
8215388.8
8215388.8
8215388.8
8215388.8
8215388.9
8215388.9
8215388.9
8215389
8215389
8215389.1
8215389.1
8215389.2
8215389.2
8215389.3
8215389.4
8215389.4
8215389.4
8215389.3
8215389
8215388.5
8215387.9
8215387.4
8215387
8215387.1
8215387.5
8215387.7
8215387.8
8215387.8
8215387.7
8215387.7
8215387.7
8215387.7
8215387.8
8215389
8215389
8215389
8215389
8215389
8215389
8215389
8215389
8215389.1
8215389.1
8215389.1
8215389.1
8215389.2
8215389.2
8215389.2
8215389.3
8215389.3
8215389.4
8215389.4
8215389.5
8215389.5
8215389.6
8215389.6
8215389.6
8215389.5
8215389.2
8215388.7
8215388.1
8215387.6
8215387.3
8215387.4
8215387.8
8215388
8215388
8215388
8215388
8215388
8215388
8215388
8215388.1
8215389.3
8215389.3
8215389.3
8215389.3
8215389.3
8215389.3
8215389.3
8215389.3
8215389.3
8215389.3
8215389.4
8215389.4
8215389.4
8215389.4
8215389.5
8215389.5
8215389.6
8215389.6
8215389.7
8215389.7
8215389.8
8215389.8
8215389.9
8215389.8
8215389.7
8215389.4
8215388.9
8215388.3
8215387.8
8215387.5
8215387.7
8215388
8215388.2
8215388.3
8215388.3
8215388.3
8215388.2
8215388.2
8215388.3
8215388.3
8215389.5
8215389.5
8215389.5
8215389.5
8215389.5
8215389.5
8215389.5
8215389.6
8215389.6
8215389.6
8215389.6
8215389.6
8215389.7
8215389.7
8215389.7
8215389.8
8215389.8
8215389.9
8215389.9
8215390
8215390
8215390.1
8215390.1
8215390.1
8215389.9
8215389.6
8215389.1
8215388.5
8215388
8215387.7
8215387.9
8215388.3
8215388.5
8215388.6
8215388.6
8215388.5
8215388.5
8215388.5
8215388.5
8215388.6
8215389.8
8215389.8
8215389.8
8215389.8
8215389.8
8215389.8
8215389.8
8215389.8
8215389.8
8215389.8
8215389.9
8215389.9
8215389.9
8215389.9
8215390
8215390
8215390.1
8215390.1
8215390.1
8215390.2
8215390.2
8215390.3
8215390.3
8215390.3
8215390.1
8215389.8
8215389.3
8215388.8
8215388.2
8215388
8215388.2
8215388.6
8215388.8
8215388.8
8215388.8
8215388.8
8215388.8
8215388.8
8215388.8
8215388.9
8215390
8215390
8215390
8215390
8215390
8215390
8215390
8215390.1
8215390.1
8215390.1
8215390.1
8215390.1
8215390.2
8215390.2
8215390.2
8215390.3
8215390.3
8215390.3
8215390.4
8215390.4
8215390.5
8215390.5
8215390.5
8215390.5
8215390.3
8215390
8215389.5
8215389
8215388.4
8215388.2
8215388.4
8215388.8
8215389
8215389.1
8215389.1
8215389.1
8215389.1
8215389.1
8215389.1
8215389.2
8215390.3
8215390.3
8215390.3
8215390.3
8215390.3
8215390.3
8215390.3
8215390.3
8215390.3
8215390.3
8215390.4
8215390.4
8215390.4
8215390.4
8215390.5
8215390.5
8215390.5
8215390.6
8215390.6
8215390.7
8215390.7
8215390.7
8215390.7
8215390.7
8215390.5
8215390.2
8215389.7
8215389.2
8215388.7
8215388.5
8215388.7
8215389.1
8215389.3
8215389.4
8215389.4
8215389.3
8215389.3
8215389.4
8215389.4
8215389.4
8215390.5
8215390.5
8215390.5
8215390.5
8215390.5
8215390.5
8215390.5
8215390.6
8215390.6
8215390.6
8215390.6
8215390.6
8215390.6
8215390.7
8215390.7
8215390.7
8215390.8
8215390.8
8215390.8
8215390.9
8215390.9
8215390.9
8215390.9
8215390.9
8215390.7
8215390.4
8215389.9
8215389.4
8215388.9
8215388.7
8215389
8215389.4
8215389.5
8215389.6
8215389.6
8215389.6
8215389.6
8215389.6
8215389.7
8215389.7
8215390.7
8215390.7
8215390.8
8215390.8
8215390.8
8215390.8
8215390.8
8215390.8
8215390.8
8215390.8
8215390.8
8215390.9
8215390.9
8215390.9
8215390.9
8215391
8215391
8215391
8215391.1
8215391.1
8215391.1
8215391.2
8215391.1
8215391.1
8215390.9
8215390.6
8215390.1
8215389.6
8215389.1
8215389
8215389.2
8215389.6
8215389.8
8215389.9
8215389.9
8215389.9
8215389.9
8215389.9
8215389.9
8215390
8215391
8215391
8215391
8215391
8215391
8215391
8215391
8215391
8215391
8215391.1
8215391.1
8215391.1
8215391.1
8215391.1
8215391.2
8215391.2
8215391.2
8215391.3
8215391.3
8215391.3
8215391.4
8215391.4
8215391.3
8215391.3
8215391.1
8215390.8
8215390.3
8215389.8
8215389.4
8215389.2
8215389.5
8215389.9
8215390.1
8215390.1
8215390.1
8215390.1
8215390.1
8215390.2
8215390.2
8215390.2
8215391.2
8215391.2
8215391.2
8215391.2
8215391.2
8215391.2
8215391.3
8215391.3
8215391.3
8215391.3
8215391.3
8215391.3
8215391.4
8215391.4
8215391.4
8215391.4
8215391.5
8215391.5
8215391.5
8215391.6
8215391.6
8215391.6
8215391.5
8215391.5
8215391.3
8215391
8215390.5
8215390
8215389.6
8215389.5
8215389.8
8215390.1
8215390.3
8215390.4
8215390.4
8215390.4
8215390.4
8215390.4
8215390.5
8215390.5
8215391.5
8215391.5
8215391.5
8215391.5
8215391.5
8215391.5
8215391.5
8215391.5
8215391.5
8215391.5
8215391.5
8215391.6
8215391.6
8215391.6
8215391.6
8215391.7
8215391.7
8215391.7
8215391.7
8215391.8
8215391.8
8215391.8
8215391.7
8215391.7
8215391.5
8215391.2
8215390.8
8215390.3
8215389.9
8215389.8
8215390
8215390.4
8215390.6
8215390.6
8215390.6
8215390.7
8215390.7
8215390.7
8215390.7
8215390.8
8215391.7
8215391.7
8215391.7
8215391.7
8215391.7
8215391.7
8215391.7
8215391.7
8215391.7
8215391.8
8215391.8
8215391.8
8215391.8
8215391.8
8215391.9
8215391.9
8215391.9
8215391.9
8215392
8215392
8215392
8215392
8215391.9
8215391.8
8215391.7
8215391.4
8215391
8215390.5
8215390.1
8215390.1
8215390.3
8215390.7
8215390.8
8215390.9
8215390.9
8215390.9
8215390.9
8215391
8215391
8215391
8215391.9
8215391.9
8215391.9
8215391.9
8215391.9
8215391.9
8215391.9
8215392
8215392
8215392
8215392
8215392
8215392
8215392.1
8215392.1
8215392.1
8215392.1
8215392.2
8215392.2
8215392.2
8215392.2
8215392.2
8215392.1
8215392
8215391.8
8215391.6
8215391.2
8215390.7
8215390.4
8215390.3
8215390.6
8215390.9
8215391.1
8215391.1
8215391.2
8215391.2
8215391.2
8215391.2
8215391.2
8215391.3
8215392.1
8215392.1
8215392.2
8215392.2
8215392.2
8215392.2
8215392.2
8215392.2
8215392.2
8215392.2
8215392.2
8215392.2
8215392.3
8215392.3
8215392.3
8215392.3
8215392.3
8215392.4
8215392.4
8215392.4
8215392.4
8215392.4
8215392.3
8215392.2
8215392
8215391.8
8215391.4
8215391
8215390.7
8215390.6
8215390.9
8215391.2
8215391.3
8215391.4
8215391.4
8215391.4
8215391.4
8215391.5
8215391.5
8215391.6
8215392.4
8215392.4
8215392.4
8215392.4
8215392.4
8215392.4
8215392.4
8215392.4
8215392.4
8215392.4
8215392.4
8215392.5
8215392.5
8215392.5
8215392.5
8215392.5
8215392.6
8215392.6
8215392.6
8215392.6
8215392.6
8215392.6
8215392.5
8215392.4
8215392.2
8215392
8215391.6
8215391.2
8215390.9
8215390.9
8215391.2
8215391.4
8215391.6
8215391.6
8215391.6
8215391.7
8215391.7
8215391.7
8215391.7
8215391.8
8215392.6
8215392.6
8215392.6
8215392.6
8215392.6
8215392.6
8215392.6
8215392.6
8215392.6
8215392.7
8215392.7
8215392.7
8215392.7
8215392.7
8215392.7
8215392.8
8215392.8
8215392.8
8215392.8
8215392.8
8215392.8
8215392.8
8215392.7
8215392.6
8215392.4
8215392.1
8215391.8
8215391.4
8215391.2
8215391.2
8215391.4
8215391.7
8215391.8
8215391.9
8215391.9
8215391.9
8215391.9
8215392
8215392
8215392.1
8215392.8
8215392.8
8215392.8
8215392.8
8215392.8
8215392.8
8215392.8
8215392.8
8215392.9
8215392.9
8215392.9
8215392.9
8215392.9
8215392.9
8215392.9
8215393
8215393
8215393
8215393
8215393
8215393
8215393
8215392.9
8215392.8
8215392.6
8215392.3
8215392
8215391.7
8215391.5
8215391.5
8215391.7
8215391.9
8215392.1
8215392.1
8215392.1
8215392.2
8215392.2
8215392.2
8215392.2
8215392.3
8215393
8215393
8215393
8215393
8215393
8215393
8215393.1
8215393.1
8215393.1
8215393.1
8215393.1
8215393.1
8215393.1
8215393.1
8215393.2
8215393.2
8215393.2
8215393.2
8215393.2
8215393.2
8215393.2
8215393.1
8215393.1
8215393
8215392.8
8215392.5
8215392.2
8215391.9
8215391.7
8215391.7
8215392
8215392.2
8215392.3
8215392.4
8215392.4
8215392.4
8215392.4
8215392.5
8215392.5
8215392.6
8215393.2
8215393.2
8215393.2
8215393.2
8215393.3
8215393.3
8215393.3
8215393.3
8215393.3
8215393.3
8215393.3
8215393.3
8215393.3
8215393.3
8215393.4
8215393.4
8215393.4
8215393.4
8215393.4
8215393.4
8215393.4
8215393.3
8215393.3
8215393.1
8215393
8215392.7
8215392.5
8215392.2
8215392
8215392
8215392.2
8215392.4
8215392.5
8215392.6
8215392.6
8215392.6
8215392.6
8215392.7
8215392.7
8215392.8
8215393.5
8215393.5
8215393.5
8215393.5
8215393.5
8215393.5
8215393.5
8215393.5
8215393.5
8215393.5
8215393.5
8215393.5
8215393.5
8215393.5
8215393.6
8215393.6
8215393.6
8215393.6
8215393.6
8215393.6
8215393.6
8215393.5
8215393.4
8215393.3
8215393.2
8215392.9
8215392.7
8215392.4
8215392.2
8215392.3
8215392.5
8215392.7
8215392.8
8215392.8
8215392.8
8215392.9
8215392.9
8215392.9
8215393
8215393
8215393.7
8215393.7
8215393.7
8215393.7
8215393.7
8215393.7
8215393.7
8215393.7
8215393.7
8215393.7
8215393.7
8215393.7
8215393.7
8215393.8
8215393.8
8215393.8
8215393.8
8215393.8
8215393.8
8215393.8
8215393.8
8215393.7
8215393.6
8215393.5
8215393.3
8215393.1
8215392.9
8215392.6
8215392.5
8215392.5
8215392.7
8215392.9
8215393
8215393
8215393.1
8215393.1
8215393.1
8215393.2
8215393.2
8215393.3
8215393.9
8215393.9
8215393.9
8215393.9
8215393.9
8215393.9
8215393.9
8215393.9
8215393.9
8215393.9
8215393.9
8215393.9
8215393.9
8215394
8215394
8215394
8215394
8215394
8215394
8215394
8215393.9
8215393.9
8215393.8
8215393.7
8215393.5
8215393.3
8215393.1
8215392.9
8215392.8
8215392.8
8215393
8215393.1
8215393.2
8215393.3
8215393.3
8215393.3
8215393.3
8215393.4
8215393.4
8215393.5
8215394.1
8215394.1
8215394.1
8215394.1
8215394.1
8215394.1
8215394.1
8215394.1
8215394.1
8215394.1
8215394.1
8215394.1
8215394.1
8215394.1
8215394.2
8215394.2
8215394.2
8215394.2
8215394.2
8215394.2
8215394.1
8215394.1
8215394
8215393.9
8215393.7
8215393.5
8215393.3
8215393.1
8215393
8215393.1
8215393.2
8215393.4
8215393.4
8215393.5
8215393.5
8215393.5
8215393.6
8215393.6
8215393.7
8215393.7
8215394.3
8215394.3
8215394.3
8215394.3
8215394.3
8215394.3
8215394.3
8215394.3
8215394.3
8215394.3
8215394.3
8215394.3
8215394.3
8215394.3
8215394.4
8215394.4
8215394.4
8215394.4
8215394.4
8215394.3
8215394.3
8215394.2
8215394.2
8215394.1
8215393.9
8215393.7
8215393.5
8215393.3
8215393.3
8215393.3
8215393.5
8215393.6
8215393.7
8215393.7
8215393.7
8215393.8
8215393.8
8215393.8
8215393.9
8215394
8215394.5
8215394.5
8215394.5
8215394.5
8215394.5
8215394.5
8215394.5
8215394.5
8215394.5
8215394.5
8215394.5
8215394.5
8215394.5
8215394.5
8215394.5
8215394.5
8215394.5
8215394.5
8215394.5
8215394.5
8215394.5
8215394.4
8215394.3
8215394.2
8215394.1
8215393.9
8215393.7
8215393.6
8215393.5
8215393.5
8215393.7
8215393.8
8215393.9
8215393.9
8215394
8215394
8215394
8215394.1
8215394.1
8215394.2
8215394.7
8215394.7
8215394.7
8215394.7
8215394.7
8215394.7
8215394.7
8215394.7
8215394.7
8215394.7
8215394.7
8215394.7
8215394.7
8215394.7
8215394.7
8215394.7
8215394.7
8215394.7
8215394.7
8215394.7
8215394.7
8215394.6
8215394.5
8215394.4
8215394.3
8215394.1
8215393.9
8215393.8
8215393.7
8215393.8
8215393.9
8215394
8215394.1
8215394.1
8215394.2
8215394.2
8215394.2
8215394.3
8215394.3
8215394.4
8215394.9
8215394.9
8215394.9
8215394.9
8215394.9
8215394.9
8215394.9
8215394.9
8215394.9
8215394.9
8215394.9
8215394.9
8215394.9
8215394.9
8215394.9
8215394.9
8215394.9
8215394.9
8215394.9
8215394.9
8215394.8
8215394.8
8215394.7
8215394.6
8215394.4
8215394.3
8215394.1
8215394
8215394
8215394
8215394.1
8215394.2
8215394.3
8215394.4
8215394.4
8215394.4
8215394.4
8215394.5
8215394.5
8215394.6
8215395
8215395
8215395
8215395
8215395.1
8215395.1
8215395.1
8215395.1
8215395.1
8215395.1
8215395.1
8215395.1
8215395.1
8215395.1
8215395.1
8215395.1
8215395.1
8215395.1
8215395.1
8215395
8215395
8215394.9
8215394.9
8215394.8
8215394.6
8215394.5
8215394.3
8215394.2
8215394.2
8215394.2
8215394.4
8215394.5
8215394.5
8215394.6
8215394.6
8215394.6
8215394.7
8215394.7
8215394.7
8215394.8
8215395.2
8215395.2
8215395.2
8215395.2
8215395.2
8215395.2
8215395.2
8215395.2
8215395.3
8215395.3
8215395.3
8215395.3
8215395.3
8215395.3
8215395.3
8215395.3
8215395.3
8215395.3
8215395.2
8215395.2
8215395.2
8215395.1
8215395
8215394.9
8215394.8
8215394.7
8215394.5
8215394.4
8215394.4
8215394.5
8215394.6
8215394.7
8215394.7
8215394.8
8215394.8
8215394.8
8215394.9
8215394.9
8215395
8215395
8215395.4
8215395.4
8215395.4
8215395.4
8215395.4
8215395.4
8215395.4
8215395.4
8215395.4
8215395.4
8215395.4
8215395.4
8215395.5
8215395.5
8215395.5
8215395.5
8215395.4
8215395.4
8215395.4
8215395.4
8215395.3
8215395.3
8215395.2
8215395.1
8215395
8215394.8
8215394.7
8215394.6
8215394.6
8215394.7
8215394.8
8215394.9
8215394.9
8215395
8215395
8215395
8215395.1
8215395.1
8215395.2
8215395.2
8215395.6
8215395.6
8215395.6
8215395.6
8215395.6
8215395.6
8215395.6
8215395.6
8215395.6
8215395.6
8215395.6
8215395.6
8215395.6
8215395.6
8215395.6
8215395.6
8215395.6
8215395.6
8215395.6
8215395.6
8215395.5
8215395.4
8215395.4
8215395.3
8215395.2
8215395
8215394.9
8215394.8
8215394.8
8215394.9
8215395
8215395.1
8215395.1
8215395.2
8215395.2
8215395.2
8215395.3
8215395.3
8215395.4
8215395.4
8215395.8
8215395.8
8215395.8
8215395.8
8215395.8
8215395.8
8215395.8
8215395.8
8215395.8
8215395.8
8215395.8
8215395.8
8215395.8
8215395.8
8215395.8
8215395.8
8215395.8
8215395.8
8215395.8
8215395.7
8215395.7
8215395.6
8215395.5
8215395.4
8215395.3
8215395.2
8215395.1
8215395
8215395
8215395.1
8215395.2
8215395.3
8215395.3
8215395.4
8215395.4
8215395.4
8215395.5
8215395.5
8215395.6
8215395.7
8215396
8215396
8215396
8215396
8215396
8215396
8215396
8215396
8215396
8215396
8215396
8215396
8215396
8215396
8215396
8215396
8215396
8215395.9
8215395.9
8215395.9
8215395.8
8215395.8
8215395.7
8215395.6
8215395.5
8215395.4
8215395.3
8215395.2
8215395.2
8215395.3
8215395.4
8215395.5
8215395.5
8215395.6
8215395.6
8215395.6
8215395.7
8215395.7
8215395.8
8215395.8
8215396.1
8215396.1
8215396.1
8215396.1
8215396.1
8215396.1
8215396.1
8215396.1
8215396.1
8215396.1
8215396.1
8215396.1
8215396.1
8215396.1
8215396.1
8215396.1
8215396.1
8215396.1
8215396.1
8215396
8215396
8215395.9
8215395.9
8215395.8
8215395.7
8215395.6
8215395.5
8215395.4
8215395.4
8215395.5
8215395.6
8215395.7
8215395.7
8215395.8
8215395.8
8215395.8
8215395.9
8215395.9
8215396
8215396
8215396.3
8215396.3
8215396.3
8215396.3
8215396.3
8215396.3
8215396.3
8215396.3
8215396.3
8215396.3
8215396.3
8215396.3
8215396.3
8215396.3
8215396.3
8215396.3
8215396.3
8215396.3
8215396.2
8215396.2
8215396.2
8215396.1
8215396
8215395.9
8215395.8
8215395.7
8215395.7
8215395.6
8215395.6
8215395.7
8215395.8
8215395.8
8215395.9
8215395.9
8215396
8215396
8215396.1
8215396.1
8215396.2
8215396.2
8215396.5
8215396.5
8215396.5
8215396.5
8215396.5
8215396.5
8215396.5
8215396.5
8215396.5
8215396.5
8215396.5
8215396.5
8215396.5
8215396.5
8215396.5
8215396.5
8215396.4
8215396.4
8215396.4
8215396.4
8215396.3
8215396.3
8215396.2
8215396.1
8215396
8215395.9
8215395.8
8215395.8
8215395.8
8215395.9
8215396
8215396
8215396.1
8215396.1
8215396.2
8215396.2
8215396.2
8215396.3
8215396.3
8215396.4
8215396.6
8215396.6
8215396.6
8215396.6
8215396.6
8215396.6
8215396.6
8215396.6
8215396.6
8215396.6
8215396.6
8215396.6
8215396.6
8215396.6
8215396.6
8215396.6
8215396.6
8215396.6
8215396.6
8215396.5
8215396.5
8215396.4
8215396.3
8215396.3
8215396.2
8215396.1
8215396
8215396
8215396
8215396.1
8215396.1
8215396.2
8215396.3
8215396.3
8215396.4
8215396.4
8215396.4
8215396.5
8215396.5
8215396.6
8215396.8
8215396.8
8215396.8
8215396.8
8215396.8
8215396.8
8215396.8
8215396.8
8215396.8
8215396.8
8215396.8
8215396.8
8215396.8
8215396.8
8215396.8
8215396.8
8215396.8
8215396.7
8215396.7
8215396.7
8215396.6
8215396.6
8215396.5
8215396.4
8215396.3
8215396.2
8215396.2
8215396.2
8215396.2
8215396.2
8215396.3
8215396.4
8215396.4
8215396.5
8215396.5
8215396.6
8215396.6
8215396.7
8215396.7
8215396.8
8215397
8215397
8215397
8215397
8215397
8215397
8215397
8215397
8215397
8215397
8215397
8215397
8215397
8215396.9
8215396.9
8215396.9
8215396.9
8215396.9
8215396.9
8215396.8
8215396.8
8215396.7
8215396.6
8215396.6
8215396.5
8215396.4
8215396.4
8215396.3
8215396.4
8215396.4
8215396.5
8215396.6
8215396.6
8215396.7
8215396.7
8215396.8
8215396.8
8215396.9
8215396.9
8215397
8215397.1
8215397.1
8215397.1
8215397.1
8215397.1
8215397.1
8215397.1
8215397.1
8215397.1
8215397.1
8215397.1
8215397.1
8215397.1
8215397.1
8215397.1
8215397.1
8215397.1
8215397
8215397
8215397
8215396.9
8215396.9
8215396.8
8215396.7
8215396.6
8215396.6
8215396.5
8215396.5
8215396.5
8215396.6
8215396.7
8215396.7
8215396.8
8215396.8
8215396.9
8215396.9
8215397
8215397
8215397.1
8215397.2
8215397.3
8215397.3
8215397.3
8215397.3
8215397.3
8215397.3
8215397.3
8215397.3
8215397.3
8215397.3
8215397.3
8215397.3
8215397.3
8215397.3
8215397.2
8215397.2
8215397.2
8215397.2
8215397.2
8215397.1
8215397.1
8215397
8215396.9
8215396.9
8215396.8
8215396.7
8215396.7
8215396.7
8215396.7
8215396.8
8215396.8
8215396.9
8215397
8215397
8215397.1
8215397.1
8215397.1
8215397.2
8215397.2
8215397.3
8215397.4
8215397.4
8215397.4
8215397.4
8215397.4
8215397.4
8215397.4
8215397.4
8215397.4
8215397.4
8215397.4
8215397.4
8215397.4
8215397.4
8215397.4
8215397.4
8215397.4
8215397.3
8215397.3
8215397.3
8215397.2
8215397.2
8215397.1
8215397
8215397
8215396.9
8215396.9
8215396.9
8215396.9
8215396.9
8215397
8215397.1
8215397.1
8215397.2
8215397.2
8215397.3
8215397.3
8215397.4
8215397.4
8215397.5
8215397.6
8215397.6
8215397.6
8215397.6
8215397.6
8215397.6
8215397.6
8215397.6
8215397.6
8215397.6
8215397.6
8215397.6
8215397.6
8215397.5
8215397.5
8215397.5
8215397.5
8215397.5
8215397.4
8215397.4
8215397.4
8215397.3
8215397.2
8215397.2
8215397.1
8215397.1
8215397
8215397
8215397
8215397.1
8215397.2
8215397.2
8215397.3
8215397.4
8215397.4
8215397.4
8215397.5
8215397.6
8215397.6
8215397.7
8215397.7
8215397.7
8215397.7
8215397.7
8215397.7
8215397.7
8215397.7
8215397.7
8215397.7
8215397.7
8215397.7
8215397.7
8215397.7
8215397.7
8215397.7
8215397.7
8215397.6
8215397.6
8215397.6
8215397.5
8215397.5
8215397.4
8215397.4
8215397.3
8215397.3
8215397.2
8215397.2
8215397.2
8215397.2
8215397.3
8215397.3
8215397.4
8215397.5
8215397.5
8215397.6
8215397.6
8215397.6
8215397.7
8215397.8
8215397.8
8215397.9
8215397.9
8215397.9
8215397.9
8215397.9
8215397.9
8215397.9
8215397.9
8215397.9
8215397.9
8215397.9
8215397.9
8215397.8
8215397.8
8215397.8
8215397.8
8215397.8
8215397.8
8215397.7
8215397.7
8215397.6
8215397.6
8215397.5
8215397.5
8215397.4
8215397.4
8215397.3
8215397.3
8215397.4
8215397.4
8215397.5
8215397.6
8215397.6
8215397.7
8215397.7
8215397.8
8215397.8
8215397.9
8215397.9
8215398
8215398
8215398
8215398
8215398
8215398
8215398
8215398
8215398
8215398
8215398
8215398
8215398
8215398
8215398
8215398
8215397.9
8215397.9
8215397.9
8215397.9
8215397.8
8215397.8
8215397.7
8215397.7
8215397.6
8215397.6
8215397.5
8215397.5
8215397.5
8215397.5
8215397.6
8215397.7
8215397.7
8215397.8
8215397.8
8215397.9
8215397.9
8215398
8215398
8215398.1
8215398.2
8215398.2
8215398.2
8215398.2
8215398.2
8215398.2
8215398.2
8215398.2
8215398.2
8215398.1
8215398.1
8215398.1
8215398.1
8215398.1
8215398.1
8215398.1
8215398.1
8215398.1
8215398
8215398
8215398
8215397.9
8215397.9
8215397.8
8215397.7
8215397.7
8215397.7
8215397.6
8215397.6
8215397.7
8215397.7
8215397.8
8215397.9
8215397.9
8215398
8215398
8215398.1
8215398.1
8215398.2
8215398.2
8215398.3
8215398.3
8215398.3
8215398.3
8215398.3
8215398.3
8215398.3
8215398.3
8215398.3
8215398.3
8215398.3
8215398.3
8215398.3
8215398.3
8215398.2
8215398.2
8215398.2
8215398.2
8215398.2
8215398.1
8215398.1
8215398
8215398
8215397.9
8215397.9
8215397.8
8215397.8
8215397.8
8215397.8
8215397.8
8215397.9
8215398
8215398
8215398.1
8215398.1
8215398.2
8215398.2
8215398.3
8215398.4
8215398.4
8215398.5
8215398.4
8215398.4
8215398.4
8215398.4
8215398.4
8215398.4
8215398.4
8215398.4
8215398.4
8215398.4
8215398.4
8215398.4
8215398.4
8215398.4
8215398.4
8215398.3
8215398.3
8215398.3
8215398.3
8215398.2
8215398.2
8215398.1
8215398.1
8215398
8215398
8215397.9
8215397.9
8215397.9
8215398
8215398
8215398.1
8215398.2
8215398.2
8215398.3
8215398.3
8215398.4
8215398.4
8215398.5
8215398.5
8215398.6
8215398.6
8215398.6
8215398.6
8215398.6
8215398.6
8215398.6
8215398.6
8215398.6
8215398.6
8215398.5
8215398.5
8215398.5
8215398.5
8215398.5
8215398.5
8215398.5
8215398.4
8215398.4
8215398.4
8215398.3
8215398.3
8215398.3
8215398.2
8215398.2
8215398.1
8215398.1
8215398.1
8215398.1
8215398.1
8215398.2
8215398.3
8215398.3
8215398.4
8215398.4
8215398.5
8215398.5
8215398.6
8215398.7
8215398.7
8215398.8
8215398.7
8215398.7
8215398.7
8215398.7
8215398.7
8215398.7
8215398.7
8215398.7
8215398.7
8215398.7
8215398.7
8215398.7
8215398.6
8215398.6
8215398.6
8215398.6
8215398.6
8215398.5
8215398.5
8215398.5
8215398.4
8215398.4
8215398.3
8215398.3
8215398.2
8215398.2
8215398.2
8215398.2
8215398.3
8215398.3
8215398.4
8215398.5
8215398.5
8215398.6
8215398.6
8215398.7
8215398.7
8215398.8
8215398.8
8215398.9
8215398.8
8215398.8
8215398.8
8215398.8
8215398.8
8215398.8
8215398.8
8215398.8
8215398.8
8215398.8
8215398.8
8215398.8
8215398.8
8215398.8
8215398.7
8215398.7
8215398.7
8215398.7
8215398.6
8215398.6
8215398.5
8215398.5
8215398.5
8215398.4
8215398.4
8215398.4
8215398.4
8215398.4
8215398.4
8215398.5
8215398.5
8215398.6
8215398.7
8215398.7
8215398.8
8215398.8
8215398.9
8215398.9
8215399
8215399.1
8215399
8215399
8215399
8215399
8215399
8215398.9
8215398.9
8215398.9
8215398.9
8215398.9
8215398.9
8215398.9
8215398.9
8215398.9
8215398.9
8215398.8
8215398.8
8215398.8
8215398.8
8215398.7
8215398.7
8215398.6
8215398.6
8215398.5
8215398.5
8215398.5
8215398.5
8215398.5
8215398.5
8215398.6
8215398.7
8215398.7
8215398.8
8215398.9
8215398.9
8215399
8215399
8215399.1
8215399.1
8215399.2
8215399.1
8215399.1
8215399.1
8215399.1
8215399.1
8215399.1
8215399.1
8215399.1
8215399.1
8215399
8215399
8215399
8215399
8215399
8215399
8215399
8215398.9
8215398.9
8215398.9
8215398.8
8215398.8
8215398.7
8215398.7
8215398.7
8215398.6
8215398.6
8215398.6
8215398.6
8215398.7
8215398.7
8215398.8
8215398.9
8215398.9
8215399
8215399
8215399.1
8215399.1
8215399.2
8215399.3
8215399.3
8215399.2
8215399.2
8215399.2
8215399.2
8215399.2
8215399.2
8215399.2
8215399.2
8215399.2
8215399.2
8215399.2
8215399.1
8215399.1
8215399.1
8215399.1
8215399.1
8215399
8215399
8215399
8215398.9
8215398.9
8215398.9
8215398.8
8215398.8
8215398.8
8215398.7
8215398.7
8215398.8
8215398.8
8215398.9
8215398.9
8215399
8215399.1
8215399.1
8215399.2
8215399.2
8215399.3
8215399.4
8215399.4
8215399.5
8215399.3
8215399.3
8215399.3
8215399.3
8215399.3
8215399.3
8215399.3
8215399.3
8215399.3
8215399.3
8215399.3
8215399.3
8215399.2
8215399.2
8215399.2
8215399.2
8215399.2
8215399.1
8215399.1
8215399.1
8215399
8215399
8215398.9
8215398.9
8215398.9
8215398.9
8215398.9
8215398.9
8215398.9
8215399
8215399.1
8215399.1
8215399.2
8215399.3
8215399.3
8215399.4
8215399.4
8215399.5
8215399.5
8215399.6
8215399.4
8215399.4
8215399.4
8215399.4
8215399.4
8215399.4
8215399.4
8215399.4
8215399.4
8215399.4
8215399.4
8215399.4
8215399.4
8215399.3
8215399.3
8215399.3
8215399.3
8215399.2
8215399.2
8215399.2
8215399.1
8215399.1
8215399.1
8215399
8215399
8215399
8215399
8215399
8215399.1
8215399.1
8215399.2
8215399.3
8215399.3
8215399.4
8215399.4
8215399.5
8215399.5
8215399.6
8215399.7
8215399.7
8215399.6
8215399.5
8215399.5
8215399.5
8215399.5
8215399.5
8215399.5
8215399.5
8215399.5
8215399.5
8215399.5
8215399.5
8215399.5
8215399.5
8215399.4
8215399.4
8215399.4
8215399.4
8215399.3
8215399.3
8215399.2
8215399.2
8215399.2
8215399.1
8215399.1
8215399.1
8215399.1
8215399.1
8215399.2
8215399.2
8215399.3
8215399.4
8215399.4
8215399.5
8215399.6
8215399.6
8215399.7
8215399.7
8215399.8
8215399.9
8215399.7
8215399.7
8215399.7
8215399.7
8215399.7
8215399.6
8215399.6
8215399.6
8215399.6
8215399.6
8215399.6
8215399.6
8215399.6
8215399.6
8215399.5
8215399.5
8215399.5
8215399.5
8215399.4
8215399.4
8215399.4
8215399.3
8215399.3
8215399.3
8215399.2
8215399.2
8215399.2
8215399.3
8215399.3
8215399.4
8215399.4
8215399.5
8215399.6
8215399.6
8215399.7
8215399.7
8215399.8
8215399.9
8215399.9
8215400
8215399.8
8215399.8
8215399.8
8215399.8
8215399.8
8215399.8
8215399.7
8215399.7
8215399.7
8215399.7
8215399.7
8215399.7
8215399.7
8215399.7
8215399.6
8215399.6
8215399.6
8215399.6
8215399.5
8215399.5
8215399.5
8215399.4
8215399.4
8215399.4
8215399.3
8215399.3
8215399.4
8215399.4
8215399.4
8215399.5
8215399.6
8215399.6
8215399.7
8215399.7
8215399.8
8215399.9
8215399.9
8215400
8215400
8215400.1
8215399.9
8215399.9
8215399.9
8215399.9
8215399.9
8215399.9
8215399.9
8215399.8
8215399.8
8215399.8
8215399.8
8215399.8
8215399.8
8215399.8
8215399.7
8215399.7
8215399.7
8215399.7
8215399.6
8215399.6
8215399.6
8215399.5
8215399.5
8215399.5
8215399.5
8215399.5
8215399.5
8215399.5
8215399.5
8215399.6
8215399.7
8215399.7
8215399.8
8215399.9
8215399.9
8215400
8215400
8215400.1
8215400.1
8215400.2
8215400
8215400
8215400
8215400
8215400
8215400
8215400
8215399.9
8215399.9
8215399.9
8215399.9
8215399.9
8215399.9
8215399.9
8215399.8
8215399.8
8215399.8
8215399.8
8215399.7
8215399.7
8215399.7
8215399.6
8215399.6
8215399.6
8215399.6
8215399.6
8215399.6
8215399.6
8215399.7
8215399.7
8215399.8
8215399.8
8215399.9
8215400
8215400
8215400.1
8215400.1
8215400.2
8215400.3
8215400.3
8215400.1
8215400.1
8215400.1
8215400.1
8215400.1
8215400.1
8215400.1
8215400
8215400
8215400
8215400
8215400
8215400
8215400
8215399.9
8215399.9
8215399.9
8215399.9
8215399.8
8215399.8
8215399.8
8215399.7
8215399.7
8215399.7
8215399.7
8215399.7
8215399.7
8215399.7
8215399.8
8215399.8
8215399.9
8215400
8215400
8215400.1
8215400.1
8215400.2
8215400.3
8215400.3
8215400.4
8215400.4
8215400.2
8215400.2
8215400.2
8215400.2
8215400.2
8215400.2
8215400.2
8215400.1
8215400.1
8215400.1
8215400.1
8215400.1
8215400.1
8215400.1
8215400
8215400
8215400
8215400
8215399.9
8215399.9
8215399.9
8215399.8
8215399.8
8215399.8
8215399.8
8215399.8
8215399.8
8215399.8
8215399.9
8215399.9
8215400
8215400.1
8215400.1
8215400.2
8215400.2
8215400.3
8215400.4
8215400.4
8215400.5
8215400.6
8215400.3
8215400.3
8215400.3
8215400.3
8215400.3
8215400.3
8215400.3
8215400.2
8215400.2
8215400.2
8215400.2
8215400.2
8215400.2
8215400.2
8215400.1
8215400.1
8215400.1
8215400.1
8215400
8215400
8215400
8215399.9
8215399.9
8215399.9
8215399.9
8215399.9
8215399.9
8215399.9
8215400
8215400
8215400.1
8215400.2
8215400.2
8215400.3
8215400.4
8215400.4
8215400.5
8215400.5
8215400.6
8215400.7
8215400.4
8215400.4
8215400.4
8215400.4
8215400.4
8215400.4
8215400.3
8215400.3
8215400.3
8215400.3
8215400.3
8215400.3
8215400.3
8215400.2
8215400.2
8215400.2
8215400.2
8215400.1
8215400.1
8215400.1
8215400
8215400
8215400
8215400
8215400
8215400
8215400
8215400
8215400.1
8215400.1
8215400.2
8215400.3
8215400.3
8215400.4
8215400.5
8215400.5
8215400.6
8215400.6
8215400.7
8215400.8
8215400.5
8215400.5
8215400.5
8215400.5
8215400.4
8215400.4
8215400.4
8215400.4
8215400.4
8215400.4
8215400.4
8215400.4
8215400.4
8215400.3
8215400.3
8215400.3
8215400.3
8215400.2
8215400.2
8215400.2
8215400.1
8215400.1
8215400.1
8215400.1
8215400.1
8215400.1
8215400.1
8215400.1
8215400.2
8215400.2
8215400.3
8215400.4
8215400.4
8215400.5
8215400.6
8215400.6
8215400.7
8215400.7
8215400.8
8215400.9
8215400.5
8215400.5
8215400.5
8215400.5
8215400.5
8215400.5
8215400.5
8215400.5
8215400.5
8215400.5
8215400.5
8215400.5
8215400.4
8215400.4
8215400.4
8215400.4
8215400.3
8215400.3
8215400.3
8215400.3
8215400.2
8215400.2
8215400.2
8215400.2
8215400.2
8215400.2
8215400.2
8215400.2
8215400.3
8215400.3
8215400.4
8215400.5
8215400.5
8215400.6
8215400.7
8215400.7
8215400.8
8215400.8
8215400.9
8215401
8215400.6
8215400.6
8215400.6
8215400.6
8215400.6
8215400.6
8215400.6
8215400.6
8215400.6
8215400.6
8215400.6
8215400.5
8215400.5
8215400.5
8215400.5
8215400.5
8215400.4
8215400.4
8215400.4
8215400.3
8215400.3
8215400.3
8215400.3
8215400.3
8215400.3
8215400.3
8215400.3
8215400.3
8215400.4
8215400.4
8215400.5
8215400.6
8215400.6
8215400.7
8215400.7
8215400.8
8215400.9
8215400.9
8215401
8215401.1
8215400.7
8215400.7
8215400.7
8215400.7
8215400.7
8215400.7
8215400.7
8215400.7
8215400.7
8215400.7
8215400.6
8215400.6
8215400.6
8215400.6
8215400.6
8215400.5
8215400.5
8215400.5
8215400.5
8215400.4
8215400.4
8215400.4
8215400.4
8215400.3
8215400.3
8215400.3
8215400.4
8215400.4
8215400.5
8215400.5
8215400.6
8215400.6
8215400.7
8215400.8
8215400.8
8215400.9
8215401
8215401
8215401.1
8215401.2
8215400.8
8215400.8
8215400.8
8215400.8
8215400.8
8215400.8
8215400.8
8215400.8
8215400.8
8215400.7
8215400.7
8215400.7
8215400.7
8215400.7
8215400.6
8215400.6
8215400.6
8215400.6
8215400.5
8215400.5
8215400.5
8215400.5
8215400.4
8215400.4
8215400.4
8215400.4
8215400.5
8215400.5
8215400.5
8215400.6
8215400.7
8215400.7
8215400.8
8215400.9
8215400.9
8215401
8215401
8215401.1
8215401.2
8215401.2
8215400.9
8215400.9
8215400.9
8215400.9
8215400.9
8215400.9
8215400.9
8215400.8
8215400.8
8215400.8
8215400.8
8215400.8
8215400.8
8215400.7
8215400.7
8215400.7
8215400.7
8215400.6
8215400.6
8215400.6
8215400.6
8215400.5
8215400.5
8215400.5
8215400.5
8215400.5
8215400.5
8215400.6
8215400.6
8215400.7
8215400.8
8215400.8
8215400.9
8215401
8215401
8215401.1
8215401.1
8215401.2
8215401.3
8215401.3
8215401
8215401
8215401
8215400.9
8215400.9
8215400.9
8215400.9
8215400.9
8215400.9
8215400.9
8215400.9
8215400.9
8215400.8
8215400.8
8215400.8
8215400.8
8215400.7
8215400.7
8215400.7
8215400.7
8215400.6
8215400.6
8215400.6
8215400.6
8215400.6
8215400.6
8215400.6
8215400.7
8215400.7
8215400.8
8215400.8
8215400.9
8215401
8215401
8215401.1
8215401.2
8215401.2
8215401.3
8215401.3
8215401.4
8215401
8215401
8215401
8215401
8215401
8215401
8215401
8215401
8215401
8215401
8215400.9
8215400.9
8215400.9
8215400.9
8215400.9
8215400.8
8215400.8
8215400.8
8215400.8
8215400.7
8215400.7
8215400.7
8215400.7
8215400.7
8215400.7
8215400.7
8215400.7
8215400.7
8215400.8
8215400.9
8215400.9
8215401
8215401
8215401.1
8215401.2
8215401.2
8215401.3
8215401.4
8215401.4
8215401.5
8215401.1
8215401.1
8215401.1
8215401.1
8215401.1
8215401.1
8215401.1
8215401.1
8215401
8215401
8215401
8215401
8215401
8215401
8215400.9
8215400.9
8215400.9
8215400.9
8215400.8
8215400.8
8215400.8
8215400.8
8215400.7
8215400.7
8215400.7
8215400.8
8215400.8
8215400.8
8215400.9
8215400.9
8215401
8215401.1
8215401.1
8215401.2
8215401.3
8215401.3
8215401.4
8215401.5
8215401.5
8215401.6
8215401.2
8215401.2
8215401.2
8215401.2
8215401.2
8215401.1
8215401.1
8215401.1
8215401.1
8215401.1
8215401.1
8215401.1
8215401
8215401
8215401
8215401
8215400.9
8215400.9
8215400.9
8215400.9
8215400.8
8215400.8
8215400.8
8215400.8
8215400.8
8215400.8
8215400.9
8215400.9
8215400.9
8215401
8215401.1
8215401.1
8215401.2
8215401.3
8215401.3
8215401.4
8215401.5
8215401.5
8215401.6
8215401.7
8215401.2
8215401.2
8215401.2
8215401.2
8215401.2
8215401.2
8215401.2
8215401.2
8215401.2
8215401.2
8215401.1
8215401.1
8215401.1
8215401.1
8215401.1
8215401
8215401
8215401
8215401
8215400.9
8215400.9
8215400.9
8215400.9
8215400.9
8215400.9
8215400.9
8215400.9
8215401
8215401
8215401.1
8215401.1
8215401.2
8215401.3
8215401.3
8215401.4
8215401.5
8215401.5
8215401.6
8215401.6
8215401.7
8215401.3
8215401.3
8215401.3
8215401.3
8215401.3
8215401.3
8215401.3
8215401.3
8215401.2
8215401.2
8215401.2
8215401.2
8215401.2
8215401.2
8215401.1
8215401.1
8215401.1
8215401
8215401
8215401
8215401
8215401
8215400.9
8215400.9
8215401
8215401
8215401
8215401
8215401.1
8215401.1
8215401.2
8215401.3
8215401.3
8215401.4
8215401.5
8215401.5
8215401.6
8215401.7
8215401.7
8215401.8
8215401.4
8215401.4
8215401.4
8215401.4
8215401.3
8215401.3
8215401.3
8215401.3
8215401.3
8215401.3
8215401.3
8215401.3
8215401.2
8215401.2
8215401.2
8215401.2
8215401.1
8215401.1
8215401.1
8215401.1
8215401
8215401
8215401
8215401
8215401
8215401
8215401.1
8215401.1
8215401.2
8215401.2
8215401.3
8215401.3
8215401.4
8215401.5
8215401.5
8215401.6
8215401.7
8215401.7
8215401.8
8215401.9
8215401.4
8215401.4
8215401.4
8215401.4
8215401.4
8215401.4
8215401.4
8215401.4
8215401.4
8215401.3
8215401.3
8215401.3
8215401.3
8215401.3
8215401.2
8215401.2
8215401.2
8215401.2
8215401.1
8215401.1
8215401.1
8215401.1
8215401.1
8215401.1
8215401.1
8215401.1
8215401.1
8215401.2
8215401.2
8215401.3
8215401.3
8215401.4
8215401.5
8215401.5
8215401.6
8215401.7
8215401.7
8215401.8
8215401.8
8215401.9
8215401.5
8215401.5
8215401.5
8215401.5
8215401.5
8215401.5
8215401.4
8215401.4
8215401.4
8215401.4
8215401.4
8215401.4
8215401.3
8215401.3
8215401.3
8215401.3
8215401.2
8215401.2
8215401.2
8215401.2
8215401.2
8215401.1
8215401.1
8215401.1
8215401.1
8215401.2
8215401.2
8215401.2
8215401.3
8215401.3
8215401.4
8215401.5
8215401.5
8215401.6
8215401.7
8215401.7
8215401.8
8215401.9
8215401.9
8215402
8215401.5
8215401.5
8215401.5
8215401.5
8215401.5
8215401.5
8215401.5
8215401.5
8215401.5
8215401.5
8215401.4
8215401.4
8215401.4
8215401.4
8215401.4
8215401.3
8215401.3
8215401.3
8215401.3
8215401.2
8215401.2
8215401.2
8215401.2
8215401.2
8215401.2
8215401.2
8215401.2
8215401.3
8215401.3
8215401.4
8215401.5
8215401.5
8215401.6
8215401.7
8215401.7
8215401.8
8215401.9
8215401.9
8215402
8215402.1
8215401.6
8215401.6
8215401.6
8215401.6
8215401.6
8215401.6
8215401.6
8215401.5
8215401.5
8215401.5
8215401.5
8215401.5
8215401.5
8215401.4
8215401.4
8215401.4
8215401.4
8215401.3
8215401.3
8215401.3
8215401.3
8215401.2
8215401.2
8215401.2
8215401.3
8215401.3
8215401.3
8215401.3
8215401.4
8215401.5
8215401.5
8215401.6
8215401.7
8215401.7
8215401.8
8215401.9
8215401.9
8215402
8215402
8215402.1
8215401.6
8215401.6
8215401.6
8215401.6
8215401.6
8215401.6
8215401.6
8215401.6
8215401.6
8215401.6
8215401.5
8215401.5
8215401.5
8215401.5
8215401.5
8215401.4
8215401.4
8215401.4
8215401.4
8215401.3
8215401.3
8215401.3
8215401.3
8215401.3
8215401.3
8215401.3
8215401.4
8215401.4
8215401.5
8215401.5
8215401.6
8215401.6
8215401.7
8215401.8
8215401.8
8215401.9
8215402
8215402
8215402.1
8215402.2
8215401.7
8215401.7
8215401.7
8215401.7
8215401.7
8215401.7
8215401.6
8215401.6
8215401.6
8215401.6
8215401.6
8215401.6
8215401.5
8215401.5
8215401.5
8215401.5
8215401.4
8215401.4
8215401.4
8215401.4
8215401.4
8215401.3
8215401.3
8215401.3
8215401.4
8215401.4
8215401.4
8215401.4
8215401.5
8215401.6
8215401.6
8215401.7
8215401.8
8215401.8
8215401.9
8215402
8215402
8215402.1
8215402.1
8215402.2
8215401.7
8215401.7
8215401.7
8215401.7
8215401.7
8215401.7
8215401.7
8215401.7
8215401.7
8215401.6
8215401.6
8215401.6
8215401.6
8215401.6
8215401.5
8215401.5
8215401.5
8215401.5
8215401.4
8215401.4
8215401.4
8215401.4
8215401.4
8215401.4
8215401.4
8215401.4
8215401.5
8215401.5
8215401.5
8215401.6
8215401.7
8215401.7
8215401.8
8215401.9
8215401.9
8215402
8215402.1
8215402.1
8215402.2
8215402.3
8215401.8
8215401.8
8215401.8
8215401.8
8215401.8
8215401.7
8215401.7
8215401.7
8215401.7
8215401.7
8215401.7
8215401.7
8215401.6
8215401.6
8215401.6
8215401.6
8215401.5
8215401.5
8215401.5
8215401.5
8215401.4
8215401.4
8215401.4
8215401.4
8215401.4
8215401.5
8215401.5
8215401.5
8215401.6
8215401.7
8215401.7
8215401.8
8215401.9
8215401.9
8215402
8215402.1
8215402.1
8215402.2
8215402.2
8215402.3
8215401.8
8215401.8
8215401.8
8215401.8
8215401.8
8215401.8
8215401.8
8215401.8
8215401.7
8215401.7
8215401.7
8215401.7
8215401.7
8215401.6
8215401.6
8215401.6
8215401.6
8215401.5
8215401.5
8215401.5
8215401.5
8215401.5
8215401.5
8215401.5
8215401.5
8215401.5
8215401.5
8215401.6
8215401.6
8215401.7
8215401.8
8215401.8
8215401.9
8215402
8215402
8215402.1
8215402.2
8215402.2
8215402.3
8215402.4
8215401.8
8215401.8
8215401.8
8215401.8
8215401.8
8215401.8
8215401.8
8215401.8
8215401.8
8215401.8
8215401.7
8215401.7
8215401.7
8215401.7
8215401.7
8215401.6
8215401.6
8215401.6
8215401.6
8215401.5
8215401.5
8215401.5
8215401.5
8215401.5
8215401.5
8215401.5
8215401.6
8215401.6
8215401.7
8215401.7
8215401.8
8215401.9
8215401.9
8215402
8215402.1
8215402.1
8215402.2
8215402.3
8215402.3
8215402.4
8215401.9
8215401.9
8215401.9
8215401.9
8215401.9
8215401.9
8215401.8
8215401.8
8215401.8
8215401.8
8215401.8
8215401.8
8215401.7
8215401.7
8215401.7
8215401.7
8215401.6
8215401.6
8215401.6
8215401.6
8215401.6
8215401.5
8215401.5
8215401.5
8215401.6
8215401.6
8215401.6
8215401.7
8215401.7
8215401.8
8215401.8
8215401.9
8215402
8215402
8215402.1
8215402.2
8215402.2
8215402.3
8215402.4
8215402.4
8215401.9
8215401.9
8215401.9
8215401.9
8215401.9
8215401.9
8215401.9
8215401.9
8215401.8
8215401.8
8215401.8
8215401.8
8215401.8
8215401.7
8215401.7
8215401.7
8215401.7
8215401.7
8215401.6
8215401.6
8215401.6
8215401.6
8215401.6
8215401.6
8215401.6
8215401.6
8215401.7
8215401.7
8215401.8
8215401.8
8215401.9
8215401.9
8215402
8215402.1
8215402.1
8215402.2
8215402.3
8215402.3
8215402.4
8215402.5
8215401.9
8215401.9
8215401.9
8215401.9
8215401.9
8215401.9
8215401.9
8215401.9
8215401.9
8215401.9
8215401.8
8215401.8
8215401.8
8215401.8
8215401.8
8215401.7
8215401.7
8215401.7
8215401.7
8215401.6
8215401.6
8215401.6
8215401.6
8215401.6
8215401.6
8215401.7
8215401.7
8215401.7
8215401.8
8215401.8
8215401.9
8215402
8215402
8215402.1
8215402.2
8215402.2
8215402.3
8215402.4
8215402.4
8215402.5
8215402
8215402
8215402
8215402
8215402
8215401.9
8215401.9
8215401.9
8215401.9
8215401.9
8215401.9
8215401.9
8215401.8
8215401.8
8215401.8
8215401.8
8215401.7
8215401.7
8215401.7
8215401.7
8215401.7
8215401.6
8215401.6
8215401.6
8215401.7
8215401.7
8215401.7
8215401.8
8215401.8
8215401.9
8215401.9
8215402
8215402.1
8215402.1
8215402.2
8215402.3
8215402.3
8215402.4
8215402.4
8215402.5
8215402
8215402
8215402
8215402
8215402
8215402
8215402
8215401.9
8215401.9
8215401.9
8215401.9
8215401.9
8215401.9
8215401.8
8215401.8
8215401.8
8215401.8
8215401.7
8215401.7
8215401.7
8215401.7
8215401.7
8215401.7
8215401.7
8215401.7
8215401.7
8215401.7
8215401.8
8215401.8
8215401.9
8215402
8215402
8215402.1
8215402.2
8215402.2
8215402.3
8215402.4
8215402.4
8215402.5
8215402.6
8215402
8215402
8215402
8215402
8215402
8215402
8215402
8215402
8215402
8215401.9
8215401.9
8215401.9
8215401.9
8215401.9
8215401.8
8215401.8
8215401.8
8215401.8
8215401.7
8215401.7
8215401.7
8215401.7
8215401.7
8215401.7
8215401.7
8215401.7
8215401.8
8215401.8
8215401.9
8215401.9
8215402
8215402.1
8215402.1
8215402.2
8215402.3
8215402.3
8215402.4
8215402.5
8215402.5
8215402.6
8215402
8215402
8215402
8215402
8215402
8215402
8215402
8215402
8215402
8215402
8215401.9
8215401.9
8215401.9
8215401.9
8215401.8
8215401.8
8215401.8
8215401.8
8215401.8
8215401.7
8215401.7
8215401.7
8215401.7
8215401.7
8215401.7
8215401.8
8215401.8
8215401.8
8215401.9
8215401.9
8215402
8215402.1
8215402.1
8215402.2
8215402.3
8215402.3
8215402.4
8215402.5
8215402.5
8215402.6
8215402.1
8215402.1
8215402.1
8215402
8215402
8215402
8215402
8215402
8215402
8215402
8215402
8215401.9
8215401.9
8215401.9
8215401.9
8215401.8
8215401.8
8215401.8
8215401.8
8215401.8
8215401.7
8215401.7
8215401.7
8215401.7
8215401.8
8215401.8
8215401.8
8215401.9
8215401.9
8215402
8215402
8215402.1
8215402.2
8215402.2
8215402.3
8215402.4
8215402.4
8215402.5
8215402.5
8215402.6
8215402.1
8215402.1
8215402.1
8215402.1
8215402.1
8215402
8215402
8215402
8215402
8215402
8215402
8215402
8215401.9
8215401.9
8215401.9
8215401.9
8215401.8
8215401.8
8215401.8
8215401.8
8215401.8
8215401.7
8215401.7
8215401.8
8215401.8
8215401.8
8215401.8
8215401.9
8215401.9
8215402
8215402
8215402.1
8215402.2
8215402.2
8215402.3
8215402.4
8215402.4
8215402.5
8215402.6
8215402.6
8215402.1
8215402.1
8215402.1
8215402.1
8215402.1
8215402.1
8215402
8215402
8215402
8215402
8215402
8215402
8215401.9
8215401.9
8215401.9
8215401.9
8215401.8
8215401.8
8215401.8
8215401.8
8215401.8
8215401.8
8215401.8
8215401.8
8215401.8
8215401.8
8215401.8
8215401.9
8215401.9
8215402
8215402.1
8215402.1
8215402.2
8215402.3
8215402.3
8215402.4
8215402.5
8215402.5
8215402.6
8215402.6
8215402.1
8215402.1
8215402.1
8215402.1
8215402.1
8215402.1
8215402.1
8215402
8215402
8215402
8215402
8215402
8215402
8215401.9
8215401.9
8215401.9
8215401.9
8215401.8
8215401.8
8215401.8
8215401.8
8215401.8
8215401.8
8215401.8
8215401.8
8215401.8
8215401.9
8215401.9
8215402
8215402
8215402.1
8215402.1
8215402.2
8215402.3
8215402.3
8215402.4
8215402.5
8215402.5
8215402.6
8215402.7
8215402.1
8215402.1
8215402.1
8215402.1
8215402.1
8215402.1
8215402.1
8215402.1
8215402
8215402
8215402
8215402
8215402
8215401.9
8215401.9
8215401.9
8215401.9
8215401.8
8215401.8
8215401.8
8215401.8
8215401.8
8215401.8
8215401.8
8215401.8
8215401.8
8215401.9
8215401.9
8215402
8215402
8215402.1
8215402.1
8215402.2
8215402.3
8215402.3
8215402.4
8215402.5
8215402.5
8215402.6
8215402.7
8215402.1
8215402.1
8215402.1
8215402.1
8215402.1
8215402.1
8215402.1
8215402.1
8215402
8215402
8215402
8215402
8215402
8215401.9
8215401.9
8215401.9
8215401.9
8215401.8
8215401.8
8215401.8
8215401.8
8215401.8
8215401.8
8215401.8
8215401.8
8215401.8
8215401.9
8215401.9
8215402
8215402
8215402.1
8215402.2
8215402.2
8215402.3
8215402.4
8215402.4
8215402.5
8215402.6
8215402.6
8215402.7
8215402.1
8215402.1
8215402.1
8215402.1
8215402.1
8215402.1
8215402.1
8215402.1
8215402
8215402
8215402
8215402
8215402
8215401.9
8215401.9
8215401.9
8215401.9
8215401.8
8215401.8
8215401.8
8215401.8
8215401.8
8215401.8
8215401.8
8215401.8
8215401.8
8215401.9
8215401.9
8215402
8215402
8215402.1
8215402.2
8215402.2
8215402.3
8215402.4
8215402.4
8215402.5
8215402.6
8215402.6
8215402.7
8215402.1
8215402.1
8215402.1
8215402.1
8215402.1
8215402.1
8215402.1
8215402.1
8215402
8215402
8215402
8215402
8215402
8215401.9
8215401.9
8215401.9
8215401.9
8215401.8
8215401.8
8215401.8
8215401.8
8215401.8
8215401.8
8215401.8
8215401.8
8215401.8
8215401.9
8215401.9
8215402
8215402
8215402.1
8215402.2
8215402.2
8215402.3
8215402.4
8215402.4
8215402.5
8215402.6
8215402.6
8215402.7
)
;

boundaryField
{
    piston
    {
        type            zeroGradient;
    }
    cylinderHead
    {
        type            zeroGradient;
    }
    cylinderWall
    {
        type            zeroGradient;
    }
    wedgeFront
    {
        type            wedge;
    }
    wedgeBack
    {
        type            wedge;
    }
    axis
    {
        type            empty;
    }
}


// ************************************************************************* //
