/*--------------------------------*- C++ -*----------------------------------*\
  =========                 |
  \\      /  F ield         | OpenFOAM: The Open Source CFD Toolbox
   \\    /   O peration     | Website:  https://openfoam.org
    \\  /    A nd           | Version:  13
     \\/     M anipulation  |
\*---------------------------------------------------------------------------*/
FoamFile
{
    format      ascii;
    class       volScalarField;
    location    "22";
    object      rho;
}
// * * * * * * * * * * * * * * * * * * * * * * * * * * * * * * * * * * * * * //

dimensions      [1 -3 0 0 0 0 0];

internalField   nonuniform List<scalar> 
4800
(
14.346891
14.348724
14.348747
14.348922
14.349205
14.349587
14.350132
14.350804
14.351737
14.352963
14.354537
14.356637
14.359416
14.363078
14.368012
14.374721
14.383941
14.39677
14.414752
14.439511
14.470609
14.493588
14.455088
14.299365
14.150383
14.218
14.785318
15.88172
16.312674
15.65344
14.738289
14.109093
13.924766
13.945807
13.980597
13.884467
13.55623
13.079266
12.548173
11.945772
11.076035
11.077791
11.0779
11.078027
11.078249
11.078559
11.079002
11.079555
11.080315
11.08131
11.082588
11.084289
11.086535
11.089498
11.093488
11.098914
11.10638
11.116783
11.131372
11.151387
11.175848
11.19073
11.150619
11.023438
10.934682
11.065507
11.64209
12.499925
12.814032
12.129804
11.299634
10.826803
10.722361
10.746761
10.768993
10.693032
10.467633
10.156322
9.8334522
9.5787118
9.546591
9.5481517
9.5483333
9.5483836
9.5485022
9.5486898
9.5489682
9.5493225
9.5498147
9.5504644
9.5513092
9.5524428
9.5539531
9.5559651
9.5586984
9.562449
9.5676578
9.5749845
9.5853494
9.5996129
9.6164233
9.6230945
9.5834678
9.4874677
9.456001
9.6532572
10.198236
10.846085
10.977999
10.298083
9.604714
9.2941117
9.2428126
9.2716988
9.2886711
9.2390133
9.1036243
8.9418102
8.8147664
8.7559948
8.8120194
8.8133369
8.8135672
8.8135401
8.8135489
8.813603
8.8137068
8.8138469
8.8140566
8.8143461
8.8147379
8.8152861
8.8160412
8.8170802
8.8185346
8.8205863
8.8235111
8.8277261
8.8338187
8.8422796
8.8510964
8.849165
8.8092772
8.7399123
8.7528742
8.9896269
9.4678873
9.9133783
9.8999767
9.2785149
8.7477752
8.5590825
8.5406953
8.5752296
8.5939035
8.5696546
8.5077497
8.4411959
8.4056231
8.4537618
8.464235
8.4651687
8.4653875
8.4653011
8.4652187
8.465153
8.4650968
8.4650359
8.4649807
8.4649296
8.4648865
8.4648674
8.4648829
8.4649513
8.4651082
8.4653983
8.4658853
8.4666464
8.4677114
8.4686956
8.4676088
8.455338
8.4132441
8.3615254
8.4038644
8.6489406
9.0473284
9.324637
9.2188505
8.6869409
8.3023563
8.1951219
8.1989474
8.2395547
8.2644771
8.2638101
8.2432982
8.2250691
8.2358715
8.3451046
8.3036971
8.3043835
8.3045821
8.3044671
8.3043387
8.3042102
8.3040691
8.3039005
8.3037028
8.303468
8.3031891
8.302861
8.302472
8.3020065
8.3014457
8.3007551
8.2998751
8.2986806
8.2968563
8.2934563
8.2852936
8.2625373
8.2114784
8.1658846
8.2217235
8.4506037
8.768499
8.9253169
8.77144
8.3346914
8.0662479
8.0098723
8.0316971
8.0776234
8.1087458
8.1220878
8.1248302
8.1317124
8.1653326
8.3077849
8.232309
8.2328242
8.2329974
8.2328729
8.2327266
8.2325702
8.2323899
8.2321707
8.2319048
8.2315809
8.2311857
8.2307033
8.2301093
8.2293694
8.2284342
8.2272249
8.2256103
8.2233472
8.2199072
8.2139874
8.2016967
8.1730243
8.1145576
8.0635342
8.1185672
8.3269994
8.5654548
8.642907
8.4706274
8.1201204
7.9375376
7.9137839
7.951721
8.0002615
8.0341388
8.0565504
8.0729203
8.092817
8.1355635
8.2955178
8.203716
8.2041024
8.2042463
8.2041261
8.2039815
8.203822
8.2036341
8.2034038
8.2031209
8.2027726
8.2023433
8.201812
8.2011485
8.20031
8.1992327
8.197816
8.1958929
8.1931573
8.1889654
8.1817749
8.1675707
8.135944
8.0713332
8.0108406
8.0571076
8.2381318
8.4114164
8.4380633
8.264406
7.9866077
7.8646441
7.8620966
7.9154315
7.9647324
7.9989141
8.0267999
8.0515108
8.0778486
8.1222962
8.2915416
8.1945772
8.194867
8.194983
8.1948739
8.194741
8.1945916
8.1944135
8.1941941
8.1939228
8.1935871
8.1931707
8.1926518
8.191999
8.1911672
8.1900886
8.1886565
8.1866916
8.1838601
8.1794666
8.171971
8.1573222
8.1240219
8.0549432
7.9850125
8.0164921
8.1681384
8.2921867
8.2867195
8.1203521
7.9017016
7.8197551
7.8343659
7.9015271
7.9505038
7.98333
8.0139773
8.0438325
8.073144
8.1158545
8.290159
8.1929719
8.1932098
8.1933091
8.1932085
8.1930852
8.1929452
8.1927773
8.1925701
8.192313
8.1919942
8.1915977
8.1911019
8.1904762
8.189676
8.1886338
8.1872433
8.1853251
8.1825355
8.1781722
8.1707873
8.1562067
8.1221699
8.0508179
7.972848
7.9866464
8.1099597
8.1993556
8.1730084
8.0182378
7.8452649
7.7903662
7.8217374
7.898404
7.9468017
7.9777221
8.0092014
8.0420031
8.0724425
8.112109
8.289571
8.1969557
8.1971004
8.1971642
8.1970886
8.1969955
8.1968878
8.1967574
8.1965958
8.1963943
8.1961433
8.1958296
8.1954347
8.1949331
8.1942865
8.1934366
8.1922907
8.1906884
8.1883117
8.1845884
8.1782027
8.164568
8.1304987
8.0555466
7.9681368
7.9633803
8.06086
8.1257098
8.0865704
7.9445346
7.8059537
7.7700726
7.8177657
7.9043166
7.9505426
7.9767969
8.0081187
8.0436683
8.0754503
8.1095119
8.2892017
8.202271
8.2023578
8.2023969
8.2023434
8.2022773
8.2021999
8.2021056
8.2019885
8.2018421
8.2016591
8.2014297
8.2011399
8.2007697
8.2002899
8.199655
8.1987915
8.1975662
8.1957416
8.192892
8.1877242
8.1758121
8.1435944
8.067447
7.9671634
7.9448178
8.0190127
8.0664056
8.0200433
7.8902477
7.7772342
7.7551356
7.8178169
7.9192901
7.9637278
7.982389
8.0103259
8.0484381
8.08083
8.1076027
8.2888475
8.2066432
8.2066935
8.2067159
8.2066802
8.206636
8.2065838
8.2065201
8.2064407
8.2063415
8.2062174
8.2060615
8.2058639
8.2056107
8.2052811
8.2048425
8.2042414
8.2033781
8.2020981
8.2000747
8.1961422
8.1863351
8.1573629
8.0827351
7.9712986
7.930092
7.9831268
8.0179836
7.968175
7.8494119
7.7553125
7.7437327
7.8231723
7.9396877
7.9841
7.9951461
8.0166022
8.0552732
8.0878471
8.1062368
8.2884685
8.2096291
8.2096569
8.2096686
8.2096459
8.2096179
8.2095846
8.2095439
8.2094934
8.2094302
8.2093511
8.2092518
8.2091257
8.2089638
8.2087523
8.2084694
8.2080777
8.2075166
8.2066862
8.2053209
8.2024978
8.1948489
8.1699659
8.0992316
7.979898
7.9188172
7.9522677
7.977909
7.927203
7.8180765
7.737908
7.7346276
7.8325199
7.9626012
8.0091967
8.0144812
8.0272185
8.0640398
8.096198
8.1054139
8.2880522
8.2114435
8.211458
8.2114632
8.2114494
8.2114324
8.2114122
8.2113875
8.2113568
8.2113186
8.2112709
8.211211
8.2111349
8.2110369
8.2109083
8.2107354
8.2104939
8.2101511
8.2096454
8.2087655
8.2068425
8.201161
8.1806655
8.1157333
7.9920506
7.9111387
7.9257842
7.9442975
7.8944194
7.7936569
7.723558
7.7270301
7.8451857
7.9858866
8.0362743
8.0389907
8.0425063
8.0747398
8.1057188
8.1050725
8.2875882
8.2123909
8.212398
8.2123997
8.2123915
8.2123814
8.2123695
8.2123551
8.2123374
8.2123155
8.2122885
8.2122547
8.2122122
8.2121577
8.2120866
8.211991
8.2118592
8.2116725
8.2113845
8.2108475
8.2095957
8.2055576
8.1893056
8.1315998
8.0072665
7.9073424
7.903291
7.9157342
7.8678541
7.7744186
7.7114122
7.7206849
7.8607361
8.0082627
8.0628963
8.0663236
8.0621718
8.0874667
8.1160553
8.1050977
8.2870636
8.2128377
8.2128411
8.212841
8.2128356
8.2128293
8.2128218
8.2128129
8.2128022
8.2127891
8.2127733
8.2127538
8.2127296
8.212699
8.2126594
8.2126068
8.2125358
8.2124359
8.2122784
8.2119807
8.2112298
8.2084705
8.1960214
8.146328
8.0250005
7.9061821
7.8844529
7.891153
7.8460454
7.7591304
7.7012781
7.7171279
7.8786246
8.0291645
8.0873744
8.093782
8.084988
8.1021964
8.1266824
8.1056455
8.2864613
8.2130217
8.2130232
8.2130223
8.2130185
8.2130141
8.213009
8.213003
8.2129959
8.2129875
8.2129776
8.2129656
8.2129511
8.2129331
8.2129103
8.2128809
8.2128417
8.2127869
8.2126996
8.2125356
8.2121172
8.2103174
8.2010798
8.1595767
8.0445921
7.9090948
7.8689825
7.8697422
7.8278787
7.7469366
7.6929471
7.7160611
7.8981194
8.0484683
8.1088945
8.1190236
8.1089911
8.1184614
8.1370169
8.1067152
8.2857591
8.2130787
8.2130793
8.2130779
8.2130749
8.2130715
8.2130675
8.213063
8.2130578
8.2130517
8.2130447
8.2130364
8.2130267
8.2130148
8.2130003
8.2129821
8.2129583
8.212925
8.2128729
8.2127822
8.2125528
8.2114391
8.2047855
8.1711487
8.0653494
7.9172962
7.8568131
7.850864
7.8124798
7.7371801
7.6861759
7.7182053
7.9184506
8.0662446
8.1272938
8.1406761
8.131861
8.1352384
8.1466228
8.1084018
8.2849263
8.2130855
8.2130857
8.2130842
8.2130815
8.2130785
8.213075
8.213071
8.2130665
8.2130613
8.2130554
8.2130486
8.2130407
8.2130312
8.2130198
8.2130057
8.2129875
8.2129621
8.2129258
8.2128732
8.2127448
8.212087
8.2074306
8.1809687
8.086416
7.9308116
7.8492416
7.8341854
7.7991525
7.7293232
7.6807341
7.7267403
7.9390059
8.0826047
8.1427773
8.1583331
8.151927
8.1511855
8.1551285
8.1107285
8.2839216
8.2130412
8.2130411
8.2130394
8.2130371
8.2130345
8.2130316
8.2130283
8.2130247
8.2130207
8.2130162
8.2130111
8.2130054
8.2129988
8.2129913
8.2129823
8.2129708
8.212955
8.2129318
8.2128943
8.2128129
8.212427
8.2092706
8.1890698
8.1070996
7.9491915
7.8462182
7.8196129
7.7873564
7.7229122
7.6765592
7.7426551
7.9594132
8.0976356
8.1556924
8.1721633
8.1683845
8.165275
8.162438
8.1133731
8.2828467
8.2129706
8.2129704
8.2129686
8.2129665
8.2129641
8.2129615
8.2129585
8.2129553
8.2129517
8.2129479
8.2129436
8.212939
8.2129339
8.2129281
8.2129215
8.2129132
8.2129024
8.2128888
8.2128707
8.2128267
8.2125871
8.2105153
8.195561
8.1268189
7.9718671
7.846631
7.8071597
7.776725
7.7176248
7.6748001
7.7657078
7.9794723
8.1113848
8.1663577
8.182686
8.1811481
8.1769541
8.1684775
8.1158282
8.2819307
8.2128894
8.2128891
8.2128874
8.2128853
8.212883
8.2128805
8.2128777
8.2128746
8.2128713
8.2128677
8.2128638
8.2128597
8.2128552
8.2128503
8.2128446
8.2128377
8.2128295
8.2128205
8.212813
8.212797
8.2126489
8.2113303
8.2006032
8.1449582
7.9981799
7.8525845
7.7982723
7.7671006
7.7130987
7.674704
7.7943302
7.9990055
8.1238691
8.175011
8.1905789
8.1906078
8.1860714
8.1732791
8.1179572
8.2811927
8.2128044
8.2128041
8.2128023
8.2128002
8.212798
8.2127955
8.2127928
8.2127898
8.2127866
8.2127831
8.2127794
8.2127755
8.2127713
8.2127667
8.2127614
8.2127552
8.2127482
8.2127418
8.2127402
8.2127387
8.2126636
8.2118423
8.204393
8.1609945
8.0271022
7.8655125
7.7943523
7.7585374
7.7101475
7.6805907
7.8241463
8.0190792
8.1354613
8.1821438
8.1964448
8.1973697
8.1928162
8.1769535
8.1197522
8.2806072
8.2127184
8.212718
8.2127162
8.2127142
8.212712
8.2127095
8.2127068
8.2127039
8.2127007
8.2126973
8.2126937
8.2126899
8.2126858
8.2126814
8.2126762
8.2126703
8.212664
8.2126594
8.2126612
8.2126673
8.2126381
8.2121414
8.2071434
8.1745813
8.0572336
7.8853647
7.793791
7.7529699
7.7090951
7.6944974
7.8543975
8.039615
8.1464263
8.1881214
8.2007734
8.2020475
8.197582
8.1796735
8.1212514
8.2801443
8.2126325
8.2126321
8.2126303
8.2126283
8.2126261
8.2126237
8.212621
8.2126181
8.212615
8.2126116
8.212608
8.2126043
8.2126003
8.2125958
8.2125907
8.212585
8.2125793
8.212576
8.2125801
8.2125901
8.2125849
8.2122914
8.2090653
8.1855865
8.0870836
7.9120149
7.798314
7.7509392
7.7094601
7.7159831
7.8859027
8.0603034
8.1567096
8.1931329
8.2039407
8.2051926
8.2008132
8.1816359
8.1225034
8.2797787
8.2125472
8.2125468
8.212545
8.212543
8.2125408
8.2125384
8.2125357
8.2125328
8.2125297
8.2125264
8.2125229
8.2125192
8.2125151
8.2125106
8.2125056
8.2125001
8.2124948
8.2124929
8.2124984
8.2125105
8.2125186
8.2123532
8.2103532
8.1940965
8.1151085
7.9445411
7.8101013
7.7519114
7.7141279
7.7437713
7.9189536
8.0807666
8.1661953
8.1972963
8.2062329
8.2072532
8.2029229
8.1830295
8.1235537
8.2794904
8.2124627
8.2124623
8.2124605
8.2124585
8.2124563
8.2124539
8.2124512
8.2124484
8.2124453
8.212442
8.2124385
8.2124348
8.2124307
8.2124262
8.2124212
8.2124159
8.2124111
8.2124104
8.2124169
8.21243
8.2124455
8.2123688
8.2111757
8.2003715
8.1396417
7.9806799
7.8301026
7.7589461
7.725602
7.7773559
7.9531718
8.1006052
8.1747723
8.2007048
8.2078684
8.2085702
8.2042538
8.1840157
8.1244405
8.2792639
8.212379
8.2123786
8.2123768
8.2123748
8.2123727
8.2123703
8.2123676
8.2123647
8.2123616
8.2123584
8.2123549
8.2123512
8.2123471
8.2123425
8.2123375
8.2123324
8.2123282
8.2123288
8.212336
8.2123496
8.2123689
8.2123459
8.211668
8.2047786
8.1596181
8.0182845
7.8583189
7.774512
7.7457144
7.8162382
7.9878578
8.119405
8.1823547
8.2034445
8.2090151
8.2093909
8.2050666
8.1847213
8.1251945
8.2790869
8.2122963
8.2122958
8.212294
8.212292
8.2122899
8.2122875
8.2122848
8.2122819
8.2122789
8.2122757
8.2122722
8.2122684
8.2122643
8.2122597
8.2122548
8.2122498
8.2122463
8.212248
8.2122557
8.2122694
8.2122906
8.212295
8.2119233
8.2077024
8.1752756
8.0550612
7.8935017
7.7991935
7.7752411
7.859643
8.0220795
8.136764
8.1888919
8.2055999
8.2098011
8.2098882
8.2055473
8.1852396
8.1258399
8.278949
8.2122144
8.2122139
8.2122121
8.2122101
8.212208
8.2122056
8.212203
8.2122001
8.2121971
8.2121938
8.2121903
8.2121866
8.2121823
8.2121778
8.2121729
8.2121682
8.2121654
8.2121681
8.212176
8.2121898
8.2122117
8.2122306
8.2120365
8.2095376
8.1870835
8.0890942
7.9336631
7.8325966
7.8138104
7.9062641
8.0548099
8.1523356
8.1943748
8.2072546
8.2103242
8.2101723
8.2058216
8.1856355
8.1263952
8.2788418
8.2121335
8.2121329
8.2121312
8.2121292
8.2121271
8.2121247
8.212122
8.2121192
8.2121162
8.2121129
8.2121094
8.2121056
8.2121013
8.2120968
8.212092
8.2120875
8.2120855
8.212089
8.2120971
8.2121108
8.2121328
8.2121591
8.2120721
8.2106438
8.1956319
8.1189952
7.9763878
7.8733089
7.8597473
7.9539931
8.0852717
8.165883
8.1988397
8.2084903
8.2106587
8.2103105
8.2059736
8.1859519
8.1268749
8.2787586
8.2120535
8.2120529
8.2120512
8.2120492
8.2120471
8.2120447
8.212042
8.2120392
8.2120362
8.2120329
8.2120294
8.2120255
8.2120212
8.2120167
8.2120119
8.2120078
8.2120067
8.2120107
8.2120189
8.2120324
8.2120542
8.2120839
8.2120648
8.2112731
8.2015788
8.143984
8.0191584
7.919006
7.9103446
8.0006524
8.11268
8.1772876
8.2023626
8.2093842
8.2108561
8.2103667
8.2060544
8.1862158
8.1272904
8.2786939
8.2119745
8.2119739
8.2119722
8.2119702
8.2119681
8.2119657
8.211963
8.2119602
8.2119572
8.2119539
8.2119503
8.2119464
8.211942
8.2119375
8.2119329
8.2119291
8.2119289
8.2119333
8.2119414
8.2119548
8.2119761
8.2120069
8.2120211
8.211593
8.2055561
8.1639446
8.0595991
7.9668363
7.9623618
8.0442318
8.1364423
8.1865592
8.2050509
8.2100073
8.2109524
8.2103813
8.2060924
8.1864434
8.1276508
8.2786434
8.2118964
8.2118958
8.2118941
8.2118921
8.21189
8.2118876
8.211885
8.2118822
8.2118791
8.2118758
8.2118722
8.2118682
8.2118638
8.2118593
8.2118548
8.2118515
8.2118521
8.2118568
8.2118648
8.2118778
8.2118986
8.2119293
8.2119581
8.2117364
8.2081124
8.1792053
8.0958386
8.0138781
8.0125944
8.0831215
8.1562534
8.1938269
8.2070311
8.2104224
8.2109903
8.2103731
8.2061066
8.1866442
8.1279632
8.2786037
8.2118194
8.2118188
8.211817
8.2118151
8.211813
8.2118106
8.2118079
8.2118051
8.211802
8.2117987
8.211795
8.2117909
8.2117866
8.2117821
8.2117777
8.2117749
8.2117763
8.2117811
8.2117889
8.2118016
8.2118218
8.2118517
8.2118869
8.2117835
8.2096881
8.1903731
8.1266863
8.0575676
8.0583683
8.1162811
8.1721174
8.1993134
8.208436
8.2106831
8.2109984
8.2103419
8.2061093
8.1868238
8.1282338
8.2785719
8.2117433
8.2117427
8.2117409
8.211739
8.2117369
8.2117345
8.2117319
8.211729
8.2117259
8.2117225
8.2117188
8.2117147
8.2117103
8.2117059
8.2117016
8.2116995
8.2117014
8.2117062
8.2117138
8.2117262
8.2117456
8.2117745
8.2118119
8.2117847
8.2106151
8.1981949
8.1516549
8.096002
8.0978668
8.1432962
8.1843089
8.2032987
8.2093926
8.2108226
8.2109808
8.2102978
8.206105
8.1869852
8.1284677
8.2785459
8.2116683
8.2116676
8.2116659
8.2116639
8.2116618
8.2116595
8.2116568
8.2116539
8.2116508
8.2116473
8.2116435
8.2116395
8.2116351
8.2116306
8.2116266
8.2116251
8.2116275
8.2116322
8.2116396
8.2116516
8.2116703
8.2116979
8.2117353
8.2117471
8.2111152
8.2034375
8.1708884
8.128095
8.1302432
8.1643287
8.1932969
8.2060818
8.2100145
8.2108848
8.2109432
8.2102463
8.2060942
8.1871303
8.1286692
8.2785237
8.2115942
8.2115936
8.2115918
8.2115899
8.2115878
8.2115854
8.2115827
8.2115798
8.2115766
8.2115731
8.2115693
8.2115652
8.2115608
8.2115564
8.2115527
8.2115519
8.2115545
8.2115591
8.2115663
8.2115777
8.2115957
8.2116221
8.2116584
8.2116872
8.2113549
8.2067987
8.1849968
8.1535673
8.1555065
8.179987
8.1996551
8.207948
8.2103971
8.2109035
8.2108946
8.2101908
8.206079
8.1872604
8.1288422
8.278504
8.2115212
8.2115205
8.2115188
8.2115168
8.2115147
8.2115123
8.2115096
8.2115066
8.2115035
8.2114999
8.2114961
8.2114919
8.2114875
8.2114832
8.2114799
8.2114797
8.2114824
8.2114869
8.2114938
8.2115047
8.2115219
8.211547
8.2115817
8.2116176
8.2114506
8.2088576
8.1948575
8.1728033
8.1743022
8.1911399
8.2039698
8.209146
8.2106048
8.2108964
8.2108397
8.2101334
8.2060606
8.1873765
8.1289899
8.2784855
8.2114491
8.2114485
8.2114467
8.2114447
8.2114426
8.2114402
8.2114375
8.2114345
8.2114313
8.2114277
8.2114238
8.2114197
8.2114153
8.2114111
8.2114082
8.2114085
8.2114113
8.2114156
8.2114221
8.2114326
8.2114489
8.2114728
8.2115057
8.2115437
8.2114754
8.210059
8.2014276
8.1866344
8.1876524
8.198743
8.2067761
8.2098777
8.2107008
8.2108636
8.2107808
8.2100754
8.2060396
8.1874797
8.1291153
8.2784674
8.2113781
8.2113774
8.2113756
8.2113737
8.2113715
8.2113691
8.2113664
8.2113634
8.2113601
8.2113565
8.2113526
8.2113484
8.211344
8.21134
8.2113376
8.2113383
8.211341
8.2113451
8.2113514
8.2113613
8.2113768
8.2113994
8.2114305
8.2114681
8.2114564
8.2107027
8.2056012
8.1961077
8.1967127
8.2037042
8.2085224
8.2102951
8.2107336
8.2108174
8.2107197
8.2100175
8.2060162
8.1875707
8.129221
8.278449
8.2113081
8.2113073
8.2113056
8.2113036
8.2113014
8.211299
8.2112962
8.2112932
8.2112899
8.2112863
8.2112823
8.2112781
8.2112738
8.21127
8.2112681
8.2112691
8.2112717
8.2112756
8.2112815
8.2112909
8.2113055
8.2113269
8.2113561
8.2113921
8.211406
8.2110115
8.2081278
8.2022899
8.2025906
8.2068013
8.2095575
8.2105034
8.210737
8.2107642
8.2106578
8.2099597
8.2059907
8.1876505
8.1293091
8.2784296
8.211239
8.2112383
8.2112365
8.2112345
8.2112323
8.2112299
8.2112271
8.211224
8.2112207
8.211217
8.2112131
8.2112089
8.2112046
8.211201
8.2111996
8.2112009
8.2112034
8.211207
8.2112125
8.2112214
8.2112352
8.2112553
8.2112827
8.2113165
8.211341
8.2111376
8.2095841
8.2061314
8.2062344
8.2086465
8.2101289
8.2105936
8.2107097
8.2107072
8.2105957
8.2099024
8.2059633
8.1877199
8.1293818
8.2784089
8.211171
8.2111702
8.2111684
8.2111664
8.2111642
8.2111618
8.211159
8.2111559
8.2111525
8.2111488
8.2111448
8.2111406
8.2111365
8.2111332
8.2111323
8.2111336
8.2111359
8.2111393
8.2111445
8.2111527
8.2111657
8.2111846
8.2112103
8.2112418
8.2112697
8.2111731
8.2103557
8.2084002
8.2083893
8.2096898
8.2104108
8.2106204
8.2106668
8.2106483
8.210534
8.2098455
8.2059342
8.1877797
8.1294406
8.2783865
8.2111039
8.2111031
8.2111013
8.2110993
8.2110971
8.2110947
8.2110918
8.2110887
8.2110853
8.2110816
8.2110776
8.2110734
8.2110694
8.2110665
8.211066
8.2110673
8.2110694
8.2110725
8.2110773
8.211085
8.2110972
8.2111149
8.2111389
8.211168
8.211196
8.2111607
8.2107248
8.2096668
8.2095981
8.2102219
8.2105329
8.2106159
8.2106163
8.2105886
8.2104731
8.2097892
8.2059035
8.1878307
8.1294872
8.2783623
8.2110378
8.211037
8.2110352
8.2110332
8.211031
8.2110285
8.2110256
8.2110225
8.2110191
8.2110153
8.2110113
8.2110072
8.2110033
8.2110009
8.2110007
8.2110019
8.2110039
8.2110067
8.2110111
8.2110183
8.2110296
8.2110462
8.2110685
8.2110953
8.2111216
8.2111137
8.2108771
8.2103071
8.2102115
8.2104698
8.2105714
8.2105835
8.2105616
8.2105289
8.2104129
8.2097334
8.2058714
8.1878736
8.1295228
8.2783359
8.2109727
8.2109719
8.2109701
8.2109681
8.2109659
8.2109633
8.2109604
8.2109573
8.2109538
8.2109501
8.2109461
8.210942
8.2109384
8.2109364
8.2109364
8.2109375
8.2109392
8.2109418
8.2109458
8.2109524
8.210963
8.2109785
8.2109991
8.2110237
8.2110477
8.2110507
8.2109214
8.2106016
8.2104971
8.2105683
8.2105744
8.2105387
8.210505
8.2104697
8.2103537
8.2096782
8.2058381
8.1879091
8.129549
8.2783073
8.2109086
8.2109078
8.2109059
8.2109039
8.2109017
8.2108991
8.2108962
8.210893
8.2108896
8.2108858
8.2108818
8.2108778
8.2108745
8.2108729
8.210873
8.210874
8.2108756
8.2108779
8.2108815
8.2108876
8.2108974
8.2109117
8.2109308
8.2109532
8.2109746
8.2109813
8.2109153
8.2107158
8.2106113
8.2105948
8.2105452
8.210487
8.2104479
8.2104112
8.2102953
8.2096235
8.2058036
8.1879377
8.129567
8.2782764
8.2108455
8.2108446
8.2108427
8.2108407
8.2108385
8.2108359
8.210833
8.2108298
8.2108263
8.2108225
8.2108186
8.2108147
8.2108118
8.2108105
8.2108106
8.2108114
8.2108128
8.2108149
8.2108181
8.2108236
8.2108327
8.210846
8.2108635
8.2108837
8.2109027
8.2109097
8.2108726
8.2107449
8.2106428
8.2105842
8.2105004
8.2104326
8.210391
8.2103535
8.2102378
8.2095695
8.2057681
8.1879601
8.1295755
8.2782431
8.2107833
8.2107824
8.2107805
8.2107785
8.2107762
8.2107737
8.2107707
8.2107675
8.210764
8.2107602
8.2107563
8.2107527
8.2107501
8.2107491
8.2107492
8.2107499
8.2107511
8.2107528
8.2107557
8.2107607
8.210769
8.2107812
8.2107972
8.2108155
8.210832
8.2108378
8.2108124
8.2107293
8.210634
8.2105454
8.2104484
8.2103772
8.2103347
8.2102967
8.2101812
8.209516
8.2057317
8.1879768
8.129577
8.2782073
8.210722
8.2107211
8.2107193
8.2107172
8.210715
8.2107124
8.2107094
8.2107062
8.2107027
8.2106989
8.2106951
8.2106918
8.2106895
8.2106887
8.2106887
8.2106892
8.2106902
8.2106917
8.2106942
8.2106987
8.2107062
8.2107174
8.2107319
8.2107483
8.2107626
8.2107666
8.2107457
8.2106828
8.2105935
8.210494
8.2103934
8.2103218
8.210279
8.2102407
8.2101255
8.2094632
8.2056945
8.1879885
8.1295731
8.2781691
8.2106618
8.2106608
8.210659
8.2106569
8.2106546
8.2106521
8.2106491
8.2106458
8.2106423
8.2106386
8.210635
8.2106319
8.21063
8.2106292
8.2106291
8.2106295
8.2106303
8.2106315
8.2106336
8.2106376
8.2106444
8.2106545
8.2106677
8.2106822
8.2106944
8.2106966
8.2106771
8.2106232
8.2105387
8.2104373
8.2103376
8.2102668
8.210224
8.2101856
8.2100706
8.2094111
8.2056567
8.1879949
8.1295634
8.2781285
8.2106024
8.2106015
8.2105996
8.2105976
8.2105953
8.2105927
8.2105897
8.2105865
8.210583
8.2105794
8.2105759
8.2105731
8.2105715
8.2105707
8.2105705
8.2105707
8.2105713
8.2105723
8.210574
8.2105774
8.2105835
8.2105927
8.2106045
8.2106173
8.2106275
8.2106278
8.2106085
8.210559
8.2104785
8.210379
8.2102818
8.2102124
8.2101699
8.2101313
8.2100167
8.2093595
8.2056183
8.1879964
8.1295486
8.2780854
8.2105441
8.2105431
8.2105413
8.2105392
8.2105369
8.2105343
8.2105313
8.210528
8.2105246
8.2105211
8.2105179
8.2105154
8.2105139
8.2105131
8.2105128
8.2105129
8.2105133
8.2105139
8.2105153
8.2105182
8.2105236
8.2105318
8.2105423
8.2105535
8.2105618
8.2105604
8.2105409
8.2104936
8.2104167
8.2103206
8.2102266
8.2101588
8.2101165
8.2100779
8.2099636
8.2093087
8.2055794
8.1879944
8.1295291
8.2780397
8.2104866
8.2104857
8.2104838
8.2104817
8.2104795
8.2104768
8.2104739
8.2104706
8.2104673
8.2104639
8.2104609
8.2104587
8.2104573
8.2104564
8.210456
8.2104559
8.2104561
8.2104565
8.2104575
8.2104599
8.2104646
8.2104718
8.2104811
8.2104907
8.2104973
8.2104944
8.2104744
8.2104287
8.210355
8.2102628
8.2101721
8.210106
8.2100641
8.2100254
8.2099113
8.2092585
8.20554
8.1879887
8.1295054
8.2779916
8.2104302
8.2104292
8.2104273
8.2104252
8.210423
8.2104203
8.2104174
8.2104142
8.2104109
8.2104077
8.210405
8.210403
8.2104017
8.2104007
8.2104001
8.2103999
8.2103999
8.2104
8.2104006
8.2104025
8.2104065
8.2104128
8.2104209
8.2104291
8.210434
8.2104298
8.2104093
8.2103647
8.2102941
8.2102058
8.2101185
8.210054
8.2100124
8.2099738
8.20986
8.2092089
8.2055004
8.1879795
8.1294778
8.2779408
8.2103746
8.2103736
8.2103718
8.2103697
8.2103674
8.2103648
8.2103619
8.2103587
8.2103556
8.2103526
8.2103501
8.2103483
8.2103469
8.2103459
8.2103452
8.2103448
8.2103446
8.2103444
8.2103447
8.2103461
8.2103494
8.2103548
8.2103618
8.2103686
8.210372
8.2103665
8.2103455
8.210302
8.2102342
8.2101498
8.2100657
8.2100028
8.2099616
8.209923
8.2098095
8.2091601
8.2054605
8.1879672
8.1294468
8.2778876
8.21032
8.210319
8.2103172
8.2103151
8.2103128
8.2103102
8.2103073
8.2103043
8.2103014
8.2102986
8.2102963
8.2102945
8.2102931
8.210292
8.2102911
8.2102906
8.2102901
8.2102897
8.2102896
8.2102905
8.2102932
8.2102978
8.2103036
8.2103092
8.2103111
8.2103046
8.2102832
8.2102406
8.2101755
8.2100948
8.2100138
8.2099524
8.2099116
8.2098731
8.2097598
8.2091119
8.2054203
8.187952
8.1294125
8.2778316
8.2102663
8.2102654
8.2102635
8.2102614
8.2102592
8.2102567
8.2102538
8.2102509
8.2102482
8.2102456
8.2102435
8.2102417
8.2102402
8.210239
8.210238
8.2102373
8.2102366
8.2102359
8.2102354
8.2102359
8.2102379
8.2102417
8.2102465
8.2102508
8.2102515
8.2102439
8.2102222
8.2101805
8.2101179
8.2100407
8.2099627
8.2099028
8.2098624
8.2098241
8.209711
8.2090644
8.2053801
8.1879342
8.1293752
8.277773
8.2102136
8.2102127
8.2102108
8.2102088
8.2102066
8.2102041
8.2102014
8.2101986
8.210196
8.2101936
8.2101916
8.2101898
8.2101882
8.2101869
8.2101858
8.2101849
8.210184
8.210183
8.2101822
8.2101822
8.2101836
8.2101866
8.2101904
8.2101935
8.210193
8.2101845
8.2101625
8.2101218
8.2100616
8.2099876
8.2099125
8.2098541
8.2098141
8.2097759
8.209663
8.2090176
8.2053397
8.1879139
8.1293353
8.2777116
8.2101619
8.2101609
8.2101591
8.2101571
8.210155
8.2101525
8.21015
8.2101474
8.2101449
8.2101427
8.2101406
8.2101388
8.2101371
8.2101357
8.2101344
8.2101333
8.2101323
8.210131
8.2101298
8.2101293
8.2101302
8.2101324
8.2101353
8.2101373
8.2101357
8.2101264
8.2101041
8.2100643
8.2100063
8.2099355
8.2098632
8.2098062
8.2097667
8.2097285
8.2096159
8.2089715
8.2052994
8.1878914
8.1292928
8.2776473
8.2101111
8.2101102
8.2101084
8.2101064
8.2101044
8.2101021
8.2100996
8.2100971
8.2100948
8.2100926
8.2100906
8.2100887
8.2100869
8.2100853
8.210084
8.2100827
8.2100814
8.2100799
8.2100783
8.2100774
8.2100777
8.2100792
8.2100812
8.2100822
8.2100795
8.2100694
8.210047
8.2100082
8.2099523
8.2098844
8.2098148
8.2097591
8.20972
8.209682
8.2095696
8.2089261
8.205259
8.1878669
8.129248
8.27758
8.2100614
8.2100605
8.2100587
8.2100568
8.2100548
8.2100526
8.2100503
8.2100479
8.2100457
8.2100435
8.2100414
8.2100395
8.2100376
8.2100359
8.2100344
8.210033
8.2100315
8.2100297
8.2100278
8.2100264
8.2100261
8.2100269
8.210028
8.2100281
8.2100245
8.2100137
8.2099912
8.2099532
8.2098994
8.2098342
8.2097672
8.2097129
8.2096742
8.2096363
8.2095241
8.2088814
8.2052187
8.1878406
8.1292011
8.2775095
8.2100127
8.2100119
8.2100101
8.2100083
8.2100063
8.2100042
8.210002
8.2099997
8.2099975
8.2099953
8.2099931
8.2099911
8.2099892
8.2099874
8.2099857
8.2099841
8.2099824
8.2099803
8.2099781
8.2099763
8.2099754
8.2099755
8.2099759
8.209975
8.2099706
8.2099592
8.2099366
8.2098995
8.2098476
8.2097851
8.2097205
8.2096675
8.2096293
8.2095915
8.2094795
8.2088374
8.2051786
8.1878125
8.1291522
8.2774356
8.2099651
8.2099643
8.2099626
8.2099608
8.2099589
8.2099568
8.2099546
8.2099524
8.2099502
8.209948
8.2099458
8.2099437
8.2099416
8.2099397
8.2099379
8.2099361
8.2099342
8.2099319
8.2099293
8.2099271
8.2099257
8.2099251
8.2099247
8.209923
8.2099178
8.2099058
8.2098832
8.209847
8.2097968
8.2097368
8.2096747
8.2096229
8.2095851
8.2095475
8.2094356
8.2087941
8.2051385
8.187783
8.1291014
8.277358
8.2099185
8.2099177
8.209916
8.2099143
8.2099124
8.2099104
8.2099082
8.209906
8.2099038
8.2099015
8.2098993
8.2098971
8.209895
8.2098929
8.209891
8.209889
8.2098869
8.2098843
8.2098814
8.2098788
8.2098769
8.2098757
8.2098745
8.209872
8.209866
8.2098535
8.2098309
8.2097956
8.2097472
8.2096895
8.2096297
8.2095792
8.2095418
8.2095044
8.2093926
8.2087515
8.2050987
8.187752
8.1290488
8.2772766
8.209873
8.2098721
8.2098705
8.2098687
8.2098669
8.2098649
8.2098628
8.2098605
8.2098583
8.2098559
8.2098536
8.2098514
8.2098492
8.209847
8.2098449
8.2098428
8.2098404
8.2098376
8.2098343
8.2098313
8.2098289
8.2098271
8.2098253
8.2098221
8.2098154
8.2098024
8.2097799
8.2097454
8.2096986
8.2096432
8.2095855
8.2095362
8.2094993
8.209462
8.2093504
8.2087097
8.2050591
8.1877198
8.1289945
8.2771908
8.2098284
8.2098275
8.2098259
8.2098242
8.2098223
8.2098204
8.2098182
8.2098159
8.2098136
8.2098112
8.2098089
8.2098065
8.2098042
8.2098019
8.2097997
8.2097974
8.2097948
8.2097917
8.2097882
8.2097848
8.2097819
8.2097795
8.209777
8.2097731
8.2097658
8.2097524
8.20973
8.2096963
8.2096511
8.2095977
8.2095421
8.2094941
8.2094576
8.2094205
8.209309
8.2086685
8.2050197
8.1876864
8.1289386
8.2771005
8.2097847
8.2097839
8.2097822
8.2097805
8.2097786
8.2097767
8.2097744
8.2097721
8.2097698
8.2097674
8.2097649
8.2097625
8.2097601
8.2097577
8.2097554
8.2097529
8.2097501
8.2097467
8.2097429
8.2097391
8.2097357
8.2097328
8.2097297
8.2097252
8.2097172
8.2097035
8.2096812
8.2096483
8.2096046
8.2095532
8.2094996
8.2094528
8.2094168
8.2093798
8.2092684
8.208628
8.2049806
8.187652
8.1288811
8.277005
8.2097419
8.2097411
8.2097394
8.2097377
8.2097358
8.2097338
8.2097316
8.2097292
8.2097269
8.2097244
8.2097219
8.2097194
8.2097169
8.2097144
8.2097119
8.2097092
8.2097062
8.2097026
8.2096985
8.2096943
8.2096905
8.2096871
8.2096834
8.2096782
8.2096697
8.2096557
8.2096335
8.2096013
8.2095591
8.2095096
8.209458
8.2094123
8.2093767
8.2093399
8.2092286
8.2085883
8.2049418
8.1876167
8.1288221
8.2769039
8.2097
8.2096991
8.2096975
8.2096957
8.2096939
8.2096918
8.2096896
8.2096872
8.2096848
8.2096823
8.2096797
8.2096771
8.2096745
8.2096719
8.2096692
8.2096664
8.2096632
8.2096593
8.2096549
8.2096503
8.2096461
8.2096422
8.2096379
8.2096322
8.2096232
8.209609
8.2095869
8.2095555
8.2095146
8.2094669
8.2094171
8.2093727
8.2093375
8.2093008
8.2091895
8.2085493
8.2049034
8.1875805
8.1287615
8.2767964
8.2096589
8.2096581
8.2096564
8.2096546
8.2096528
8.2096507
8.2096484
8.209646
8.2096435
8.209641
8.2096383
8.2096357
8.209633
8.2096302
8.2096274
8.2096245
8.209621
8.2096169
8.2096122
8.2096073
8.2096027
8.2095982
8.2095935
8.2095872
8.2095778
8.2095633
8.2095414
8.2095106
8.2094711
8.2094251
8.2093772
8.2093338
8.2092991
8.2092625
8.2091513
8.208511
8.2048653
8.1875435
8.1286995
8.2766819
8.2096187
8.2096178
8.2096161
8.2096144
8.2096125
8.2096104
8.2096081
8.2096056
8.2096031
8.2096005
8.2095978
8.2095951
8.2095923
8.2095894
8.2095865
8.2095833
8.2095797
8.2095754
8.2095703
8.2095651
8.2095601
8.2095552
8.2095499
8.2095431
8.2095333
8.2095186
8.2094969
8.2094669
8.2094285
8.2093842
8.209338
8.2092957
8.2092614
8.2092251
8.2091139
8.2084734
8.2048276
8.1875059
8.1286359
8.2765596
8.2095794
8.2095785
8.2095767
8.209575
8.2095731
8.209571
8.2095686
8.2095661
8.2095636
8.2095609
8.2095582
8.2095553
8.2095524
8.2095495
8.2095464
8.2095431
8.2095392
8.2095346
8.2095293
8.2095237
8.2095183
8.209513
8.2095073
8.2095
8.2094898
8.2094749
8.2094534
8.2094241
8.2093869
8.2093441
8.2092995
8.2092584
8.2092246
8.2091884
8.2090772
8.2084365
8.2047903
8.1874676
8.1285709
8.2764282
8.2095409
8.2095399
8.2095382
8.2095364
8.2095345
8.2095324
8.20953
8.2095274
8.2095249
8.2095221
8.2095193
8.2095164
8.2095134
8.2095103
8.2095071
8.2095036
8.2094996
8.2094947
8.2094892
8.2094833
8.2094775
8.2094717
8.2094655
8.2094578
8.2094473
8.2094323
8.209411
8.2093823
8.2093462
8.209305
8.2092619
8.209222
8.2091886
8.2091525
8.2090413
8.2084003
8.2047533
8.1874288
8.1285042
8.2762868
8.2095032
8.2095022
8.2095005
8.2094986
8.2094967
8.2094946
8.2094922
8.2094896
8.209487
8.2094842
8.2094813
8.2094783
8.2094752
8.209472
8.2094686
8.209465
8.2094608
8.2094557
8.2094498
8.2094436
8.2094375
8.2094314
8.2094247
8.2094166
8.2094058
8.2093906
8.2093695
8.2093415
8.2093065
8.2092666
8.2092251
8.2091862
8.2091534
8.2091174
8.2090063
8.2083649
8.2047169
8.1873894
8.1284359
8.2761339
8.2094663
8.2094653
8.2094635
8.2094617
8.2094598
8.2094576
8.2094552
8.2094526
8.2094499
8.2094471
8.2094441
8.209441
8.2094379
8.2094345
8.209431
8.2094272
8.2094228
8.2094175
8.2094114
8.2094048
8.2093984
8.2093918
8.2093848
8.2093763
8.2093652
8.20935
8.2093291
8.2093016
8.2092677
8.2092292
8.2091891
8.2091513
8.2091189
8.2090831
8.2089719
8.2083302
8.2046808
8.1873496
8.1283659
8.2759679
8.2094302
8.2094292
8.2094275
8.2094256
8.2094237
8.2094215
8.209419
8.2094164
8.2094136
8.2094108
8.2094077
8.2094046
8.2094013
8.2093979
8.2093942
8.2093902
8.2093856
8.2093801
8.2093737
8.2093669
8.2093601
8.2093532
8.2093458
8.2093369
8.2093255
8.2093102
8.2092896
8.2092627
8.2092298
8.2091925
8.2091538
8.2091171
8.2090852
8.2090496
8.2089384
8.2082962
8.2046452
8.1873093
8.128294
8.275787
8.209395
8.209394
8.2093922
8.2093903
8.2093884
8.2093862
8.2093837
8.209381
8.2093782
8.2093753
8.2093722
8.209369
8.2093656
8.209362
8.2093582
8.2093541
8.2093493
8.2093435
8.2093369
8.2093298
8.2093227
8.2093154
8.2093077
8.2092985
8.2092868
8.2092715
8.2092511
8.2092248
8.2091928
8.2091568
8.2091193
8.2090837
8.2090524
8.2090169
8.2089056
8.2082629
8.2046101
8.1872686
8.1282202
8.2755889
8.2093605
8.2093595
8.2093577
8.2093559
8.2093539
8.2093516
8.2093491
8.2093464
8.2093436
8.2093406
8.2093375
8.2093341
8.2093307
8.209327
8.2093231
8.2093188
8.2093138
8.2093078
8.2093009
8.2092936
8.2092861
8.2092785
8.2092704
8.2092609
8.2092491
8.2092337
8.2092135
8.2091878
8.2091567
8.2091218
8.2090856
8.209051
8.2090203
8.2089849
8.2088737
8.2082304
8.2045755
8.1872275
8.1281443
8.2753711
8.2093269
8.2093259
8.2093241
8.2093222
8.2093202
8.2093179
8.2093154
8.2093126
8.2093098
8.2093067
8.2093035
8.2093001
8.2092966
8.2092928
8.2092887
8.2092842
8.2092791
8.2092729
8.2092658
8.2092581
8.2092504
8.2092425
8.209234
8.2092243
8.2092122
8.2091968
8.2091768
8.2091517
8.2091215
8.2090877
8.2090527
8.2090192
8.2089889
8.2089538
8.2088425
8.2081985
8.2045413
8.1871861
8.1280662
8.2751307
8.2092941
8.209293
8.2092912
8.2092893
8.2092873
8.2092851
8.2092825
8.2092797
8.2092768
8.2092737
8.2092704
8.2092669
8.2092633
8.2092593
8.2092551
8.2092505
8.2092452
8.2092388
8.2092315
8.2092235
8.2092155
8.2092073
8.2091985
8.2091885
8.2091763
8.2091608
8.2091411
8.2091165
8.2090871
8.2090544
8.2090205
8.2089881
8.2089584
8.2089234
8.208812
8.2081674
8.2045076
8.1871442
8.1279855
8.2748641
8.2092621
8.209261
8.2092592
8.2092573
8.2092553
8.209253
8.2092504
8.2092475
8.2092446
8.2092414
8.2092381
8.2092345
8.2092308
8.2092267
8.2092224
8.2092176
8.2092121
8.2092055
8.2091979
8.2091898
8.2091815
8.209173
8.2091639
8.2091536
8.2091412
8.2091258
8.2091063
8.2090822
8.2090536
8.2090219
8.2089891
8.2089576
8.2089285
8.2088938
8.2087824
8.2081371
8.2044744
8.187102
8.127902
8.2745674
8.2092309
8.2092298
8.2092279
8.209226
8.209224
8.2092217
8.209219
8.2092162
8.2092132
8.20921
8.2092066
8.2092029
8.2091991
8.2091949
8.2091904
8.2091855
8.2091798
8.209173
8.2091652
8.2091568
8.2091483
8.2091395
8.2091302
8.2091196
8.2091071
8.2090916
8.2090724
8.2090488
8.209021
8.2089903
8.2089585
8.208928
8.2088995
8.2088649
8.2087535
8.2081074
8.2044417
8.1870594
8.1278155
8.274236
8.2092004
8.2091993
8.2091975
8.2091956
8.2091935
8.2091912
8.2091885
8.2091856
8.2091826
8.2091793
8.2091758
8.2091721
8.2091682
8.2091639
8.2091593
8.2091542
8.2091484
8.2091414
8.2091334
8.2091247
8.2091159
8.2091068
8.2090972
8.2090865
8.2090738
8.2090584
8.2090393
8.2090162
8.2089892
8.2089594
8.2089286
8.208899
8.2088711
8.2088369
8.2087253
8.2080785
8.2044095
8.1870164
8.1277257
8.2738643
8.2091708
8.2091697
8.2091678
8.2091659
8.2091638
8.2091614
8.2091588
8.2091558
8.2091527
8.2091494
8.2091459
8.2091421
8.2091381
8.2091337
8.2091289
8.2091237
8.2091177
8.2091105
8.2091023
8.2090934
8.2090843
8.209075
8.2090652
8.2090542
8.2090414
8.209026
8.2090072
8.2089845
8.2089582
8.2089293
8.2088995
8.2088708
8.2088435
8.2088096
8.208698
8.2080503
8.2043778
8.1869729
8.127632
8.2734461
8.2091419
8.2091408
8.2091389
8.209137
8.2091349
8.2091325
8.2091298
8.2091268
8.2091237
8.2091203
8.2091167
8.2091129
8.2091087
8.2091042
8.2090994
8.209094
8.2090878
8.2090804
8.209072
8.2090629
8.2090536
8.209044
8.209034
8.2090228
8.2090099
8.2089945
8.2089759
8.2089537
8.2089281
8.2089
8.2088711
8.2088432
8.2088167
8.208783
8.2086714
8.2080228
8.2043465
8.186929
8.1275342
8.2729739
8.2091138
8.2091127
8.2091108
8.2091089
8.2091068
8.2091043
8.2091016
8.2090986
8.2090954
8.209092
8.2090883
8.2090844
8.2090802
8.2090756
8.2090706
8.2090651
8.2090587
8.2090511
8.2090425
8.2090332
8.2090236
8.2090138
8.2090036
8.2089922
8.2089792
8.2089639
8.2089455
8.2089238
8.2088988
8.2088715
8.2088435
8.2088164
8.2087905
8.2087571
8.2086455
8.207996
8.2043157
8.1868845
8.1274318
8.2724394
8.2090865
8.2090854
8.2090835
8.2090815
8.2090794
8.2090769
8.2090742
8.2090711
8.2090679
8.2090645
8.2090607
8.2090567
8.2090524
8.2090477
8.2090426
8.2090369
8.2090304
8.2090227
8.2090138
8.2090043
8.2089945
8.2089845
8.208974
8.2089625
8.2089494
8.2089341
8.208916
8.2088946
8.2088703
8.2088438
8.2088166
8.2087903
8.2087651
8.208732
8.2086204
8.20797
8.2042853
8.1868394
8.127324
8.2718327
8.20906
8.2090588
8.2090569
8.2090549
8.2090528
8.2090503
8.2090475
8.2090445
8.2090412
8.2090377
8.2090339
8.2090298
8.2090254
8.2090206
8.2090153
8.2090095
8.2090028
8.2089949
8.2089859
8.2089762
8.2089662
8.2089559
8.2089453
8.2089336
8.2089204
8.2089052
8.2088873
8.2088663
8.2088426
8.2088168
8.2087904
8.2087649
8.2087403
8.2087076
8.208596
8.2079446
8.2042554
8.1867936
8.1272104
8.2711424
8.2090342
8.2090331
8.2090311
8.2090291
8.209027
8.2090245
8.2090217
8.2090185
8.2090153
8.2090117
8.2090078
8.2090037
8.2089992
8.2089942
8.2089889
8.2089829
8.2089761
8.208968
8.2089588
8.2089489
8.2089387
8.2089282
8.2089173
8.2089055
8.2088923
8.2088771
8.2088594
8.2088388
8.2088157
8.2087907
8.208765
8.2087402
8.2087162
8.2086839
8.2085723
8.2079199
8.2042258
8.1867469
8.1270902
8.2703556
8.2090092
8.209008
8.2090061
8.2090041
8.2090019
8.2089994
8.2089965
8.2089934
8.2089901
8.2089865
8.2089825
8.2089783
8.2089737
8.2089687
8.2089632
8.2089571
8.2089501
8.2089419
8.2089325
8.2089223
8.2089119
8.2089013
8.2088902
8.2088783
8.208865
8.2088498
8.2088323
8.2088122
8.2087896
8.2087652
8.2087403
8.2087162
8.2086928
8.2086609
8.2085494
8.2078959
8.2041967
8.1866994
8.1269625
8.2694573
8.2089849
8.2089837
8.2089818
8.2089798
8.2089776
8.2089751
8.2089722
8.208969
8.2089656
8.208962
8.208958
8.2089537
8.208949
8.2089438
8.2089383
8.208932
8.2089249
8.2089165
8.2089069
8.2088966
8.208886
8.2088751
8.2088639
8.2088518
8.2088385
8.2088234
8.2088061
8.2087863
8.2087642
8.2087406
8.2087164
8.2086929
8.2086701
8.2086386
8.2085271
8.2078725
8.2041678
8.1866507
8.1268263
8.2684305
8.2089614
8.2089602
8.2089582
8.2089562
8.208954
8.2089514
8.2089485
8.2089453
8.2089419
8.2089382
8.2089342
8.2089298
8.208925
8.2089198
8.2089141
8.2089077
8.2089004
8.2088918
8.2088821
8.2088716
8.2088608
8.2088498
8.2088384
8.2088262
8.2088128
8.2087977
8.2087806
8.2087612
8.2087397
8.2087166
8.2086931
8.2086703
8.208648
8.2086169
8.2085055
8.2078497
8.2041391
8.1866006
8.1266804
8.2672558
8.2089385
8.2089373
8.2089353
8.2089333
8.2089311
8.2089285
8.2089256
8.2089223
8.2089189
8.2089151
8.208911
8.2089066
8.2089017
8.2088964
8.2088906
8.2088841
8.2088766
8.2088679
8.208858
8.2088473
8.2088364
8.2088252
8.2088136
8.2088013
8.2087879
8.2087729
8.208756
8.2087369
8.2087158
8.2086934
8.2086705
8.2086483
8.2086265
8.2085958
8.2084845
8.2078275
8.2041106
8.1865489
8.1265232
8.2659114
8.2089162
8.2089149
8.208913
8.2089109
8.2089087
8.2089061
8.2089031
8.2088999
8.2088964
8.2088926
8.2088884
8.2088839
8.208879
8.2088736
8.2088677
8.2088611
8.2088535
8.2088446
8.2088346
8.2088237
8.2088126
8.2088012
8.2087895
8.2087771
8.2087637
8.2087487
8.208732
8.2087133
8.2086927
8.2086708
8.2086485
8.2086269
8.2086056
8.2085752
8.2084639
8.2078057
8.204082
8.186495
8.1263527
8.2643732
8.208894
8.2088927
8.2088908
8.2088887
8.2088865
8.2088839
8.2088809
8.2088776
8.2088741
8.2088703
8.2088661
8.2088616
8.2088565
8.2088511
8.2088451
8.2088384
8.2088307
8.2088217
8.2088116
8.2088006
8.2087893
8.2087778
8.208766
8.2087535
8.20874
8.2087252
8.2087086
8.2086902
8.20867
8.2086487
8.2086269
8.2086058
8.2085849
8.2085548
8.2084435
8.2077839
8.204053
8.1864383
8.1261657
8.2626144
8.2088712
8.20887
8.208868
8.2088659
8.2088637
8.2088611
8.2088581
8.2088549
8.2088514
8.2088475
8.2088433
8.2088388
8.2088337
8.2088283
8.2088222
8.2088155
8.2088078
8.2087988
8.2087885
8.2087775
8.2087661
8.2087546
8.2087427
8.2087302
8.2087167
8.2087019
8.2086855
8.2086674
8.2086476
8.2086266
8.2086053
8.2085846
8.208564
8.2085341
8.2084227
8.2077615
8.2040228
8.1863777
8.1259573
8.2606062
8.208846
8.2088447
8.2088428
8.2088407
8.2088386
8.208836
8.208833
8.2088298
8.2088263
8.2088225
8.2088184
8.2088139
8.2088089
8.2088035
8.2087976
8.208791
8.2087833
8.2087744
8.2087642
8.2087532
8.208742
8.2087305
8.2087186
8.2087062
8.2086927
8.2086781
8.2086618
8.2086439
8.2086243
8.2086036
8.2085826
8.208562
8.2085415
8.2085115
8.2083998
8.2077368
8.2039895
8.1863106
8.1257196
8.2583182
8.2088143
8.208813
8.2088111
8.2088091
8.208807
8.2088045
8.2088017
8.2087985
8.2087952
8.2087916
8.2087876
8.2087833
8.2087786
8.2087735
8.2087679
8.2087616
8.2087543
8.2087457
8.2087359
8.2087253
8.2087144
8.2087032
8.2086917
8.2086795
8.2086662
8.2086517
8.2086356
8.2086177
8.2085982
8.2085774
8.2085562
8.2085353
8.2085144
8.208484
8.2083714
8.2077062
8.2039491
8.1862321
8.1254394
8.25572
8.2087675
8.2087662
8.2087644
8.2087625
8.2087605
8.2087582
8.2087556
8.2087527
8.2087497
8.2087465
8.208743
8.2087393
8.2087352
8.2087307
8.2087259
8.2087204
8.208714
8.2087064
8.2086976
8.2086881
8.2086781
8.2086678
8.208657
8.2086454
8.2086327
8.2086184
8.2086024
8.2085843
8.2085643
8.2085428
8.2085205
8.2084984
8.2084761
8.2084443
8.2083302
8.2076619
8.2038935
8.1861323
8.1250946
8.2527835
8.2086883
8.208687
8.2086853
8.2086836
8.2086819
8.20868
8.2086779
8.2086756
8.2086733
8.2086709
8.2086684
8.2086658
8.208663
8.20866
8.2086568
8.2086532
8.2086488
8.2086433
8.2086367
8.2086294
8.2086216
8.2086133
8.2086043
8.2085942
8.2085824
8.2085687
8.2085525
8.2085338
8.2085124
8.2084888
8.2084639
8.2084387
8.2084133
8.2083784
8.208261
8.207588
8.203806
8.1859924
8.1246488
8.2494873
8.2085433
8.2085421
8.2085407
8.2085394
8.2085383
8.2085371
8.2085359
8.2085348
8.2085338
8.2085331
8.2085325
8.2085321
8.2085318
8.2085318
8.2085319
8.2085319
8.2085315
8.2085303
8.2085282
8.2085253
8.208522
8.2085179
8.2085126
8.2085054
8.2084958
8.208483
8.2084667
8.2084463
8.2084218
8.2083937
8.2083632
8.2083316
8.2082997
8.2082587
8.208135
8.2074545
8.203655
8.1857775
8.1240436
8.2458251
8.2082734
8.2082724
8.2082713
8.2082708
8.2082708
8.2082709
8.2082714
8.2082724
8.2082739
8.2082761
8.208279
8.2082827
8.2082872
8.2082925
8.2082987
8.2083055
8.2083125
8.2083193
8.2083256
8.2083313
8.2083364
8.2083403
8.2083421
8.2083408
8.2083352
8.2083245
8.2083076
8.208284
8.2082536
8.2082169
8.2081756
8.208132
8.2080878
8.2080354
8.2079002
8.2072075
8.2033846
8.1854272
8.1231899
8.2418189
8.2077814
8.2077805
8.20778
8.2077809
8.2077826
8.2077852
8.2077885
8.207793
8.2077989
8.2078062
8.2078151
8.2078258
8.2078384
8.207853
8.2078697
8.2078883
8.2079082
8.207929
8.20795
8.2079709
8.2079911
8.2080093
8.208024
8.2080333
8.2080353
8.2080284
8.2080109
8.2079819
8.207941
8.2078891
8.207829
8.2077645
8.2076991
8.2076268
8.2074723
8.2067596
8.2029039
8.1848455
8.1219633
8.2375447
8.2069265
8.2069257
8.2069262
8.2069292
8.2069338
8.2069401
8.2069481
8.2069583
8.2069709
8.2069864
8.2070049
8.2070268
8.2070523
8.2070819
8.2071155
8.2071531
8.207194
8.2072375
8.2072827
8.2073285
8.2073737
8.2074159
8.2074523
8.2074798
8.2074951
8.2074952
8.2074776
8.2074403
8.2073829
8.2073069
8.2072168
8.2071189
8.2070198
8.2069155
8.2067302
8.2059859
8.2020843
8.1838992
8.1202125
8.2331742
8.2055449
8.2055439
8.2055458
8.205552
8.2055608
8.2055725
8.2055873
8.2056058
8.2056285
8.2056558
8.2056884
8.2057268
8.2057714
8.205823
8.2058816
8.2059473
8.2060194
8.2060969
8.2061785
8.2062622
8.2063456
8.2064248
8.2064952
8.2065518
8.206589
8.2066017
8.2065857
8.2065383
8.2064583
8.2063483
8.2062153
8.2060695
8.2059215
8.2057702
8.2055399
8.2047483
8.2007834
8.1824446
8.1178076
8.2290497
8.2035392
8.2035374
8.2035409
8.2035512
8.2035656
8.2035845
8.2036083
8.2036378
8.2036737
8.2037167
8.2037679
8.203828
8.2038979
8.2039786
8.2040703
8.2041735
8.2042874
8.2044107
8.2045417
8.2046773
8.2048137
8.2049451
8.2050645
8.205164
8.2052351
8.2052698
8.2052609
8.2052052
8.2051002
8.2049499
8.2047645
8.2045588
8.2043489
8.2041366
8.2038467
8.2029901
8.1989422
8.1804301
8.1148062
8.2260775
8.2011284
8.2011243
8.2011292
8.2011444
8.2011652
8.2011924
8.2012265
8.2012685
8.2013194
8.2013804
8.2014527
8.2015374
8.201636
8.2017498
8.2018795
8.2020258
8.202188
8.2023649
8.2025544
8.2027523
8.2029537
8.2031507
8.2033337
8.2034918
8.2036134
8.2036873
8.2037025
8.2036539
8.2035383
8.2033588
8.2031285
8.2028662
8.2025928
8.2023125
8.201952
8.2010098
8.1968566
8.1781706
8.1118582
8.2254305
8.1996687
8.1996602
8.1996653
8.1996843
8.1997101
8.1997438
8.1997857
8.1998373
8.1998996
8.199974
8.200062
8.2001652
8.2002852
8.2004236
8.2005818
8.2007607
8.2009602
8.2011793
8.2014159
8.201666
8.201924
8.2021811
8.2024266
8.2026475
8.2028298
8.2029595
8.2030231
8.2030115
8.2029216
8.2027527
8.2025177
8.2022367
8.2019322
8.2016077
8.2011929
8.2001701
8.1959174
8.1771146
8.1108316
8.2293167
8.2017519
8.2017352
8.2017383
8.2017583
8.2017856
8.201821
8.2018647
8.2019184
8.2019831
8.20206
8.2021505
8.2022567
8.20238
8.2025223
8.2026855
8.2028708
8.2030791
8.2033103
8.2035633
8.2038362
8.2041244
8.2044213
8.2047176
8.2050017
8.2052603
8.2054789
8.2056423
8.205737
8.205755
8.2056894
8.2055421
8.2053275
8.2050627
8.2047449
8.2043105
8.2032164
8.1988738
8.1800404
8.1151132
8.2422256
8.2139125
8.213882
8.2138784
8.2138932
8.2139136
8.2139398
8.2139714
8.2140102
8.2140568
8.2141114
8.2141749
8.2142494
8.2143359
8.2144353
8.2145507
8.2146832
8.2148355
8.2150097
8.2152074
8.2154323
8.2156847
8.2159655
8.2162734
8.2166046
8.2169531
8.2173092
8.2176585
8.2179824
8.2182605
8.2184691
8.2185853
8.218602
8.2185181
8.2183142
8.2179436
8.2168215
8.2124339
8.1937186
8.132288
8.2721898
8.2491108
8.2490595
8.2490425
8.2490423
8.2490428
8.2490428
8.2490406
8.2490381
8.2490348
8.2490286
8.2490192
8.2490083
8.2489951
8.2489786
8.2489638
8.2489501
8.2489439
8.2489508
8.2489772
8.2490386
8.2491449
8.2493138
8.2495621
8.249904
8.2503526
8.2509108
8.2515696
8.2523037
8.2530689
8.2538087
8.2544508
8.2549447
8.255252
8.2553223
8.2551473
8.2540698
8.2497142
8.2312988
8.1762078
8.3333901
8.3316342
8.3315543
8.3315153
8.3314871
8.3314507
8.3314024
8.3313382
8.33126
8.3311657
8.331049
8.3309072
8.3307413
8.3305474
8.3303206
8.3300688
8.329788
8.3294901
8.3291861
8.3288896
8.3286357
8.3284506
8.3283806
8.3284735
8.3287765
8.3293363
8.3301795
8.3313077
8.3326867
8.3342318
8.3358317
8.3373316
8.3386108
8.339572
8.3401118
8.3403011
8.339358
8.3351309
8.3171755
8.2716884
8.4490557
8.5061766
8.5060607
8.5059902
8.50592
8.5058281
8.5057077
8.5055511
8.5053603
8.5051308
8.5048504
8.5045124
8.5041172
8.5036555
8.503117
8.5025139
8.501836
8.5011033
8.5003337
8.4995505
8.4988176
8.4981838
8.4977373
8.4975737
8.4977874
8.498474
8.4996995
8.5014798
8.5037666
8.5064154
8.5092336
8.5119459
8.5143334
8.5162197
8.5174185
8.5181583
8.5174248
8.513415
8.4959766
8.4632549
8.6616787
8.8573395
8.8571821
8.8570711
8.8569465
8.8567831
8.8565707
8.8562959
8.8559611
8.8555592
8.8550705
8.8544825
8.8537957
8.8529935
8.8520582
8.8510085
8.8498241
8.8485366
8.8471725
8.8457648
8.8444158
8.8432022
8.8422657
8.8417629
8.8418534
8.8426925
8.844397
8.8470029
8.8504406
8.8544849
8.8588364
8.8630626
8.8668234
8.8698522
8.8718372
8.8732912
8.8727969
8.8690417
8.8519467
8.8344995
9.0526262
9.5634046
9.5632015
9.5630417
9.5628532
9.5626059
9.5622871
9.5618748
9.5613724
9.560771
9.5600415
9.559163
9.5581387
9.5569415
9.5555445
9.5539771
9.5522026
9.5502692
9.5482122
9.5460738
9.5440043
9.5421111
9.5406004
9.5397025
9.5396525
9.5406864
9.54297
9.5465695
9.5513849
9.5570868
9.5632469
9.5692353
9.5745755
9.5789088
9.58173
9.5840378
9.5837356
9.5801825
9.5629596
9.5623454
9.7977587
11.095696
11.095441
11.095222
11.094961
11.09462
11.094182
11.093615
11.092924
11.092099
11.091099
11.089891
11.088486
11.086839
11.084913
11.082754
11.080299
11.077618
11.074756
11.071761
11.068845
11.066147
11.063953
11.062583
11.062362
11.063633
11.06662
11.071425
11.077912
11.085614
11.093945
11.102019
11.109201
11.115039
11.118717
11.122054
11.121786
11.118229
11.099755
11.116778
11.371328
15.474163
15.473817
15.473492
15.473128
15.472653
15.472039
15.471232
15.47026
15.469104
15.467689
15.465969
15.463975
15.461623
15.458851
15.45574
15.45217
15.448251
15.444039
15.439584
15.435201
15.431079
15.427639
15.425365
15.424742
15.426314
15.430424
15.437246
15.446599
15.457768
15.469888
15.48159
15.491968
15.500371
15.5054
15.510459
15.509847
15.505557
15.481566
15.520121
15.831075
)
;

boundaryField
{
    piston
    {
        type            calculated;
        value           nonuniform List<scalar> 
40
(
58.752246
58.752246
58.752246
58.752246
58.752246
58.752247
58.752247
58.752247
58.752247
58.752247
58.752247
58.752247
58.752248
58.752248
58.752248
58.752249
58.752249
58.752249
58.75225
58.75225
58.752251
58.752252
58.752252
58.752252
58.752251
58.752249
58.752246
58.752243
58.752242
58.752238
58.752237
58.752239
58.75224
58.75224
58.75224
58.752239
58.752239
58.75224
58.752242
58.752243
)
;
    }
    cylinderHead
    {
        type            calculated;
        value           nonuniform List<scalar> 
40
(
54.277708
54.277708
54.277708
54.277708
54.277708
54.277708
54.277708
54.277708
54.277708
54.277708
54.277708
54.277707
54.277707
54.277707
54.277707
54.277707
54.277707
54.277706
54.277706
54.277706
54.277706
54.277706
54.277706
54.277706
54.277706
54.277706
54.277707
54.277707
54.277707
54.277708
54.277708
54.277709
54.277709
54.277709
54.27771
54.27771
54.277711
54.277711
54.277711
54.277712
)
;
    }
    cylinderWall
    {
        type            calculated;
        value           nonuniform List<scalar> 
120
(
66.278978
66.278981
66.278983
66.278986
66.278988
66.27899
66.278992
66.278994
66.278996
66.278998
66.279
66.279003
66.279005
66.279007
66.279009
66.279011
66.279013
66.279016
66.279018
66.27902
66.279022
66.279024
66.279027
66.279029
66.279031
66.279033
66.279035
66.279037
66.279039
66.279041
66.279043
66.279046
66.279048
66.279049
66.279051
66.279053
66.279055
66.279057
66.279059
66.279061
66.279063
66.279064
66.279066
66.279068
66.27907
66.279071
66.279073
66.279074
66.279076
66.279078
66.279079
66.279081
66.279082
66.279084
66.279085
66.279087
66.279088
66.279089
66.279091
66.279092
66.279093
66.279095
66.279096
66.279097
66.279098
66.2791
66.279101
66.279102
66.279103
66.279104
66.279105
66.279106
66.279107
66.279108
66.279109
66.27911
66.279111
66.279112
66.279113
66.279114
66.279115
66.279116
66.279117
66.279117
66.279118
66.279119
66.27912
66.27912
66.279121
66.279122
66.279122
66.279123
66.279124
66.279124
66.279125
66.279125
66.279126
66.279126
66.279127
66.279127
66.279127
66.279128
66.279128
66.279129
66.279129
66.279129
66.279129
66.27913
66.27913
66.27913
66.27913
66.279131
66.279131
66.279131
66.279131
66.279131
66.279131
66.279131
66.279131
66.279131
)
;
    }
    wedgeFront
    {
        type            wedge;
    }
    wedgeBack
    {
        type            wedge;
    }
    axis
    {
        type            empty;
    }
}


// ************************************************************************* //
