/*--------------------------------*- C++ -*----------------------------------*\
  =========                 |
  \\      /  F ield         | OpenFOAM: The Open Source CFD Toolbox
   \\    /   O peration     | Website:  https://openfoam.org
    \\  /    A nd           | Version:  13
     \\/     M anipulation  |
\*---------------------------------------------------------------------------*/
FoamFile
{
    format      ascii;
    class       volScalarField;
    location    "22";
    object      T;
}
// * * * * * * * * * * * * * * * * * * * * * * * * * * * * * * * * * * * * * //

dimensions      [0 0 0 1 0 0 0];

internalField   nonuniform List<scalar> 
4800
(
1986.9524
1986.6986
1986.6955
1986.6712
1986.632
1986.5791
1986.5036
1986.4106
1986.2816
1986.1119
1985.894
1985.6037
1985.2193
1984.7132
1984.0316
1983.1057
1981.8345
1980.0685
1977.5985
1974.2076
1969.965
1966.8416
1972.0801
1993.5566
2014.5456
2004.9649
1928.0336
1794.9308
1747.5116
1821.1068
1934.1855
2020.4407
2047.1861
2044.0973
2039.0106
2053.1279
2102.8402
2179.525
2271.7721
2386.3329
2573.7181
2573.3101
2573.2847
2573.2554
2573.2038
2573.1316
2573.0288
2572.9004
2572.724
2572.4931
2572.1963
2571.8017
2571.2805
2570.5936
2569.669
2568.4127
2566.6862
2564.2845
2560.9236
2556.3271
2550.732
2547.3399
2556.5033
2585.9986
2606.9888
2576.1668
2448.5802
2280.5409
2224.6385
2350.1278
2522.7886
2632.9646
2658.6111
2652.5749
2647.0989
2665.9031
2723.308
2806.7828
2898.9401
2976.0358
2986.0495
2985.5614
2985.5046
2985.4889
2985.4518
2985.3931
2985.3061
2985.1954
2985.0415
2984.8385
2984.5745
2984.2203
2983.7485
2983.1203
2982.2673
2981.0976
2979.4747
2977.1949
2973.9756
2969.5567
2964.3657
2962.3107
2974.5596
3004.658
3014.6565
2953.0545
2795.2475
2628.284
2596.702
2768.1454
2967.9789
3067.1666
3084.1899
3074.5811
3068.9632
3085.4582
3131.3451
3188.0111
3233.9587
3255.6656
3234.9672
3234.4837
3234.3992
3234.4091
3234.4059
3234.386
3234.3479
3234.2965
3234.2196
3234.1134
3233.9696
3233.7685
3233.4916
3233.1106
3232.5773
3231.8254
3230.7542
3229.2116
3226.9845
3223.8967
3220.6854
3221.3883
3235.9746
3261.6571
3256.8269
3171.0544
3010.8718
2875.568
2879.4606
3072.3226
3258.7246
3330.5661
3337.7365
3324.2948
3317.0713
3326.4574
3350.6616
3377.0796
3391.3716
3372.06
3367.888
3367.5165
3367.4295
3367.4638
3367.4966
3367.5228
3367.5451
3367.5693
3367.5913
3367.6117
3367.6288
3367.6364
3367.6303
3367.6031
3367.5407
3367.4253
3367.2316
3366.9289
3366.5055
3366.1143
3366.5464
3371.4321
3388.3004
3409.2581
3392.0821
3295.964
3150.8302
3057.1265
3092.207
3281.5455
3433.5543
3478.4829
3476.8599
3459.7248
3449.2917
3449.57
3458.1537
3465.8179
3461.2721
3415.9659
3433.0005
3432.7167
3432.6347
3432.6822
3432.7353
3432.7884
3432.8467
3432.9164
3432.9982
3433.0953
3433.2106
3433.3463
3433.5072
3433.6997
3433.9317
3434.2174
3434.5815
3435.0759
3435.8312
3437.2398
3440.6262
3450.1023
3471.555
3490.9383
3467.2291
3373.3209
3251.0235
3193.9029
3249.9332
3420.2337
3534.0585
3558.9322
3549.2615
3529.0817
3515.5366
3509.7617
3508.577
3505.6076
3491.1736
3431.311
3462.7706
3462.5539
3462.481
3462.5334
3462.595
3462.6607
3462.7366
3462.8288
3462.9406
3463.0769
3463.2432
3463.4462
3463.6961
3464.0076
3464.4013
3464.9106
3465.5907
3466.5445
3467.9952
3470.4946
3475.6954
3487.8888
3513.0197
3535.2489
3511.2846
3423.3939
3328.0892
3298.2649
3365.3464
3510.6122
3591.3648
3602.1445
3584.959
3563.2078
3548.1829
3538.3126
3531.1378
3522.4562
3503.9483
3436.3852
3474.8397
3474.6761
3474.6151
3474.6661
3474.7273
3474.7948
3474.8745
3474.972
3475.0919
3475.2394
3475.4213
3475.6465
3475.9276
3476.2831
3476.7399
3477.3407
3478.1567
3479.318
3481.0991
3484.1585
3490.2178
3503.7853
3531.833
3558.5031
3538.0687
3460.3233
3389.0367
3378.3341
3449.3218
3569.2994
3624.6514
3625.826
3601.3949
3579.1027
3563.8081
3551.4271
3540.5274
3528.9835
3509.6719
3438.0332
3478.7151
3478.5921
3478.5428
3478.5891
3478.6455
3478.709
3478.7846
3478.8777
3478.9929
3479.1355
3479.3123
3479.5327
3479.81
3480.1634
3480.6217
3481.2305
3482.066
3483.2708
3485.1418
3488.3385
3494.6029
3508.9273
3539.0197
3570.0135
3555.9945
3489.9753
3437.7663
3440.0342
3510.5124
3607.6526
3645.4587
3638.6602
3607.7325
3585.5081
3570.7651
3557.1096
3543.9071
3531.0402
3512.4577
3438.6067
3479.3968
3479.2958
3479.2536
3479.2964
3479.3487
3479.4082
3479.4795
3479.5675
3479.6767
3479.8121
3479.9805
3480.1912
3480.4571
3480.7972
3481.2402
3481.8315
3482.6475
3483.8348
3485.6935
3488.844
3495.0809
3509.7275
3540.8332
3575.4605
3569.2832
3515.0115
3476.6879
3487.8955
3555.2197
3633.6052
3659.2112
3644.5351
3609.1591
3587.1786
3573.2752
3559.2308
3544.7135
3531.3471
3514.0796
3438.8507
3477.7059
3477.6445
3477.6175
3477.6495
3477.689
3477.7347
3477.79
3477.8586
3477.9441
3478.0507
3478.1838
3478.3514
3478.5643
3478.8388
3479.1997
3479.6864
3480.3671
3481.3773
3482.9611
3485.6807
3491.5017
3506.1322
3538.7548
3577.5746
3579.7114
3536.422
3508.1983
3525.1779
3588.2024
3651.9043
3668.7683
3646.3867
3606.4595
3585.4909
3573.6898
3559.7122
3543.9797
3530.0319
3515.2051
3439.004
3475.4524
3475.4156
3475.399
3475.4217
3475.4497
3475.4825
3475.5225
3475.5721
3475.6342
3475.7117
3475.8089
3475.9318
3476.0887
3476.2921
3476.5613
3476.9274
3477.4472
3478.2214
3479.4312
3481.6273
3486.7
3500.4941
3533.5348
3578.0118
3588.0753
3554.877
3533.9907
3554.4197
3612.8902
3665.39
3675.8348
3646.363
3599.6407
3579.5547
3571.1863
3558.7314
3541.8796
3527.682
3516.033
3439.1511
3473.6009
3473.5796
3473.5701
3473.5852
3473.604
3473.6261
3473.653
3473.6866
3473.7286
3473.7812
3473.8472
3473.9308
3474.038
3474.1776
3474.3633
3474.6179
3474.9836
3475.5259
3476.3836
3478.0515
3482.2182
3494.5859
3526.8514
3576.1558
3594.7383
3570.857
3555.3331
3577.5571
3631.686
3675.751
3681.2476
3643.867
3590.3931
3570.4212
3565.4883
3555.9454
3538.8743
3524.6215
3516.6255
3439.3085
3472.3376
3472.3259
3472.3209
3472.3305
3472.3424
3472.3565
3472.3737
3472.3951
3472.4218
3472.4552
3472.4973
3472.5506
3472.6191
3472.7086
3472.8283
3472.994
3473.2315
3473.583
3474.161
3475.3567
3478.6006
3489.1953
3519.6681
3572.3021
3599.8566
3584.714
3573.1924
3596.0479
3646.2421
3684.0188
3685.5813
3639.5184
3580.0613
3559.2334
3556.8866
3551.2426
3535.0272
3520.986
3516.9827
3439.4813
3471.5705
3471.5644
3471.5622
3471.568
3471.5752
3471.5838
3471.5942
3471.6072
3471.6233
3471.6435
3471.6688
3471.701
3471.7425
3471.7969
3471.87
3471.9721
3472.1171
3472.331
3472.7033
3473.517
3475.9234
3484.6318
3512.5116
3566.8702
3603.3507
3596.6922
3588.3103
3610.9815
3657.6669
3690.8636
3689.2052
3633.6426
3569.6226
3547.241
3546.0424
3544.4923
3530.343
3516.8505
3517.131
3439.674
3471.1701
3471.1671
3471.1664
3471.1699
3471.1741
3471.1792
3471.1853
3471.1928
3471.202
3471.2135
3471.2277
3471.2457
3471.2688
3471.2988
3471.3393
3471.395
3471.4739
3471.5957
3471.8228
3472.3522
3474.061
3480.9555
3505.658
3560.0923
3605.0808
3606.9287
3601.2585
3623.1739
3666.7181
3696.677
3692.2373
3626.4545
3559.6488
3535.5289
3534.0266
3535.8465
3524.7876
3512.3716
3517.1201
3439.8919
3470.9814
3470.98
3470.98
3470.9823
3470.985
3470.9881
3470.9919
3470.9964
3471.0019
3471.0086
3471.0169
3471.0271
3471.0401
3471.0568
3471.0791
3471.1091
3471.1513
3471.2179
3471.3438
3471.6613
3472.8283
3478.1033
3499.3201
3552.2252
3605.6099
3615.5467
3612.4766
3633.2448
3673.9429
3701.5415
3693.9392
3618.2207
3550.3823
3524.828
3522.0375
3525.8683
3518.3797
3507.7787
3516.8826
3440.142
3470.9037
3470.9031
3470.9035
3470.9051
3470.907
3470.9091
3470.9117
3470.9147
3470.9182
3470.9224
3470.9275
3470.9336
3470.9412
3470.9509
3470.9634
3470.9799
3471.0031
3471.04
3471.1093
3471.2862
3472.0472
3475.9581
3493.6383
3543.5743
3604.2822
3622.655
3622.305
3641.6768
3679.7258
3705.5502
3694.45
3609.29
3541.867
3515.4736
3511.0878
3515.4317
3511.3309
3503.3237
3516.4186
3440.4337
3470.8798
3470.8795
3470.8801
3470.8814
3470.8828
3470.8845
3470.8864
3470.8886
3470.8912
3470.8942
3470.8977
3470.9018
3470.9068
3470.913
3470.9207
3470.9308
3470.9448
3470.9669
3471.0052
3471.1022
3471.573
3474.3883
3488.6907
3534.4545
3600.5486
3628.2661
3631.0153
3648.8549
3684.366
3708.8147
3693.4238
3600.023
3534.0616
3507.5151
3501.7491
3505.5451
3504.0897
3499.193
3515.6873
3440.7796
3470.877
3470.8769
3470.8775
3470.8787
3470.88
3470.8814
3470.8831
3470.885
3470.8872
3470.8897
3470.8926
3470.896
3470.9
3470.9048
3470.9108
3470.9185
3470.9293
3470.9446
3470.9669
3471.0211
3471.2992
3473.2686
3484.5032
3525.2467
3594.4128
3631.7661
3638.7456
3655.0902
3688.1113
3711.4426
3689.3441
3590.7021
3526.9083
3500.8456
3494.1704
3496.9163
3497.2344
3495.5435
3514.6789
3441.197
3470.8958
3470.8959
3470.8966
3470.8976
3470.8987
3470.8999
3470.9013
3470.9028
3470.9045
3470.9064
3470.9086
3470.911
3470.9138
3470.917
3470.9208
3470.9257
3470.9324
3470.9422
3470.9581
3470.9925
3471.1556
3472.4903
3481.0562
3516.2529
3586.102
3633.1656
3645.5268
3660.6269
3691.173
3713.4611
3681.7609
3581.496
3520.3618
3495.3019
3488.2571
3489.8709
3491.1999
3492.4133
3513.5334
3441.6437
3470.9257
3470.9259
3470.9266
3470.9275
3470.9285
3470.9296
3470.9309
3470.9323
3470.9338
3470.9354
3470.9372
3470.9392
3470.9413
3470.9438
3470.9466
3470.9501
3470.9547
3470.9605
3470.9681
3470.9868
3471.088
3471.9639
3478.2992
3507.7209
3575.9016
3632.9746
3651.3419
3665.6314
3693.7019
3714.3124
3670.8316
3572.4928
3514.3947
3490.7372
3483.7715
3484.4263
3486.2135
3489.8312
3512.4706
3442.0245
3470.9602
3470.9603
3470.961
3470.9619
3470.9629
3470.964
3470.9652
3470.9665
3470.9679
3470.9694
3470.971
3470.9728
3470.9747
3470.9768
3470.9792
3470.9821
3470.9856
3470.9894
3470.9926
3470.9994
3471.062
3471.6194
3476.1606
3499.9091
3564.1375
3630.2203
3655.5033
3670.1737
3695.8695
3714.359
3657.3517
3563.769
3508.9941
3487.0423
3480.4144
3480.4022
3482.3309
3487.7812
3511.5496
3442.3314
3470.9962
3470.9964
3470.9971
3470.998
3470.9989
3471
3471.0011
3471.0024
3471.0038
3471.0052
3471.0068
3471.0085
3471.0103
3471.0122
3471.0145
3471.0171
3471.0201
3471.0228
3471.0235
3471.0241
3471.0559
3471.403
3474.5549
3493.0319
3551.2957
3624.2536
3657.3418
3674.2246
3697.2843
3711.5123
3643.4145
3554.8482
3503.9943
3484.0025
3477.9237
3477.5313
3479.4641
3486.214
3510.7734
3442.5749
3471.0327
3471.0328
3471.0336
3471.0344
3471.0354
3471.0364
3471.0376
3471.0388
3471.0401
3471.0416
3471.0431
3471.0447
3471.0465
3471.0484
3471.0506
3471.0531
3471.0557
3471.0577
3471.0569
3471.0544
3471.0667
3471.2767
3473.3906
3487.2263
3538.0151
3615.1293
3657.6054
3676.8632
3697.7892
3704.8044
3629.382
3545.768
3499.278
3481.4592
3476.0881
3475.5481
3477.4414
3485.0549
3510.1254
3442.7674
3471.0691
3471.0692
3471.07
3471.0708
3471.0718
3471.0728
3471.0739
3471.0752
3471.0765
3471.0779
3471.0794
3471.081
3471.0827
3471.0846
3471.0868
3471.0892
3471.0917
3471.093
3471.0913
3471.0871
3471.0893
3471.2134
3472.5775
3482.5379
3524.9561
3602.9525
3655.484
3677.8266
3697.6142
3694.4882
3614.8823
3536.6672
3494.8666
3479.3298
3474.7462
3474.216
3476.0714
3484.2191
3509.5845
3442.9196
3471.1052
3471.1054
3471.1061
3471.107
3471.1079
3471.1089
3471.1101
3471.1113
3471.1126
3471.114
3471.1155
3471.1171
3471.1188
3471.1207
3471.1229
3471.1252
3471.1274
3471.1283
3471.126
3471.1209
3471.1174
3471.1874
3472.0329
3478.9212
3512.783
3588.2015
3649.9671
3677.3655
3695.3769
3681.2308
3599.7951
3527.7113
3490.8071
3477.5628
3473.7757
3473.3439
3475.1774
3483.6258
3509.1308
3443.0396
3471.141
3471.1412
3471.142
3471.1428
3471.1437
3471.1447
3471.1459
3471.1471
3471.1484
3471.1498
3471.1513
3471.1529
3471.1546
3471.1565
3471.1587
3471.1609
3471.1629
3471.1632
3471.1605
3471.155
3471.1484
3471.1808
3471.6852
3476.2592
3502.1954
3571.9532
3640.6437
3674.0315
3689.8886
3665.3344
3584.3073
3519.072
3487.1446
3476.1175
3473.0836
3472.7867
3474.6138
3483.2061
3508.7479
3443.1339
3471.1765
3471.1767
3471.1774
3471.1783
3471.1792
3471.1802
3471.1813
3471.1826
3471.1839
3471.1852
3471.1867
3471.1883
3471.19
3471.192
3471.1941
3471.1963
3471.198
3471.1978
3471.1948
3471.1891
3471.1809
3471.1906
3471.4771
3474.392
3493.6214
3555.2013
3627.5716
3666.6755
3680.3076
3647.1012
3568.7431
3510.924
3483.9133
3474.9567
3472.5986
3472.4396
3474.2697
3482.906
3508.4224
3443.2076
3471.2116
3471.2118
3471.2125
3471.2134
3471.2143
3471.2153
3471.2164
3471.2176
3471.2189
3471.2203
3471.2218
3471.2234
3471.2251
3471.2271
3471.2292
3471.2313
3471.2328
3471.2321
3471.2288
3471.223
3471.2141
3471.2122
3471.3693
3473.1544
3486.9305
3538.9696
3611.4029
3655.072
3666.3317
3626.9602
3553.5192
3503.4339
3481.1322
3474.044
3472.2662
3472.2294
3474.0663
3482.6855
3508.1439
3443.265
3471.2463
3471.2465
3471.2472
3471.2481
3471.249
3471.25
3471.2511
3471.2523
3471.2536
3471.255
3471.2565
3471.2581
3471.2599
3471.2618
3471.2639
3471.2659
3471.2671
3471.2659
3471.2626
3471.2568
3471.2475
3471.2395
3471.3215
3472.3781
3481.9015
3524.0802
3593.1215
3639.4846
3648.2346
3605.5731
3539.0797
3496.7421
3478.803
3473.3437
3472.0451
3472.1093
3473.9503
3482.5172
3507.9043
3443.3097
3471.2806
3471.2808
3471.2815
3471.2824
3471.2833
3471.2843
3471.2854
3471.2866
3471.2879
3471.2893
3471.2908
3471.2924
3471.2942
3471.2961
3471.2982
3471.3001
3471.3009
3471.2995
3471.296
3471.2902
3471.2809
3471.2698
3471.3065
3471.9104
3478.2698
3511.1017
3573.8754
3620.6652
3626.9124
3583.9375
3525.7461
3490.9411
3476.9086
3472.8209
3471.9038
3472.051
3473.886
3482.3827
3507.6973
3443.3445
3471.3145
3471.3147
3471.3154
3471.3163
3471.3172
3471.3182
3471.3193
3471.3205
3471.3218
3471.3232
3471.3247
3471.3263
3471.3282
3471.3301
3471.3321
3471.3338
3471.3343
3471.3326
3471.3292
3471.3235
3471.3142
3471.3017
3471.3097
3471.6444
3475.7478
3500.3284
3554.8141
3599.772
3603.7135
3563.0364
3513.8347
3486.0725
3475.4154
3472.4429
3471.8204
3472.0274
3473.8519
3482.2705
3507.5181
3443.3715
3471.348
3471.3482
3471.3489
3471.3498
3471.3507
3471.3517
3471.3528
3471.354
3471.3553
3471.3567
3471.3582
3471.3599
3471.3617
3471.3636
3471.3656
3471.3672
3471.3673
3471.3654
3471.362
3471.3564
3471.3473
3471.3343
3471.3283
3471.5092
3474.0631
3491.7703
3536.9772
3578.1603
3580.1709
3543.7338
3503.5727
3482.1244
3474.2768
3472.1794
3471.7798
3472.0213
3473.8359
3482.1738
3507.3627
3443.3926
3471.381
3471.3813
3471.382
3471.3829
3471.3838
3471.3848
3471.3859
3471.3871
3471.3884
3471.3898
3471.3913
3471.393
3471.3949
3471.3968
3471.3987
3471.4001
3471.3998
3471.3979
3471.3945
3471.389
3471.3802
3471.3672
3471.355
3471.4487
3472.9813
3485.2555
3521.1447
3557.1564
3557.7262
3526.6843
3495.0628
3479.036
3473.4386
3472.004
3471.7638
3472.0249
3473.83
3482.0885
3507.2279
3443.4092
3471.4137
3471.414
3471.4147
3471.4155
3471.4164
3471.4174
3471.4185
3471.4198
3471.4211
3471.4225
3471.424
3471.4258
3471.4276
3471.4295
3471.4314
3471.4325
3471.432
3471.43
3471.4267
3471.4213
3471.4127
3471.4001
3471.3852
3471.4288
3472.3148
3480.5033
3507.779
3537.869
3537.5174
3512.2759
3488.2782
3476.7081
3472.8443
3471.8938
3471.7605
3472.0382
3473.829
3482.0122
3507.1113
3443.4225
3471.4459
3471.4462
3471.4469
3471.4478
3471.4487
3471.4497
3471.4508
3471.452
3471.4533
3471.4547
3471.4563
3471.4581
3471.4599
3471.4618
3471.4636
3471.4645
3471.4637
3471.4617
3471.4585
3471.4532
3471.445
3471.4328
3471.4169
3471.4284
3471.9228
3477.1827
3497.0347
3521.0737
3520.2628
3500.6241
3483.0821
3475.0192
3472.4397
3471.835
3471.768
3472.0569
3473.8309
3481.9437
3507.0105
3443.4334
3471.4778
3471.478
3471.4788
3471.4796
3471.4805
3471.4815
3471.4826
3471.4839
3471.4852
3471.4866
3471.4882
3471.49
3471.4918
3471.4937
3471.4954
3471.496
3471.495
3471.4931
3471.4899
3471.4849
3471.4769
3471.4652
3471.4494
3471.4444
3471.7114
3474.9606
3488.8031
3507.1712
3506.2444
3491.6061
3479.2613
3473.8407
3472.1768
3471.8087
3471.7841
3472.0788
3473.8356
3481.8821
3506.9236
3443.4428
3471.5092
3471.5094
3471.5102
3471.511
3471.5119
3471.5129
3471.514
3471.5153
3471.5166
3471.5181
3471.5197
3471.5214
3471.5233
3471.5252
3471.5267
3471.5271
3471.526
3471.524
3471.521
3471.5161
3471.5086
3471.4974
3471.482
3471.4698
3471.6102
3473.5374
3482.7896
3496.2146
3495.3833
3484.9225
3476.5635
3473.051
3472.015
3471.8009
3471.8047
3472.1023
3473.8421
3481.8268
3506.8491
3443.4511
3471.5401
3471.5404
3471.5411
3471.542
3471.5429
3471.5439
3471.545
3471.5463
3471.5476
3471.5491
3471.5507
3471.5525
3471.5544
3471.5562
3471.5576
3471.5577
3471.5565
3471.5546
3471.5517
3471.5471
3471.5398
3471.5292
3471.5145
3471.4992
3471.5698
3472.6663
3478.5989
3487.9858
3487.3462
3480.1776
3474.7352
3472.5442
3471.9273
3471.804
3471.828
3472.1267
3473.85
3481.7775
3506.7855
3443.4588
3471.5706
3471.5709
3471.5717
3471.5725
3471.5734
3471.5744
3471.5756
3471.5768
3471.5782
3471.5797
3471.5814
3471.5831
3471.585
3471.5868
3471.588
3471.5879
3471.5867
3471.5849
3471.5821
3471.5777
3471.5708
3471.5606
3471.5467
3471.5306
3471.5594
3472.1582
3475.8123
3482.0931
3481.6601
3476.9504
3473.5471
3472.2349
3471.8868
3471.818
3471.853
3472.1513
3473.859
3481.7338
3506.7315
3443.4665
3471.6008
3471.6011
3471.6018
3471.6026
3471.6035
3471.6046
3471.6057
3471.607
3471.6084
3471.6099
3471.6116
3471.6133
3471.6152
3471.6169
3471.6179
3471.6176
3471.6165
3471.6147
3471.6121
3471.6079
3471.6013
3471.5917
3471.5786
3471.5626
3471.5675
3471.8861
3474.0445
3478.0685
3477.8117
3474.8478
3472.8082
3472.0584
3471.873
3471.8376
3471.8789
3472.1759
3473.869
3481.6952
3506.686
3443.4742
3471.6305
3471.6308
3471.6315
3471.6323
3471.6333
3471.6343
3471.6355
3471.6367
3471.6382
3471.6397
3471.6414
3471.6431
3471.645
3471.6466
3471.6474
3471.647
3471.6458
3471.6442
3471.6417
3471.6377
3471.6315
3471.6225
3471.6101
3471.5948
3471.5889
3471.7556
3472.9752
3475.4471
3475.3196
3473.5366
3472.3704
3471.9704
3471.8717
3471.8602
3471.9052
3472.2004
3473.8799
3481.6613
3506.6481
3443.4824
3471.6597
3471.66
3471.6608
3471.6616
3471.6626
3471.6636
3471.6648
3471.6661
3471.6675
3471.669
3471.6707
3471.6725
3471.6743
3471.6758
3471.6764
3471.6759
3471.6748
3471.6733
3471.6709
3471.6672
3471.6613
3471.6528
3471.6412
3471.6268
3471.6164
3471.7024
3472.3592
3473.8202
3473.7766
3472.7558
3472.1289
3471.9324
3471.8833
3471.8844
3471.9315
3472.2248
3473.8915
3481.6319
3506.6168
3443.4911
3471.6886
3471.6889
3471.6897
3471.6905
3471.6914
3471.6925
3471.6937
3471.695
3471.6964
3471.698
3471.6996
3471.7014
3471.7032
3471.7046
3471.7049
3471.7044
3471.7034
3471.702
3471.6998
3471.6963
3471.6908
3471.6828
3471.6719
3471.6585
3471.6466
3471.6875
3472.033
3472.8601
3472.8647
3472.3146
3472.0097
3471.9211
3471.9015
3471.9094
3471.9577
3472.2489
3473.9039
3481.6065
3506.5915
3443.5005
3471.717
3471.7174
3471.7181
3471.7189
3471.7199
3471.7209
3471.7221
3471.7235
3471.7249
3471.7265
3471.7282
3471.7299
3471.7316
3471.7328
3471.7331
3471.7325
3471.7316
3471.7303
3471.7283
3471.725
3471.7198
3471.7123
3471.7021
3471.6898
3471.6779
3471.6928
3471.877
3472.3244
3472.3535
3472.0896
3471.9582
3471.9231
3471.923
3471.9347
3471.9836
3472.2728
3473.917
3481.5849
3506.5715
3443.5106
3471.745
3471.7454
3471.7461
3471.747
3471.7479
3471.749
3471.7502
3471.7515
3471.753
3471.7546
3471.7562
3471.758
3471.7596
3471.7607
3471.7607
3471.7602
3471.7594
3471.7582
3471.7563
3471.7533
3471.7485
3471.7414
3471.732
3471.7206
3471.7094
3471.7127
3471.8127
3472.0537
3472.0941
3471.9849
3471.942
3471.9369
3471.9462
3471.96
3472.0091
3472.2965
3473.9307
3481.5668
3506.5562
3443.5217
3471.7726
3471.773
3471.7737
3471.7746
3471.7755
3471.7766
3471.7778
3471.7792
3471.7806
3471.7822
3471.7839
3471.7856
3471.7872
3471.788
3471.788
3471.7876
3471.7868
3471.7857
3471.784
3471.7812
3471.7767
3471.7701
3471.7614
3471.7509
3471.7407
3471.7394
3471.7941
3471.9292
3471.9734
3471.9433
3471.9408
3471.9559
3471.9702
3471.9852
3472.0342
3472.3199
3473.9449
3481.5518
3506.545
3443.5337
3471.7998
3471.8002
3471.8009
3471.8018
3471.8027
3471.8038
3471.8051
3471.8064
3471.8079
3471.8095
3471.8111
3471.8128
3471.8142
3471.8149
3471.8149
3471.8145
3471.8138
3471.8128
3471.8113
3471.8087
3471.8045
3471.7984
3471.7903
3471.7808
3471.7717
3471.7688
3471.7967
3471.8811
3471.9252
3471.9322
3471.9532
3471.9779
3471.9944
3472.01
3472.059
3472.3431
3473.9596
3481.5397
3506.5374
3443.5466
3471.8266
3471.827
3471.8277
3471.8286
3471.8296
3471.8306
3471.8319
3471.8332
3471.8347
3471.8363
3471.838
3471.8396
3471.8408
3471.8414
3471.8413
3471.841
3471.8404
3471.8395
3471.8381
3471.8358
3471.8319
3471.8263
3471.8189
3471.8102
3471.8022
3471.7992
3471.8148
3471.8688
3471.912
3471.9368
3471.9722
3472.001
3472.0186
3472.0344
3472.0834
3472.3661
3473.9747
3481.5303
3506.5338
3443.5606
3471.853
3471.8533
3471.8541
3471.855
3471.8559
3471.857
3471.8583
3471.8596
3471.8611
3471.8627
3471.8643
3471.8659
3471.867
3471.8674
3471.8674
3471.8671
3471.8666
3471.8658
3471.8646
3471.8625
3471.8589
3471.8538
3471.847
3471.8392
3471.8321
3471.8297
3471.8404
3471.8755
3471.9158
3471.9533
3471.9943
3472.0245
3472.0425
3472.0586
3472.1074
3472.3888
3473.9902
3481.5233
3506.5332
3443.5755
3471.8789
3471.8793
3471.8801
3471.881
3471.8819
3471.883
3471.8843
3471.8856
3471.8871
3471.8887
3471.8903
3471.8917
3471.8927
3471.893
3471.893
3471.8928
3471.8924
3471.8917
3471.8907
3471.8888
3471.8856
3471.8808
3471.8746
3471.8677
3471.8616
3471.8598
3471.8686
3471.8952
3471.933
3471.9751
3472.0177
3472.048
3472.0661
3472.0823
3472.1311
3472.4112
3474.006
3481.5183
3506.535
3443.5915
3471.9045
3471.9049
3471.9057
3471.9065
3471.9075
3471.9086
3471.9098
3471.9112
3471.9127
3471.9143
3471.9158
3471.9171
3471.9179
3471.9182
3471.9183
3471.9181
3471.9178
3471.9172
3471.9163
3471.9147
3471.9118
3471.9074
3471.9019
3471.8957
3471.8905
3471.8895
3471.8977
3471.9205
3471.9562
3471.9992
3472.0414
3472.0713
3472.0894
3472.1057
3472.1543
3472.4333
3474.0221
3481.5157
3506.5392
3443.6085
3471.9296
3471.93
3471.9308
3471.9317
3471.9327
3471.9338
3471.935
3471.9364
3471.9379
3471.9394
3471.9409
3471.942
3471.9427
3471.9431
3471.9431
3471.943
3471.9428
3471.9424
3471.9416
3471.9401
3471.9376
3471.9337
3471.9287
3471.9232
3471.9189
3471.9187
3471.9268
3471.9477
3471.9818
3472.0239
3472.065
3472.0944
3472.1124
3472.1287
3472.1772
3472.4552
3474.0384
3481.5152
3506.5457
3443.6265
3471.9544
3471.9548
3471.9556
3471.9565
3471.9574
3471.9585
3471.9598
3471.9612
3471.9626
3471.9641
3471.9655
3471.9665
3471.9671
3471.9675
3471.9676
3471.9676
3471.9674
3471.9671
3471.9665
3471.9653
3471.963
3471.9595
3471.955
3471.9502
3471.9467
3471.9472
3471.9555
3471.9754
3472.008
3472.0487
3472.0884
3472.1171
3472.135
3472.1514
3472.1998
3472.4768
3474.055
3481.5161
3506.5542
3443.6455
3471.9787
3471.9791
3471.9799
3471.9808
3471.9818
3471.9829
3471.9841
3471.9855
3471.9869
3471.9884
3471.9896
3471.9906
3471.9911
3471.9915
3471.9917
3471.9917
3471.9916
3471.9914
3471.991
3471.99
3471.988
3471.9849
3471.981
3471.9768
3471.974
3471.9752
3471.9837
3472.003
3472.0341
3472.0732
3472.1116
3472.1396
3472.1573
3472.1737
3472.2219
3472.4981
3474.0717
3481.5186
3506.5645
3443.6656
3472.0027
3472.0031
3472.0039
3472.0048
3472.0057
3472.0068
3472.0081
3472.0094
3472.0108
3472.0122
3472.0133
3472.0142
3472.0147
3472.0151
3472.0154
3472.0155
3472.0155
3472.0154
3472.0151
3472.0143
3472.0126
3472.0099
3472.0065
3472.003
3472.0009
3472.0026
3472.0113
3472.0301
3472.06
3472.0973
3472.1343
3472.1616
3472.1792
3472.1956
3472.2437
3472.5191
3474.0886
3481.5226
3506.5764
3443.6868
3472.0262
3472.0267
3472.0274
3472.0283
3472.0293
3472.0304
3472.0316
3472.033
3472.0343
3472.0355
3472.0366
3472.0374
3472.0379
3472.0384
3472.0387
3472.0388
3472.0389
3472.039
3472.0389
3472.0382
3472.0368
3472.0345
3472.0315
3472.0286
3472.0272
3472.0294
3472.0383
3472.0567
3472.0854
3472.1211
3472.1567
3472.1834
3472.2008
3472.2171
3472.2652
3472.5399
3474.1055
3481.5279
3506.5899
3443.7091
3472.0494
3472.0498
3472.0506
3472.0515
3472.0524
3472.0535
3472.0547
3472.056
3472.0573
3472.0584
3472.0594
3472.0602
3472.0608
3472.0612
3472.0616
3472.0618
3472.062
3472.0622
3472.0622
3472.0618
3472.0606
3472.0587
3472.0562
3472.0538
3472.053
3472.0557
3472.0647
3472.0827
3472.1103
3472.1445
3472.1787
3472.2047
3472.222
3472.2383
3472.2862
3472.5603
3474.1226
3481.5344
3506.6048
3443.7324
3472.0722
3472.0726
3472.0734
3472.0742
3472.0752
3472.0763
3472.0774
3472.0787
3472.0798
3472.0809
3472.0818
3472.0826
3472.0832
3472.0837
3472.0841
3472.0844
3472.0847
3472.085
3472.0852
3472.085
3472.0841
3472.0825
3472.0804
3472.0785
3472.0782
3472.0814
3472.0906
3472.1082
3472.1347
3472.1674
3472.2004
3472.2258
3472.2429
3472.2591
3472.3069
3472.5805
3474.1397
3481.5421
3506.6209
3443.7568
3472.0945
3472.0949
3472.0957
3472.0966
3472.0975
3472.0985
3472.0997
3472.1009
3472.1019
3472.103
3472.1038
3472.1046
3472.1052
3472.1058
3472.1063
3472.1066
3472.107
3472.1074
3472.1077
3472.1077
3472.1071
3472.1058
3472.1042
3472.1028
3472.103
3472.1066
3472.1159
3472.1331
3472.1586
3472.1899
3472.2217
3472.2464
3472.2634
3472.2796
3472.3273
3472.6003
3474.1569
3481.5507
3506.6382
3443.7825
3472.1165
3472.1169
3472.1176
3472.1185
3472.1194
3472.1204
3472.1215
3472.1226
3472.1236
3472.1246
3472.1254
3472.1262
3472.1269
3472.1275
3472.128
3472.1285
3472.1289
3472.1295
3472.1299
3472.1301
3472.1298
3472.1288
3472.1275
3472.1267
3472.1273
3472.1313
3472.1407
3472.1575
3472.182
3472.212
3472.2426
3472.2668
3472.2835
3472.2997
3472.3473
3472.6199
3474.174
3481.5604
3506.6566
3443.8093
3472.138
3472.1384
3472.1391
3472.14
3472.1408
3472.1418
3472.1429
3472.1439
3472.1449
3472.1458
3472.1467
3472.1475
3472.1482
3472.1489
3472.1494
3472.15
3472.1505
3472.1511
3472.1518
3472.1521
3472.152
3472.1514
3472.1505
3472.15
3472.1512
3472.1554
3472.1649
3472.1813
3472.2049
3472.2337
3472.2632
3472.2867
3472.3033
3472.3194
3472.367
3472.6392
3474.1912
3481.5708
3506.676
3443.8374
3472.1591
3472.1594
3472.1602
3472.161
3472.1618
3472.1628
3472.1638
3472.1648
3472.1657
3472.1666
3472.1675
3472.1683
3472.1691
3472.1698
3472.1705
3472.171
3472.1717
3472.1724
3472.1732
3472.1738
3472.1739
3472.1735
3472.173
3472.173
3472.1745
3472.179
3472.1885
3472.2046
3472.2274
3472.255
3472.2833
3472.3063
3472.3227
3472.3388
3472.3863
3472.6582
3474.2083
3481.5821
3506.6963
3443.8668
3472.1797
3472.1801
3472.1808
3472.1816
3472.1824
3472.1833
3472.1843
3472.1852
3472.1862
3472.1871
3472.188
3472.1888
3472.1896
3472.1904
3472.1911
3472.1918
3472.1925
3472.1934
3472.1943
3472.195
3472.1954
3472.1953
3472.1951
3472.1955
3472.1973
3472.2022
3472.2117
3472.2274
3472.2494
3472.2758
3472.3032
3472.3256
3472.3418
3472.3578
3472.4052
3472.6768
3474.2254
3481.5941
3506.7175
3443.8976
3472.1999
3472.2003
3472.201
3472.2017
3472.2025
3472.2034
3472.2043
3472.2053
3472.2062
3472.2071
3472.2081
3472.209
3472.2098
3472.2106
3472.2114
3472.2121
3472.2129
3472.2139
3472.215
3472.2159
3472.2165
3472.2167
3472.2168
3472.2175
3472.2197
3472.2248
3472.2344
3472.2497
3472.2709
3472.2963
3472.3226
3472.3445
3472.3605
3472.3765
3472.4238
3472.6952
3474.2424
3481.6067
3506.7394
3443.9299
3472.2197
3472.22
3472.2207
3472.2215
3472.2222
3472.2231
3472.224
3472.225
3472.2259
3472.2268
3472.2278
3472.2287
3472.2296
3472.2305
3472.2313
3472.2321
3472.233
3472.2341
3472.2353
3472.2364
3472.2372
3472.2376
3472.2381
3472.2391
3472.2417
3472.2469
3472.2565
3472.2715
3472.2919
3472.3164
3472.3417
3472.3631
3472.3789
3472.3948
3472.4421
3472.7133
3474.2593
3481.62
3506.7622
3443.9639
3472.239
3472.2393
3472.24
3472.2408
3472.2415
3472.2424
3472.2433
3472.2442
3472.2452
3472.2462
3472.2471
3472.2481
3472.249
3472.2499
3472.2508
3472.2517
3472.2527
3472.2539
3472.2552
3472.2565
3472.2575
3472.2582
3472.259
3472.2603
3472.2631
3472.2686
3472.2781
3472.2928
3472.3125
3472.336
3472.3605
3472.3813
3472.3969
3472.4127
3472.46
3472.7311
3474.2762
3481.6337
3506.7857
3443.9996
3472.2579
3472.2582
3472.259
3472.2597
3472.2604
3472.2613
3472.2622
3472.2632
3472.2641
3472.2651
3472.2661
3472.2671
3472.2681
3472.269
3472.27
3472.2709
3472.272
3472.2733
3472.2748
3472.2762
3472.2774
3472.2784
3472.2794
3472.2811
3472.2842
3472.2898
3472.2993
3472.3136
3472.3327
3472.3553
3472.3788
3472.3992
3472.4146
3472.4304
3472.4776
3472.7485
3474.2929
3481.648
3506.8099
3444.0372
3472.2764
3472.2768
3472.2775
3472.2782
3472.279
3472.2798
3472.2808
3472.2817
3472.2827
3472.2837
3472.2848
3472.2858
3472.2868
3472.2878
3472.2888
3472.2898
3472.291
3472.2924
3472.294
3472.2956
3472.297
3472.2982
3472.2995
3472.3014
3472.3048
3472.3106
3472.32
3472.3339
3472.3524
3472.3742
3472.3969
3472.4167
3472.432
3472.4476
3472.4948
3472.7657
3474.3095
3481.6627
3506.8347
3444.077
3472.2946
3472.2949
3472.2956
3472.2964
3472.2971
3472.298
3472.2989
3472.2999
3472.3009
3472.302
3472.303
3472.3041
3472.3051
3472.3062
3472.3072
3472.3083
3472.3096
3472.3111
3472.3129
3472.3146
3472.3162
3472.3176
3472.3192
3472.3213
3472.3249
3472.3308
3472.3402
3472.3538
3472.3717
3472.3927
3472.4146
3472.4339
3472.449
3472.4646
3472.5117
3472.7826
3474.326
3481.6778
3506.8602
3444.1192
3472.3123
3472.3127
3472.3134
3472.3142
3472.3149
3472.3158
3472.3167
3472.3178
3472.3188
3472.3198
3472.3209
3472.322
3472.3231
3472.3242
3472.3253
3472.3265
3472.3278
3472.3295
3472.3313
3472.3332
3472.335
3472.3366
3472.3384
3472.3409
3472.3446
3472.3507
3472.36
3472.3733
3472.3906
3472.4108
3472.4319
3472.4507
3472.4656
3472.4812
3472.5283
3472.7991
3474.3423
3481.6932
3506.8864
3444.1639
3472.3298
3472.3301
3472.3308
3472.3316
3472.3324
3472.3332
3472.3342
3472.3352
3472.3363
3472.3373
3472.3385
3472.3396
3472.3407
3472.3419
3472.343
3472.3443
3472.3457
3472.3475
3472.3494
3472.3515
3472.3534
3472.3553
3472.3573
3472.3599
3472.3639
3472.37
3472.3793
3472.3923
3472.4091
3472.4285
3472.4488
3472.4672
3472.4819
3472.4974
3472.5445
3472.8154
3474.3585
3481.709
3506.9132
3444.2116
3472.3468
3472.3472
3472.3479
3472.3487
3472.3494
3472.3503
3472.3513
3472.3523
3472.3534
3472.3545
3472.3556
3472.3568
3472.358
3472.3592
3472.3604
3472.3617
3472.3632
3472.3651
3472.3672
3472.3694
3472.3715
3472.3735
3472.3758
3472.3786
3472.3828
3472.389
3472.3982
3472.4109
3472.4271
3472.4459
3472.4655
3472.4834
3472.4979
3472.5133
3472.5604
3472.8314
3474.3745
3481.725
3506.9407
3444.2626
3472.3635
3472.3639
3472.3646
3472.3654
3472.3662
3472.3671
3472.368
3472.3691
3472.3702
3472.3713
3472.3725
3472.3736
3472.3749
3472.3761
3472.3774
3472.3788
3472.3804
3472.3823
3472.3846
3472.3869
3472.3892
3472.3914
3472.3939
3472.3969
3472.4012
3472.4075
3472.4166
3472.429
3472.4448
3472.4629
3472.4818
3472.4992
3472.5135
3472.5289
3472.5759
3472.847
3474.3904
3481.7413
3506.9688
3444.3173
3472.3798
3472.3802
3472.381
3472.3817
3472.3825
3472.3834
3472.3844
3472.3855
3472.3866
3472.3877
3472.3889
3472.3902
3472.3914
3472.3927
3472.3941
3472.3955
3472.3972
3472.3993
3472.4016
3472.4041
3472.4065
3472.4089
3472.4115
3472.4148
3472.4192
3472.4256
3472.4346
3472.4468
3472.462
3472.4795
3472.4977
3472.5147
3472.5288
3472.5441
3472.5911
3472.8624
3474.4061
3481.7579
3506.9976
3444.3762
3472.3958
3472.3962
3472.397
3472.3977
3472.3986
3472.3995
3472.4005
3472.4016
3472.4027
3472.4038
3472.4051
3472.4063
3472.4076
3472.409
3472.4104
3472.4119
3472.4137
3472.4158
3472.4183
3472.4209
3472.4235
3472.4261
3472.4289
3472.4323
3472.4369
3472.4433
3472.4522
3472.4641
3472.4789
3472.4958
3472.5134
3472.5298
3472.5438
3472.559
3472.606
3472.8774
3474.4216
3481.7747
3507.0272
3444.4399
3472.4115
3472.4119
3472.4126
3472.4134
3472.4142
3472.4151
3472.4162
3472.4173
3472.4184
3472.4196
3472.4208
3472.4221
3472.4235
3472.4249
3472.4263
3472.4279
3472.4298
3472.432
3472.4346
3472.4373
3472.4401
3472.4428
3472.4458
3472.4494
3472.4541
3472.4605
3472.4693
3472.481
3472.4953
3472.5117
3472.5287
3472.5447
3472.5584
3472.5736
3472.6206
3472.8921
3474.4369
3481.7917
3507.0574
3444.509
3472.4268
3472.4272
3472.4279
3472.4287
3472.4295
3472.4305
3472.4315
3472.4326
3472.4338
3472.435
3472.4363
3472.4376
3472.439
3472.4404
3472.4419
3472.4436
3472.4456
3472.4479
3472.4506
3472.4534
3472.4563
3472.4592
3472.4623
3472.4661
3472.4709
3472.4774
3472.4861
3472.4975
3472.5114
3472.5272
3472.5436
3472.5592
3472.5727
3472.5878
3472.6348
3472.9066
3474.452
3481.8089
3507.0885
3444.5844
3472.4417
3472.4422
3472.4429
3472.4437
3472.4445
3472.4454
3472.4465
3472.4476
3472.4488
3472.45
3472.4513
3472.4527
3472.4541
3472.4556
3472.4572
3472.459
3472.461
3472.4634
3472.4662
3472.4692
3472.4722
3472.4752
3472.4785
3472.4824
3472.4873
3472.4938
3472.5024
3472.5136
3472.5271
3472.5424
3472.5582
3472.5733
3472.5866
3472.6017
3472.6487
3472.9207
3474.4669
3481.8262
3507.1204
3444.6669
3472.4563
3472.4568
3472.4575
3472.4583
3472.4591
3472.4601
3472.4611
3472.4623
3472.4635
3472.4647
3472.4661
3472.4675
3472.4689
3472.4705
3472.4721
3472.4739
3472.476
3472.4785
3472.4814
3472.4845
3472.4877
3472.4909
3472.4943
3472.4983
3472.5033
3472.5098
3472.5184
3472.5293
3472.5424
3472.5572
3472.5725
3472.5872
3472.6002
3472.6152
3472.6623
3472.9345
3474.4816
3481.8437
3507.1532
3444.7576
3472.4706
3472.471
3472.4718
3472.4726
3472.4734
3472.4744
3472.4755
3472.4766
3472.4778
3472.4791
3472.4805
3472.4819
3472.4834
3472.485
3472.4867
3472.4886
3472.4907
3472.4933
3472.4963
3472.4996
3472.5028
3472.5062
3472.5097
3472.5138
3472.5189
3472.5255
3472.5339
3472.5446
3472.5574
3472.5717
3472.5865
3472.6007
3472.6135
3472.6285
3472.6756
3472.948
3474.4961
3481.8614
3507.1869
3444.8577
3472.4845
3472.485
3472.4857
3472.4865
3472.4874
3472.4883
3472.4894
3472.4906
3472.4918
3472.4931
3472.4945
3472.496
3472.4975
3472.4992
3472.5009
3472.5029
3472.5051
3472.5078
3472.5109
3472.5142
3472.5176
3472.5211
3472.5248
3472.529
3472.5342
3472.5407
3472.5491
3472.5595
3472.5719
3472.5858
3472.6002
3472.6139
3472.6265
3472.6413
3472.6885
3472.9612
3474.5104
3481.8792
3507.2218
3444.9687
3472.4981
3472.4986
3472.4993
3472.5001
3472.501
3472.5019
3472.503
3472.5042
3472.5055
3472.5068
3472.5082
3472.5097
3472.5113
3472.513
3472.5148
3472.5168
3472.5191
3472.5219
3472.5251
3472.5286
3472.5321
3472.5356
3472.5395
3472.5438
3472.549
3472.5556
3472.5638
3472.5741
3472.5862
3472.5996
3472.6135
3472.6268
3472.6392
3472.6539
3472.7011
3472.9741
3474.5245
3481.8972
3507.2578
3445.0923
3472.5113
3472.5118
3472.5126
3472.5134
3472.5142
3472.5152
3472.5163
3472.5175
3472.5188
3472.5201
3472.5216
3472.5231
3472.5247
3472.5265
3472.5284
3472.5304
3472.5328
3472.5357
3472.539
3472.5425
3472.5461
3472.5498
3472.5538
3472.5582
3472.5635
3472.5701
3472.5782
3472.5882
3472.6
3472.613
3472.6265
3472.6394
3472.6515
3472.6661
3472.7133
3472.9867
3474.5384
3481.9154
3507.2952
3445.2303
3472.5242
3472.5247
3472.5255
3472.5263
3472.5272
3472.5282
3472.5293
3472.5305
3472.5318
3472.5332
3472.5346
3472.5362
3472.5378
3472.5396
3472.5416
3472.5437
3472.5462
3472.5491
3472.5525
3472.5561
3472.5599
3472.5637
3472.5677
3472.5723
3472.5776
3472.5842
3472.5922
3472.602
3472.6135
3472.6261
3472.6392
3472.6517
3472.6635
3472.6781
3472.7253
3472.999
3474.5521
3481.9337
3507.334
3445.3851
3472.5368
3472.5373
3472.5381
3472.5389
3472.5398
3472.5408
3472.5419
3472.5431
3472.5444
3472.5458
3472.5473
3472.5489
3472.5506
3472.5525
3472.5545
3472.5567
3472.5592
3472.5622
3472.5657
3472.5694
3472.5733
3472.5772
3472.5813
3472.586
3472.5914
3472.5979
3472.6059
3472.6155
3472.6266
3472.6389
3472.6515
3472.6637
3472.6753
3472.6897
3472.7369
3473.0109
3474.5656
3481.9523
3507.3745
3445.5593
3472.5491
3472.5495
3472.5503
3472.5511
3472.552
3472.553
3472.5542
3472.5554
3472.5568
3472.5582
3472.5597
3472.5613
3472.5631
3472.5649
3472.567
3472.5693
3472.5719
3472.575
3472.5785
3472.5824
3472.5863
3472.5903
3472.5946
3472.5993
3472.6047
3472.6113
3472.6191
3472.6285
3472.6394
3472.6513
3472.6636
3472.6754
3472.6867
3472.7009
3472.7482
3473.0226
3474.5789
3481.971
3507.4167
3445.756
3472.561
3472.5614
3472.5622
3472.5631
3472.564
3472.565
3472.5661
3472.5674
3472.5687
3472.5702
3472.5717
3472.5734
3472.5752
3472.5771
3472.5792
3472.5815
3472.5842
3472.5874
3472.591
3472.595
3472.599
3472.6031
3472.6075
3472.6123
3472.6178
3472.6242
3472.632
3472.6413
3472.6518
3472.6634
3472.6753
3472.6868
3472.6977
3472.7119
3472.7591
3473.034
3474.592
3481.9899
3507.461
3445.9787
3472.5726
3472.573
3472.5738
3472.5747
3472.5756
3472.5766
3472.5778
3472.5791
3472.5804
3472.5819
3472.5834
3472.5851
3472.5869
3472.5889
3472.5911
3472.5935
3472.5962
3472.5995
3472.6032
3472.6072
3472.6113
3472.6156
3472.62
3472.6249
3472.6304
3472.6369
3472.6446
3472.6536
3472.6639
3472.6752
3472.6867
3472.6978
3472.7086
3472.7226
3472.7698
3473.045
3474.6048
3482.0092
3507.5075
3446.2315
3472.5838
3472.5843
3472.5851
3472.5859
3472.5868
3472.5879
3472.5891
3472.5904
3472.5917
3472.5932
3472.5948
3472.5965
3472.5984
3472.6004
3472.6026
3472.6051
3472.6079
3472.6112
3472.615
3472.6191
3472.6234
3472.6277
3472.6322
3472.6371
3472.6427
3472.6491
3472.6567
3472.6656
3472.6757
3472.6866
3472.6978
3472.7086
3472.7191
3472.7329
3472.7802
3473.0558
3474.6176
3482.0287
3507.5566
3446.5191
3472.5947
3472.5952
3472.596
3472.5969
3472.5978
3472.5989
3472.6
3472.6014
3472.6027
3472.6042
3472.6059
3472.6076
3472.6095
3472.6116
3472.6139
3472.6164
3472.6192
3472.6226
3472.6265
3472.6307
3472.635
3472.6394
3472.644
3472.649
3472.6546
3472.6611
3472.6686
3472.6773
3472.6871
3472.6977
3472.7086
3472.7191
3472.7293
3472.743
3472.7902
3473.0663
3474.6301
3482.0486
3507.6085
3446.847
3472.6054
3472.6059
3472.6067
3472.6075
3472.6084
3472.6095
3472.6107
3472.612
3472.6134
3472.6149
3472.6166
3472.6184
3472.6203
3472.6224
3472.6247
3472.6273
3472.6303
3472.6337
3472.6377
3472.642
3472.6464
3472.6509
3472.6555
3472.6606
3472.6662
3472.6726
3472.6801
3472.6886
3472.6982
3472.7085
3472.7191
3472.7293
3472.7392
3472.7527
3472.8
3473.0765
3474.6425
3482.0688
3507.6636
3447.2215
3472.6156
3472.6162
3472.617
3472.6178
3472.6187
3472.6198
3472.621
3472.6224
3472.6238
3472.6253
3472.627
3472.6288
3472.6308
3472.633
3472.6353
3472.6379
3472.641
3472.6445
3472.6485
3472.6529
3472.6574
3472.662
3472.6667
3472.6718
3472.6775
3472.6838
3472.6912
3472.6996
3472.7089
3472.719
3472.7292
3472.7392
3472.7489
3472.7622
3472.8094
3473.0864
3474.6548
3482.0896
3507.7225
3447.6496
3472.6256
3472.6261
3472.627
3472.6278
3472.6288
3472.6298
3472.6311
3472.6324
3472.6338
3472.6354
3472.6371
3472.639
3472.641
3472.6432
3472.6456
3472.6483
3472.6513
3472.655
3472.6591
3472.6635
3472.6681
3472.6727
3472.6775
3472.6827
3472.6884
3472.6947
3472.702
3472.7102
3472.7193
3472.7291
3472.7391
3472.7488
3472.7582
3472.7714
3472.8186
3473.0961
3474.6669
3482.1109
3507.7855
3448.1395
3472.6353
3472.6359
3472.6367
3472.6376
3472.6385
3472.6396
3472.6408
3472.6422
3472.6436
3472.6452
3472.6469
3472.6488
3472.6509
3472.6531
3472.6555
3472.6583
3472.6614
3472.6651
3472.6693
3472.6738
3472.6784
3472.6831
3472.688
3472.6932
3472.6989
3472.7053
3472.7124
3472.7205
3472.7295
3472.739
3472.7487
3472.7581
3472.7674
3472.7804
3472.8275
3473.1055
3474.679
3482.1329
3507.8533
3448.7004
3472.6448
3472.6453
3472.6462
3472.647
3472.648
3472.6491
3472.6503
3472.6517
3472.6532
3472.6548
3472.6565
3472.6584
3472.6605
3472.6628
3472.6653
3472.668
3472.6712
3472.675
3472.6792
3472.6838
3472.6885
3472.6933
3472.6982
3472.7035
3472.7092
3472.7155
3472.7226
3472.7305
3472.7393
3472.7486
3472.758
3472.7672
3472.7762
3472.7891
3472.8362
3473.1148
3474.6912
3482.1558
3507.9269
3449.3423
3472.6542
3472.6547
3472.6556
3472.6564
3472.6574
3472.6585
3472.6597
3472.6611
3472.6626
3472.6642
3472.666
3472.6679
3472.67
3472.6723
3472.6748
3472.6776
3472.6809
3472.6847
3472.689
3472.6936
3472.6984
3472.7032
3472.7082
3472.7135
3472.7192
3472.7255
3472.7325
3472.7403
3472.7489
3472.7579
3472.7672
3472.7761
3472.785
3472.7978
3472.8449
3473.124
3474.7035
3482.18
3508.0077
3450.0766
3472.6639
3472.6644
3472.6652
3472.6661
3472.667
3472.6681
3472.6694
3472.6708
3472.6722
3472.6739
3472.6756
3472.6776
3472.6797
3472.682
3472.6845
3472.6873
3472.6906
3472.6944
3472.6987
3472.7034
3472.7082
3472.7131
3472.7181
3472.7234
3472.7291
3472.7354
3472.7423
3472.75
3472.7584
3472.7673
3472.7763
3472.7851
3472.7939
3472.8066
3472.8537
3473.1335
3474.7163
3482.2058
3508.0977
3450.9153
3472.6745
3472.6751
3472.6759
3472.6768
3472.6777
3472.6788
3472.68
3472.6814
3472.6829
3472.6845
3472.6862
3472.6881
3472.6902
3472.6925
3472.695
3472.6978
3472.701
3472.7048
3472.709
3472.7137
3472.7184
3472.7233
3472.7283
3472.7336
3472.7393
3472.7455
3472.7524
3472.76
3472.7683
3472.777
3472.786
3472.7947
3472.8034
3472.8161
3472.8634
3473.144
3474.7304
3482.2344
3508.2003
3451.8714
3472.688
3472.6885
3472.6893
3472.6902
3472.6911
3472.6921
3472.6933
3472.6946
3472.696
3472.6976
3472.6992
3472.701
3472.703
3472.7052
3472.7075
3472.7102
3472.7133
3472.7169
3472.721
3472.7255
3472.7301
3472.7348
3472.7397
3472.7449
3472.7505
3472.7567
3472.7635
3472.7711
3472.7794
3472.7882
3472.7972
3472.806
3472.8149
3472.8278
3472.8754
3473.1569
3474.7475
3482.2678
3508.3213
3452.9578
3472.7078
3472.7083
3472.7091
3472.7099
3472.7107
3472.7117
3472.7128
3472.714
3472.7153
3472.7167
3472.7181
3472.7197
3472.7214
3472.7233
3472.7253
3472.7276
3472.7303
3472.7335
3472.7372
3472.7413
3472.7455
3472.7498
3472.7544
3472.7593
3472.7647
3472.7708
3472.7776
3472.7852
3472.7937
3472.8028
3472.8123
3472.8217
3472.8311
3472.8446
3472.8929
3473.1757
3474.7711
3482.3102
3508.4702
3454.1865
3472.7414
3472.7419
3472.7426
3472.7433
3472.744
3472.7448
3472.7457
3472.7467
3472.7477
3472.7487
3472.7497
3472.7508
3472.752
3472.7532
3472.7546
3472.7561
3472.7579
3472.7603
3472.763
3472.7661
3472.7694
3472.7729
3472.7767
3472.781
3472.786
3472.7918
3472.7987
3472.8066
3472.8157
3472.8257
3472.8363
3472.8469
3472.8577
3472.8725
3472.9222
3473.207
3474.8082
3482.3698
3508.6628
3455.5666
3472.8027
3472.8032
3472.8038
3472.8043
3472.8048
3472.8053
3472.8058
3472.8063
3472.8067
3472.807
3472.8072
3472.8074
3472.8075
3472.8075
3472.8074
3472.8074
3472.8076
3472.8081
3472.809
3472.8102
3472.8116
3472.8133
3472.8156
3472.8186
3472.8227
3472.8281
3472.835
3472.8437
3472.854
3472.8659
3472.8789
3472.8923
3472.9058
3472.9232
3472.9756
3473.2635
3474.8722
3482.4612
3508.9242
3457.1014
3472.9169
3472.9173
3472.9178
3472.918
3472.918
3472.9179
3472.9177
3472.9173
3472.9167
3472.9157
3472.9145
3472.9129
3472.911
3472.9087
3472.9061
3472.9032
3472.9003
3472.8974
3472.8947
3472.8923
3472.8901
3472.8885
3472.8877
3472.8883
3472.8906
3472.8952
3472.9023
3472.9123
3472.9252
3472.9408
3472.9583
3472.9767
3472.9955
3473.0177
3473.0749
3473.3681
3474.9867
3482.6103
3509.2929
3458.7818
3473.1251
3473.1255
3473.1257
3473.1253
3473.1246
3473.1235
3473.1221
3473.1201
3473.1177
3473.1146
3473.1108
3473.1063
3473.1009
3473.0947
3473.0876
3473.0798
3473.0713
3473.0625
3473.0536
3473.0448
3473.0362
3473.0285
3473.0223
3473.0184
3473.0175
3473.0205
3473.0279
3473.0402
3473.0575
3473.0795
3473.1049
3473.1323
3473.1599
3473.1906
3473.256
3473.5577
3475.1904
3482.8578
3509.8229
3460.5765
3473.4869
3473.4872
3473.487
3473.4857
3473.4838
3473.4811
3473.4777
3473.4734
3473.4681
3473.4615
3473.4537
3473.4444
3473.4336
3473.421
3473.4068
3473.3909
3473.3736
3473.3552
3473.336
3473.3166
3473.2975
3473.2796
3473.2642
3473.2526
3473.2461
3473.2461
3473.2536
3473.2694
3473.2937
3473.3259
3473.364
3473.4055
3473.4475
3473.4916
3473.5701
3473.8852
3475.5377
3483.2606
3510.5797
3462.4135
3474.0718
3474.0722
3474.0714
3474.0688
3474.065
3474.0601
3474.0538
3474.0459
3474.0363
3474.0248
3474.011
3473.9947
3473.9758
3473.9539
3473.9291
3473.9013
3473.8708
3473.838
3473.8034
3473.768
3473.7327
3473.6991
3473.6693
3473.6454
3473.6296
3473.6243
3473.6311
3473.6511
3473.685
3473.7316
3473.7879
3473.8497
3473.9124
3473.9764
3474.074
3474.4092
3476.089
3483.8798
3511.6197
3464.1489
3474.9212
3474.9219
3474.9204
3474.9161
3474.91
3474.9019
3474.8918
3474.8794
3474.8642
3474.8459
3474.8242
3474.7988
3474.7692
3474.735
3474.6961
3474.6524
3474.6042
3474.5519
3474.4964
3474.439
3474.3812
3474.3256
3474.275
3474.2329
3474.2028
3474.1881
3474.1919
3474.2155
3474.26
3474.3237
3474.4022
3474.4893
3474.5783
3474.6682
3474.791
3475.1539
3476.8696
3484.7377
3512.9186
3465.4006
3475.9427
3475.9444
3475.9423
3475.9359
3475.927
3475.9155
3475.901
3475.8832
3475.8617
3475.8358
3475.8052
3475.7692
3475.7275
3475.6792
3475.6243
3475.5623
3475.4935
3475.4185
3475.3383
3475.2544
3475.1691
3475.0856
3475.0081
3474.9411
3474.8896
3474.8583
3474.8519
3474.8725
3474.9215
3474.9975
3475.0951
3475.2063
3475.3221
3475.4409
3475.5937
3475.993
3477.7543
3485.7005
3514.1952
3465.6732
3476.5614
3476.565
3476.5629
3476.5548
3476.5439
3476.5296
3476.5118
3476.4899
3476.4635
3476.432
3476.3946
3476.3509
3476.3
3476.2413
3476.1743
3476.0984
3476.0138
3475.921
3475.8207
3475.7147
3475.6054
3475.4964
3475.3924
3475.2988
3475.2215
3475.1666
3475.1397
3475.1446
3475.1827
3475.2543
3475.3539
3475.473
3475.6021
3475.7396
3475.9154
3476.349
3478.1528
3486.1507
3514.6401
3464.0366
3475.6784
3475.6855
3475.6842
3475.6757
3475.6641
3475.6491
3475.6306
3475.6079
3475.5804
3475.5478
3475.5095
3475.4645
3475.4122
3475.3519
3475.2827
3475.2042
3475.116
3475.018
3474.9108
3474.7953
3474.6732
3474.5474
3474.4219
3474.3016
3474.1922
3474.0996
3474.0304
3473.9904
3473.9828
3474.0106
3474.073
3474.1639
3474.276
3474.4106
3474.5946
3475.058
3476.8987
3484.9038
3512.7857
3458.6112
3470.5327
3470.5456
3470.5471
3470.5409
3470.5322
3470.5212
3470.5078
3470.4914
3470.4717
3470.4487
3470.4218
3470.3903
3470.3538
3470.3118
3470.263
3470.207
3470.1427
3470.0691
3469.9856
3469.8906
3469.784
3469.6654
3469.5353
3469.3955
3469.2483
3469.098
3468.9506
3468.8139
3468.6965
3468.6085
3468.5595
3468.5525
3468.5879
3468.674
3468.8304
3469.3042
3471.1577
3479.0862
3505.367
3446.0832
3455.7242
3455.7457
3455.7528
3455.7529
3455.7527
3455.7527
3455.7536
3455.7547
3455.7561
3455.7586
3455.7626
3455.7671
3455.7727
3455.7796
3455.7858
3455.7915
3455.7941
3455.7912
3455.7801
3455.7544
3455.7098
3455.6391
3455.5351
3455.3919
3455.204
3454.9702
3454.6944
3454.3871
3454.0669
3453.7573
3453.4887
3453.282
3453.1535
3453.1241
3453.1974
3453.6482
3455.4716
3463.2024
3486.5373
3420.7752
3421.4959
3421.5287
3421.5447
3421.5563
3421.5712
3421.5911
3421.6174
3421.6495
3421.6883
3421.7362
3421.7944
3421.8626
3421.9422
3422.0354
3422.1388
3422.2541
3422.3765
3422.5014
3422.6233
3422.7276
3422.8037
3422.8324
3422.7942
3422.6697
3422.4397
3422.0933
3421.6299
3421.0636
3420.4294
3419.773
3419.1578
3418.6333
3418.2393
3418.0181
3417.9405
3418.3271
3420.0607
3427.4441
3446.292
3373.9456
3351.2885
3351.3342
3351.362
3351.3897
3351.4259
3351.4733
3351.535
3351.6102
3351.7006
3351.8111
3351.9443
3352.1001
3352.2821
3352.4943
3352.7321
3352.9995
3353.2885
3353.592
3353.901
3354.1903
3354.4404
3354.6167
3354.6813
3354.5969
3354.3259
3353.8422
3353.14
3352.2383
3351.1944
3350.0846
3349.0171
3348.078
3347.3365
3346.8654
3346.5747
3346.8629
3348.4393
3355.3122
3368.285
3291.1235
3218.4216
3218.4788
3218.5191
3218.5643
3218.6237
3218.7009
3218.8008
3218.9225
3219.0686
3219.2462
3219.46
3219.7097
3220.0014
3220.3417
3220.7236
3221.1546
3221.6233
3222.12
3222.6328
3223.1243
3223.5666
3223.908
3224.0913
3224.0583
3223.7524
3223.1311
3222.1818
3220.9302
3219.4591
3217.8777
3216.3433
3214.9792
3213.8814
3213.1623
3212.6358
3212.8148
3214.1752
3220.3824
3226.7424
3148.9927
2980.8059
2980.8692
2980.919
2980.9777
2981.0548
2981.1542
2981.2827
2981.4394
2981.6269
2981.8544
2982.1285
2982.448
2982.8216
2983.2577
2983.7471
2984.3014
2984.9055
2985.5486
2986.2174
2986.8649
2987.4575
2987.9305
2988.2117
2988.2274
2987.9036
2987.1886
2986.0623
2984.5569
2982.7763
2980.855
2978.9896
2977.3281
2975.9812
2975.105
2974.3886
2974.4825
2975.5857
2980.9447
2981.1362
2909.5077
2569.163
2569.222
2569.2729
2569.3332
2569.4123
2569.5136
2569.6451
2569.8051
2569.9961
2570.2279
2570.5079
2570.8336
2571.2154
2571.6621
2572.1631
2572.7332
2573.3558
2574.0208
2574.717
2575.3953
2576.0232
2576.5341
2576.8532
2576.9046
2576.6084
2575.913
2574.7951
2573.2874
2571.4995
2569.5685
2567.6999
2566.0398
2564.6921
2563.8437
2563.0746
2563.1362
2563.9564
2568.2238
2564.2909
2506.8889
1842.2096
1842.2509
1842.2896
1842.3329
1842.3895
1842.4626
1842.5586
1842.6744
1842.8121
1842.9807
1843.1856
1843.4233
1843.7037
1844.0343
1844.4055
1844.8316
1845.2996
1845.8028
1846.3354
1846.8598
1847.3531
1847.7649
1848.0374
1848.112
1847.9237
1847.4315
1846.6151
1845.497
1844.1636
1842.7187
1841.3259
1840.0924
1839.0949
1838.4984
1837.8987
1837.9713
1838.4798
1841.3288
1836.7546
1800.6771
)
;

boundaryField
{
    piston
    {
        type            fixedValue;
        value           uniform 485.2;
    }
    cylinderHead
    {
        type            fixedValue;
        value           uniform 525.2;
    }
    cylinderWall
    {
        type            fixedValue;
        value           uniform 430.1;
    }
    wedgeFront
    {
        type            wedge;
    }
    wedgeBack
    {
        type            wedge;
    }
    axis
    {
        type            empty;
    }
}


// ************************************************************************* //
