/*--------------------------------*- C++ -*----------------------------------*\
  =========                 |
  \\      /  F ield         | OpenFOAM: The Open Source CFD Toolbox
   \\    /   O peration     | Website:  https://openfoam.org
    \\  /    A nd           | Version:  13
     \\/     M anipulation  |
\*---------------------------------------------------------------------------*/
FoamFile
{
    format      ascii;
    class       volScalarField;
    location    "10";
    object      p;
}
// * * * * * * * * * * * * * * * * * * * * * * * * * * * * * * * * * * * * * //

dimensions      [1 -1 -2 0 0 0 0];

internalField   nonuniform List<scalar> 
4800
(
7362797.3
7362797.3
7362797.3
7362797.3
7362797.3
7362797.3
7362797.3
7362797.3
7362797.3
7362797.3
7362797.4
7362797.4
7362797.4
7362797.4
7362797.5
7362797.5
7362797.6
7362797.6
7362797.7
7362797.8
7362797.9
7362798
7362798.2
7362798.3
7362798.3
7362798.2
7362797.8
7362797.1
7362796.5
7362796
7362795.5
7362795.7
7362796.3
7362796.7
7362796.7
7362796.6
7362796.6
7362796.8
7362797.6
7362798.7
7362797.8
7362797.8
7362797.8
7362797.8
7362797.8
7362797.8
7362797.8
7362797.8
7362797.8
7362797.9
7362797.9
7362797.9
7362797.9
7362797.9
7362798
7362798
7362798.1
7362798.1
7362798.2
7362798.3
7362798.4
7362798.5
7362798.7
7362798.8
7362798.9
7362798.7
7362798.3
7362797.6
7362797
7362796.6
7362796.1
7362796.3
7362796.8
7362797.2
7362797.2
7362797.1
7362797.1
7362797.3
7362798
7362799
7362798.2
7362798.2
7362798.2
7362798.2
7362798.2
7362798.2
7362798.2
7362798.2
7362798.2
7362798.2
7362798.3
7362798.3
7362798.3
7362798.3
7362798.4
7362798.4
7362798.5
7362798.5
7362798.6
7362798.7
7362798.8
7362798.9
7362799.1
7362799.2
7362799.2
7362799.1
7362798.7
7362798.1
7362797.5
7362797
7362796.5
7362796.7
7362797.2
7362797.5
7362797.6
7362797.5
7362797.5
7362797.7
7362798.3
7362799.3
7362798.5
7362798.5
7362798.5
7362798.5
7362798.5
7362798.5
7362798.5
7362798.6
7362798.6
7362798.6
7362798.6
7362798.6
7362798.7
7362798.7
7362798.7
7362798.8
7362798.8
7362798.9
7362798.9
7362799
7362799.1
7362799.3
7362799.4
7362799.5
7362799.6
7362799.4
7362799
7362798.4
7362797.9
7362797.3
7362796.8
7362797
7362797.5
7362797.9
7362797.9
7362797.9
7362797.8
7362798
7362798.6
7362799.5
7362798.8
7362798.8
7362798.8
7362798.9
7362798.9
7362798.9
7362798.9
7362798.9
7362798.9
7362798.9
7362798.9
7362799
7362799
7362799
7362799
7362799.1
7362799.1
7362799.2
7362799.3
7362799.4
7362799.5
7362799.6
7362799.7
7362799.9
7362799.9
7362799.8
7362799.4
7362798.8
7362798.2
7362797.6
7362797
7362797.3
7362797.8
7362798.2
7362798.2
7362798.2
7362798.1
7362798.3
7362798.8
7362799.7
7362799.2
7362799.2
7362799.2
7362799.2
7362799.2
7362799.2
7362799.2
7362799.2
7362799.2
7362799.2
7362799.2
7362799.3
7362799.3
7362799.3
7362799.4
7362799.4
7362799.4
7362799.5
7362799.6
7362799.7
7362799.8
7362799.9
7362800
7362800.2
7362800.2
7362800.1
7362799.7
7362799.1
7362798.5
7362797.8
7362797.3
7362797.5
7362798.2
7362798.5
7362798.6
7362798.5
7362798.4
7362798.6
7362799.1
7362799.9
7362799.5
7362799.5
7362799.5
7362799.5
7362799.5
7362799.5
7362799.5
7362799.5
7362799.5
7362799.5
7362799.6
7362799.6
7362799.6
7362799.6
7362799.7
7362799.7
7362799.8
7362799.8
7362799.9
7362800
7362800.1
7362800.2
7362800.3
7362800.5
7362800.5
7362800.4
7362800
7362799.4
7362798.8
7362798
7362797.5
7362797.8
7362798.5
7362798.8
7362798.9
7362798.8
7362798.7
7362798.8
7362799.3
7362800.1
7362799.8
7362799.8
7362799.8
7362799.8
7362799.8
7362799.8
7362799.8
7362799.8
7362799.8
7362799.9
7362799.9
7362799.9
7362799.9
7362799.9
7362800
7362800
7362800.1
7362800.1
7362800.2
7362800.3
7362800.4
7362800.5
7362800.7
7362800.8
7362800.9
7362800.7
7362800.4
7362799.7
7362799
7362798.3
7362797.8
7362798.1
7362798.8
7362799.1
7362799.2
7362799.1
7362799
7362799.1
7362799.5
7362800.3
7362800.1
7362800.1
7362800.1
7362800.1
7362800.1
7362800.1
7362800.1
7362800.1
7362800.2
7362800.2
7362800.2
7362800.2
7362800.2
7362800.3
7362800.3
7362800.3
7362800.4
7362800.4
7362800.5
7362800.6
7362800.7
7362800.8
7362801
7362801.1
7362801.2
7362801
7362800.7
7362800
7362799.3
7362798.5
7362798
7362798.4
7362799.1
7362799.5
7362799.5
7362799.4
7362799.3
7362799.4
7362799.8
7362800.5
7362800.4
7362800.4
7362800.4
7362800.4
7362800.4
7362800.4
7362800.4
7362800.4
7362800.5
7362800.5
7362800.5
7362800.5
7362800.5
7362800.6
7362800.6
7362800.6
7362800.7
7362800.7
7362800.8
7362800.9
7362801
7362801.1
7362801.2
7362801.4
7362801.5
7362801.3
7362801
7362800.3
7362799.5
7362798.7
7362798.2
7362798.7
7362799.4
7362799.8
7362799.8
7362799.7
7362799.6
7362799.7
7362800
7362800.7
7362800.7
7362800.7
7362800.7
7362800.7
7362800.7
7362800.7
7362800.7
7362800.8
7362800.8
7362800.8
7362800.8
7362800.8
7362800.8
7362800.9
7362800.9
7362800.9
7362801
7362801
7362801.1
7362801.2
7362801.3
7362801.4
7362801.5
7362801.7
7362801.7
7362801.6
7362801.3
7362800.6
7362799.7
7362798.9
7362798.5
7362798.9
7362799.7
7362800.1
7362800.1
7362800
7362799.9
7362799.9
7362800.2
7362801
7362801
7362801
7362801
7362801
7362801
7362801
7362801
7362801.1
7362801.1
7362801.1
7362801.1
7362801.1
7362801.1
7362801.2
7362801.2
7362801.2
7362801.3
7362801.3
7362801.4
7362801.5
7362801.6
7362801.7
7362801.8
7362802
7362802
7362801.9
7362801.5
7362800.9
7362800
7362799.1
7362798.7
7362799.2
7362800
7362800.3
7362800.4
7362800.3
7362800.1
7362800.2
7362800.5
7362801.2
7362801.3
7362801.3
7362801.3
7362801.3
7362801.3
7362801.3
7362801.3
7362801.4
7362801.4
7362801.4
7362801.4
7362801.4
7362801.4
7362801.5
7362801.5
7362801.5
7362801.6
7362801.6
7362801.7
7362801.8
7362801.9
7362802
7362802.1
7362802.2
7362802.3
7362802.2
7362801.8
7362801.1
7362800.2
7362799.3
7362799
7362799.5
7362800.2
7362800.6
7362800.7
7362800.6
7362800.4
7362800.5
7362800.7
7362801.4
7362801.6
7362801.6
7362801.6
7362801.6
7362801.6
7362801.6
7362801.6
7362801.7
7362801.7
7362801.7
7362801.7
7362801.7
7362801.7
7362801.8
7362801.8
7362801.8
7362801.9
7362801.9
7362802
7362802.1
7362802.2
7362802.3
7362802.4
7362802.5
7362802.6
7362802.4
7362802.1
7362801.4
7362800.4
7362799.5
7362799.2
7362799.8
7362800.5
7362800.9
7362801
7362800.9
7362800.7
7362800.8
7362801
7362801.6
7362801.9
7362801.9
7362801.9
7362801.9
7362801.9
7362801.9
7362801.9
7362801.9
7362802
7362802
7362802
7362802
7362802
7362802.1
7362802.1
7362802.1
7362802.2
7362802.2
7362802.3
7362802.4
7362802.5
7362802.6
7362802.7
7362802.8
7362802.8
7362802.7
7362802.3
7362801.6
7362800.6
7362799.8
7362799.5
7362800.1
7362800.8
7362801.2
7362801.2
7362801.2
7362801
7362801
7362801.2
7362801.8
7362802.2
7362802.2
7362802.2
7362802.2
7362802.2
7362802.2
7362802.2
7362802.2
7362802.3
7362802.3
7362802.3
7362802.3
7362802.3
7362802.4
7362802.4
7362802.4
7362802.5
7362802.5
7362802.6
7362802.7
7362802.7
7362802.8
7362802.9
7362803
7362803.1
7362802.9
7362802.6
7362801.8
7362800.9
7362800
7362799.8
7362800.4
7362801.1
7362801.5
7362801.5
7362801.4
7362801.3
7362801.3
7362801.5
7362802
7362802.5
7362802.5
7362802.5
7362802.5
7362802.5
7362802.5
7362802.5
7362802.5
7362802.5
7362802.6
7362802.6
7362802.6
7362802.6
7362802.6
7362802.7
7362802.7
7362802.8
7362802.8
7362802.9
7362802.9
7362803
7362803.1
7362803.2
7362803.3
7362803.3
7362803.2
7362802.8
7362802.1
7362801.1
7362800.2
7362800
7362800.6
7362801.4
7362801.8
7362801.8
7362801.7
7362801.6
7362801.6
7362801.7
7362802.3
7362802.8
7362802.8
7362802.8
7362802.8
7362802.8
7362802.8
7362802.8
7362802.8
7362802.8
7362802.8
7362802.9
7362802.9
7362802.9
7362802.9
7362803
7362803
7362803
7362803.1
7362803.1
7362803.2
7362803.3
7362803.4
7362803.5
7362803.6
7362803.6
7362803.4
7362803
7362802.3
7362801.3
7362800.5
7362800.3
7362800.9
7362801.7
7362802
7362802.1
7362802
7362801.9
7362801.9
7362802
7362802.5
7362803.1
7362803.1
7362803.1
7362803.1
7362803.1
7362803.1
7362803.1
7362803.1
7362803.1
7362803.1
7362803.1
7362803.2
7362803.2
7362803.2
7362803.2
7362803.3
7362803.3
7362803.4
7362803.4
7362803.5
7362803.6
7362803.7
7362803.7
7362803.8
7362803.8
7362803.7
7362803.3
7362802.5
7362801.6
7362800.7
7362800.6
7362801.2
7362802
7362802.3
7362802.4
7362802.3
7362802.2
7362802.2
7362802.3
7362802.8
7362803.3
7362803.3
7362803.4
7362803.4
7362803.4
7362803.4
7362803.4
7362803.4
7362803.4
7362803.4
7362803.4
7362803.4
7362803.5
7362803.5
7362803.5
7362803.6
7362803.6
7362803.6
7362803.7
7362803.8
7362803.8
7362803.9
7362804
7362804.1
7362804.1
7362803.9
7362803.5
7362802.7
7362801.8
7362801
7362800.9
7362801.5
7362802.2
7362802.6
7362802.6
7362802.6
7362802.5
7362802.5
7362802.6
7362803
7362803.6
7362803.6
7362803.6
7362803.6
7362803.6
7362803.6
7362803.7
7362803.7
7362803.7
7362803.7
7362803.7
7362803.7
7362803.7
7362803.8
7362803.8
7362803.8
7362803.9
7362803.9
7362804
7362804
7362804.1
7362804.2
7362804.3
7362804.3
7362804.3
7362804.1
7362803.7
7362803
7362802.1
7362801.3
7362801.2
7362801.8
7362802.5
7362802.9
7362802.9
7362802.9
7362802.8
7362802.8
7362802.8
7362803.2
7362803.9
7362803.9
7362803.9
7362803.9
7362803.9
7362803.9
7362803.9
7362803.9
7362803.9
7362804
7362804
7362804
7362804
7362804
7362804.1
7362804.1
7362804.1
7362804.2
7362804.2
7362804.3
7362804.4
7362804.4
7362804.5
7362804.6
7362804.5
7362804.3
7362803.9
7362803.2
7362802.3
7362801.6
7362801.5
7362802.1
7362802.8
7362803.1
7362803.2
7362803.2
7362803.1
7362803.1
7362803.1
7362803.5
7362804.2
7362804.2
7362804.2
7362804.2
7362804.2
7362804.2
7362804.2
7362804.2
7362804.2
7362804.2
7362804.2
7362804.3
7362804.3
7362804.3
7362804.3
7362804.4
7362804.4
7362804.5
7362804.5
7362804.6
7362804.6
7362804.7
7362804.8
7362804.8
7362804.8
7362804.6
7362804.1
7362803.4
7362802.6
7362801.8
7362801.8
7362802.4
7362803.1
7362803.4
7362803.5
7362803.5
7362803.4
7362803.4
7362803.4
7362803.8
7362804.4
7362804.4
7362804.4
7362804.4
7362804.5
7362804.5
7362804.5
7362804.5
7362804.5
7362804.5
7362804.5
7362804.5
7362804.6
7362804.6
7362804.6
7362804.6
7362804.7
7362804.7
7362804.8
7362804.8
7362804.9
7362804.9
7362805
7362805
7362805
7362804.8
7362804.4
7362803.7
7362802.8
7362802.1
7362802.1
7362802.7
7362803.4
7362803.7
7362803.7
7362803.7
7362803.7
7362803.7
7362803.7
7362804
7362804.7
7362804.7
7362804.7
7362804.7
7362804.7
7362804.7
7362804.7
7362804.7
7362804.8
7362804.8
7362804.8
7362804.8
7362804.8
7362804.8
7362804.9
7362804.9
7362804.9
7362805
7362805
7362805.1
7362805.1
7362805.2
7362805.2
7362805.3
7362805.2
7362805
7362804.6
7362803.9
7362803.1
7362802.4
7362802.4
7362803
7362803.6
7362803.9
7362804
7362804
7362804
7362804
7362804
7362804.3
7362805
7362805
7362805
7362805
7362805
7362805
7362805
7362805
7362805
7362805
7362805
7362805.1
7362805.1
7362805.1
7362805.1
7362805.2
7362805.2
7362805.2
7362805.3
7362805.3
7362805.4
7362805.4
7362805.5
7362805.5
7362805.4
7362805.2
7362804.8
7362804.2
7362803.4
7362802.8
7362802.7
7362803.3
7362803.9
7362804.2
7362804.3
7362804.3
7362804.2
7362804.3
7362804.3
7362804.5
7362805.2
7362805.2
7362805.2
7362805.2
7362805.2
7362805.3
7362805.3
7362805.3
7362805.3
7362805.3
7362805.3
7362805.3
7362805.3
7362805.4
7362805.4
7362805.4
7362805.5
7362805.5
7362805.5
7362805.6
7362805.6
7362805.7
7362805.7
7362805.7
7362805.7
7362805.4
7362805
7362804.4
7362803.6
7362803.1
7362803
7362803.6
7362804.2
7362804.5
7362804.5
7362804.6
7362804.5
7362804.5
7362804.6
7362804.8
7362805.5
7362805.5
7362805.5
7362805.5
7362805.5
7362805.5
7362805.5
7362805.5
7362805.5
7362805.5
7362805.6
7362805.6
7362805.6
7362805.6
7362805.6
7362805.7
7362805.7
7362805.7
7362805.8
7362805.8
7362805.9
7362805.9
7362805.9
7362805.9
7362805.9
7362805.7
7362805.3
7362804.6
7362803.9
7362803.4
7362803.4
7362803.9
7362804.5
7362804.7
7362804.8
7362804.8
7362804.8
7362804.8
7362804.8
7362805.1
7362805.7
7362805.7
7362805.8
7362805.8
7362805.8
7362805.8
7362805.8
7362805.8
7362805.8
7362805.8
7362805.8
7362805.8
7362805.8
7362805.9
7362805.9
7362805.9
7362806
7362806
7362806
7362806.1
7362806.1
7362806.2
7362806.2
7362806.2
7362806.1
7362805.9
7362805.5
7362804.9
7362804.2
7362803.7
7362803.7
7362804.3
7362804.7
7362805
7362805.1
7362805.1
7362805.1
7362805.1
7362805.1
7362805.3
7362806
7362806
7362806
7362806
7362806
7362806
7362806
7362806
7362806
7362806.1
7362806.1
7362806.1
7362806.1
7362806.1
7362806.1
7362806.2
7362806.2
7362806.2
7362806.3
7362806.3
7362806.4
7362806.4
7362806.4
7362806.4
7362806.3
7362806.1
7362805.7
7362805.1
7362804.5
7362804
7362804
7362804.6
7362805
7362805.2
7362805.3
7362805.4
7362805.3
7362805.4
7362805.4
7362805.6
7362806.3
7362806.3
7362806.3
7362806.3
7362806.3
7362806.3
7362806.3
7362806.3
7362806.3
7362806.3
7362806.3
7362806.3
7362806.3
7362806.4
7362806.4
7362806.4
7362806.4
7362806.5
7362806.5
7362806.6
7362806.6
7362806.6
7362806.6
7362806.6
7362806.5
7362806.3
7362805.9
7362805.4
7362804.8
7362804.3
7362804.4
7362804.9
7362805.3
7362805.5
7362805.6
7362805.6
7362805.6
7362805.7
7362805.7
7362805.9
7362806.5
7362806.5
7362806.5
7362806.5
7362806.5
7362806.5
7362806.5
7362806.5
7362806.5
7362806.5
7362806.6
7362806.6
7362806.6
7362806.6
7362806.6
7362806.7
7362806.7
7362806.7
7362806.8
7362806.8
7362806.8
7362806.8
7362806.9
7362806.8
7362806.7
7362806.5
7362806.2
7362805.6
7362805
7362804.6
7362804.7
7362805.2
7362805.5
7362805.8
7362805.8
7362805.9
7362805.9
7362805.9
7362805.9
7362806.1
7362806.7
7362806.7
7362806.7
7362806.7
7362806.8
7362806.8
7362806.8
7362806.8
7362806.8
7362806.8
7362806.8
7362806.8
7362806.8
7362806.9
7362806.9
7362806.9
7362806.9
7362807
7362807
7362807
7362807.1
7362807.1
7362807.1
7362807
7362806.9
7362806.7
7362806.4
7362805.9
7362805.3
7362805
7362805
7362805.4
7362805.8
7362806
7362806.1
7362806.1
7362806.1
7362806.2
7362806.2
7362806.4
7362807
7362807
7362807
7362807
7362807
7362807
7362807
7362807
7362807
7362807
7362807
7362807.1
7362807.1
7362807.1
7362807.1
7362807.1
7362807.2
7362807.2
7362807.2
7362807.3
7362807.3
7362807.3
7362807.3
7362807.3
7362807.1
7362806.9
7362806.6
7362806.1
7362805.6
7362805.3
7362805.3
7362805.7
7362806.1
7362806.3
7362806.3
7362806.4
7362806.4
7362806.4
7362806.5
7362806.6
7362807.2
7362807.2
7362807.2
7362807.2
7362807.2
7362807.2
7362807.2
7362807.2
7362807.3
7362807.3
7362807.3
7362807.3
7362807.3
7362807.3
7362807.3
7362807.4
7362807.4
7362807.4
7362807.4
7362807.5
7362807.5
7362807.5
7362807.5
7362807.5
7362807.4
7362807.2
7362806.8
7362806.4
7362805.9
7362805.6
7362805.7
7362806
7362806.3
7362806.5
7362806.6
7362806.6
7362806.6
7362806.7
7362806.7
7362806.9
7362807.5
7362807.5
7362807.5
7362807.5
7362807.5
7362807.5
7362807.5
7362807.5
7362807.5
7362807.5
7362807.5
7362807.5
7362807.5
7362807.6
7362807.6
7362807.6
7362807.6
7362807.6
7362807.7
7362807.7
7362807.7
7362807.7
7362807.7
7362807.7
7362807.6
7362807.4
7362807.1
7362806.6
7362806.2
7362805.9
7362806
7362806.3
7362806.6
7362806.8
7362806.8
7362806.9
7362806.9
7362807
7362807
7362807.2
7362807.7
7362807.7
7362807.7
7362807.7
7362807.7
7362807.7
7362807.7
7362807.7
7362807.7
7362807.7
7362807.7
7362807.8
7362807.8
7362807.8
7362807.8
7362807.8
7362807.8
7362807.9
7362807.9
7362807.9
7362807.9
7362807.9
7362807.9
7362807.9
7362807.8
7362807.6
7362807.3
7362806.9
7362806.5
7362806.2
7362806.2
7362806.6
7362806.8
7362807
7362807.1
7362807.1
7362807.1
7362807.2
7362807.2
7362807.4
7362807.9
7362807.9
7362807.9
7362807.9
7362807.9
7362807.9
7362807.9
7362807.9
7362808
7362808
7362808
7362808
7362808
7362808
7362808
7362808.1
7362808.1
7362808.1
7362808.1
7362808.1
7362808.2
7362808.2
7362808.1
7362808.1
7362808
7362807.8
7362807.5
7362807.1
7362806.7
7362806.5
7362806.5
7362806.8
7362807.1
7362807.2
7362807.3
7362807.4
7362807.4
7362807.5
7362807.5
7362807.7
7362808.1
7362808.1
7362808.1
7362808.2
7362808.2
7362808.2
7362808.2
7362808.2
7362808.2
7362808.2
7362808.2
7362808.2
7362808.2
7362808.2
7362808.3
7362808.3
7362808.3
7362808.3
7362808.3
7362808.4
7362808.4
7362808.4
7362808.3
7362808.3
7362808.2
7362808
7362807.7
7362807.3
7362807
7362806.8
7362806.8
7362807.1
7362807.3
7362807.5
7362807.5
7362807.6
7362807.6
7362807.7
7362807.7
7362807.9
7362808.4
7362808.4
7362808.4
7362808.4
7362808.4
7362808.4
7362808.4
7362808.4
7362808.4
7362808.4
7362808.4
7362808.4
7362808.4
7362808.5
7362808.5
7362808.5
7362808.5
7362808.5
7362808.6
7362808.6
7362808.6
7362808.6
7362808.6
7362808.5
7362808.4
7362808.2
7362807.9
7362807.6
7362807.2
7362807
7362807.1
7362807.3
7362807.6
7362807.7
7362807.8
7362807.8
7362807.9
7362807.9
7362808
7362808.1
7362808.6
7362808.6
7362808.6
7362808.6
7362808.6
7362808.6
7362808.6
7362808.6
7362808.6
7362808.6
7362808.6
7362808.7
7362808.7
7362808.7
7362808.7
7362808.7
7362808.7
7362808.7
7362808.8
7362808.8
7362808.8
7362808.8
7362808.8
7362808.7
7362808.6
7362808.4
7362808.1
7362807.8
7362807.5
7362807.3
7362807.4
7362807.6
7362807.8
7362807.9
7362808
7362808.1
7362808.1
7362808.2
7362808.2
7362808.4
7362808.8
7362808.8
7362808.8
7362808.8
7362808.8
7362808.8
7362808.8
7362808.8
7362808.8
7362808.8
7362808.9
7362808.9
7362808.9
7362808.9
7362808.9
7362808.9
7362808.9
7362809
7362809
7362809
7362809
7362809
7362809
7362808.9
7362808.8
7362808.6
7362808.3
7362808
7362807.7
7362807.6
7362807.6
7362807.8
7362808
7362808.2
7362808.2
7362808.3
7362808.3
7362808.4
7362808.5
7362808.6
7362809
7362809
7362809
7362809
7362809
7362809
7362809
7362809
7362809.1
7362809.1
7362809.1
7362809.1
7362809.1
7362809.1
7362809.1
7362809.1
7362809.1
7362809.2
7362809.2
7362809.2
7362809.2
7362809.2
7362809.1
7362809.1
7362809
7362808.8
7362808.5
7362808.3
7362808
7362807.8
7362807.9
7362808.1
7362808.3
7362808.4
7362808.5
7362808.5
7362808.6
7362808.7
7362808.7
7362808.9
7362809.2
7362809.2
7362809.2
7362809.2
7362809.2
7362809.2
7362809.3
7362809.3
7362809.3
7362809.3
7362809.3
7362809.3
7362809.3
7362809.3
7362809.3
7362809.3
7362809.4
7362809.4
7362809.4
7362809.4
7362809.4
7362809.4
7362809.3
7362809.3
7362809.2
7362809
7362808.8
7362808.5
7362808.2
7362808.1
7362808.1
7362808.3
7362808.5
7362808.6
7362808.7
7362808.8
7362808.8
7362808.9
7362808.9
7362809.1
7362809.4
7362809.4
7362809.4
7362809.5
7362809.5
7362809.5
7362809.5
7362809.5
7362809.5
7362809.5
7362809.5
7362809.5
7362809.5
7362809.5
7362809.5
7362809.5
7362809.6
7362809.6
7362809.6
7362809.6
7362809.6
7362809.6
7362809.5
7362809.5
7362809.3
7362809.2
7362809
7362808.7
7362808.5
7362808.3
7362808.4
7362808.5
7362808.7
7362808.8
7362808.9
7362809
7362809
7362809.1
7362809.2
7362809.3
7362809.7
7362809.7
7362809.7
7362809.7
7362809.7
7362809.7
7362809.7
7362809.7
7362809.7
7362809.7
7362809.7
7362809.7
7362809.7
7362809.7
7362809.7
7362809.7
7362809.8
7362809.8
7362809.8
7362809.8
7362809.8
7362809.8
7362809.7
7362809.6
7362809.5
7362809.4
7362809.2
7362808.9
7362808.7
7362808.6
7362808.6
7362808.8
7362808.9
7362809.1
7362809.1
7362809.2
7362809.2
7362809.3
7362809.4
7362809.6
7362809.9
7362809.9
7362809.9
7362809.9
7362809.9
7362809.9
7362809.9
7362809.9
7362809.9
7362809.9
7362809.9
7362809.9
7362809.9
7362809.9
7362809.9
7362809.9
7362810
7362810
7362810
7362810
7362810
7362810
7362809.9
7362809.8
7362809.7
7362809.6
7362809.4
7362809.1
7362808.9
7362808.8
7362808.9
7362809
7362809.2
7362809.3
7362809.3
7362809.4
7362809.5
7362809.6
7362809.6
7362809.8
7362810.1
7362810.1
7362810.1
7362810.1
7362810.1
7362810.1
7362810.1
7362810.1
7362810.1
7362810.1
7362810.1
7362810.1
7362810.1
7362810.1
7362810.1
7362810.1
7362810.2
7362810.2
7362810.2
7362810.2
7362810.2
7362810.1
7362810.1
7362810
7362809.9
7362809.8
7362809.6
7362809.3
7362809.2
7362809.1
7362809.1
7362809.2
7362809.4
7362809.5
7362809.6
7362809.6
7362809.7
7362809.8
7362809.8
7362810
7362810.3
7362810.3
7362810.3
7362810.3
7362810.3
7362810.3
7362810.3
7362810.3
7362810.3
7362810.3
7362810.3
7362810.3
7362810.3
7362810.3
7362810.3
7362810.3
7362810.3
7362810.4
7362810.4
7362810.4
7362810.3
7362810.3
7362810.3
7362810.2
7362810.1
7362809.9
7362809.8
7362809.5
7362809.4
7362809.3
7362809.3
7362809.4
7362809.6
7362809.7
7362809.8
7362809.8
7362809.9
7362810
7362810
7362810.2
7362810.5
7362810.5
7362810.5
7362810.5
7362810.5
7362810.5
7362810.5
7362810.5
7362810.5
7362810.5
7362810.5
7362810.5
7362810.5
7362810.5
7362810.5
7362810.5
7362810.5
7362810.5
7362810.5
7362810.5
7362810.5
7362810.5
7362810.5
7362810.4
7362810.3
7362810.1
7362809.9
7362809.8
7362809.6
7362809.5
7362809.5
7362809.7
7362809.8
7362809.9
7362810
7362810
7362810.1
7362810.2
7362810.3
7362810.4
7362810.6
7362810.6
7362810.6
7362810.6
7362810.7
7362810.7
7362810.7
7362810.7
7362810.7
7362810.7
7362810.7
7362810.7
7362810.7
7362810.7
7362810.7
7362810.7
7362810.7
7362810.7
7362810.7
7362810.7
7362810.7
7362810.7
7362810.6
7362810.6
7362810.5
7362810.3
7362810.1
7362810
7362809.8
7362809.7
7362809.8
7362809.9
7362810
7362810.1
7362810.2
7362810.3
7362810.3
7362810.4
7362810.5
7362810.6
7362810.8
7362810.8
7362810.8
7362810.8
7362810.8
7362810.8
7362810.8
7362810.9
7362810.9
7362810.9
7362810.9
7362810.9
7362810.9
7362810.9
7362810.9
7362810.9
7362810.9
7362810.9
7362810.9
7362810.9
7362810.9
7362810.9
7362810.8
7362810.7
7362810.6
7362810.5
7362810.3
7362810.1
7362810
7362809.9
7362810
7362810.1
7362810.2
7362810.3
7362810.4
7362810.5
7362810.5
7362810.6
7362810.7
7362810.8
7362811
7362811
7362811
7362811
7362811
7362811
7362811
7362811
7362811
7362811
7362811.1
7362811.1
7362811.1
7362811.1
7362811.1
7362811.1
7362811.1
7362811.1
7362811.1
7362811.1
7362811.1
7362811
7362811
7362810.9
7362810.8
7362810.7
7362810.5
7362810.3
7362810.2
7362810.2
7362810.2
7362810.3
7362810.4
7362810.5
7362810.6
7362810.7
7362810.7
7362810.8
7362810.9
7362811
7362811.2
7362811.2
7362811.2
7362811.2
7362811.2
7362811.2
7362811.2
7362811.2
7362811.2
7362811.2
7362811.2
7362811.2
7362811.2
7362811.3
7362811.3
7362811.3
7362811.3
7362811.3
7362811.3
7362811.3
7362811.2
7362811.2
7362811.2
7362811.1
7362811
7362810.8
7362810.7
7362810.5
7362810.4
7362810.4
7362810.4
7362810.5
7362810.6
7362810.7
7362810.8
7362810.8
7362810.9
7362811
7362811.1
7362811.2
7362811.4
7362811.4
7362811.4
7362811.4
7362811.4
7362811.4
7362811.4
7362811.4
7362811.4
7362811.4
7362811.4
7362811.4
7362811.4
7362811.4
7362811.4
7362811.4
7362811.4
7362811.4
7362811.4
7362811.4
7362811.4
7362811.4
7362811.3
7362811.2
7362811.1
7362811
7362810.9
7362810.7
7362810.6
7362810.6
7362810.6
7362810.7
7362810.8
7362810.9
7362811
7362811
7362811.1
7362811.2
7362811.3
7362811.4
7362811.6
7362811.6
7362811.6
7362811.6
7362811.6
7362811.6
7362811.6
7362811.6
7362811.6
7362811.6
7362811.6
7362811.6
7362811.6
7362811.6
7362811.6
7362811.6
7362811.6
7362811.6
7362811.6
7362811.6
7362811.6
7362811.5
7362811.5
7362811.4
7362811.3
7362811.2
7362811
7362810.9
7362810.8
7362810.8
7362810.8
7362810.9
7362811
7362811.1
7362811.1
7362811.2
7362811.3
7362811.4
7362811.5
7362811.6
7362811.7
7362811.7
7362811.7
7362811.7
7362811.7
7362811.7
7362811.8
7362811.8
7362811.8
7362811.8
7362811.8
7362811.8
7362811.8
7362811.8
7362811.8
7362811.8
7362811.8
7362811.8
7362811.8
7362811.8
7362811.7
7362811.7
7362811.6
7362811.6
7362811.5
7362811.4
7362811.2
7362811.1
7362811
7362811
7362811
7362811.1
7362811.2
7362811.3
7362811.3
7362811.4
7362811.5
7362811.6
7362811.7
7362811.8
7362811.9
7362811.9
7362811.9
7362811.9
7362811.9
7362811.9
7362811.9
7362811.9
7362811.9
7362811.9
7362811.9
7362811.9
7362811.9
7362811.9
7362811.9
7362812
7362812
7362811.9
7362811.9
7362811.9
7362811.9
7362811.9
7362811.8
7362811.7
7362811.6
7362811.5
7362811.4
7362811.3
7362811.2
7362811.1
7362811.2
7362811.3
7362811.4
7362811.4
7362811.5
7362811.6
7362811.7
7362811.8
7362811.8
7362812
7362812.1
7362812.1
7362812.1
7362812.1
7362812.1
7362812.1
7362812.1
7362812.1
7362812.1
7362812.1
7362812.1
7362812.1
7362812.1
7362812.1
7362812.1
7362812.1
7362812.1
7362812.1
7362812.1
7362812.1
7362812.1
7362812
7362812
7362811.9
7362811.8
7362811.7
7362811.6
7362811.4
7362811.4
7362811.3
7362811.4
7362811.4
7362811.5
7362811.6
7362811.7
7362811.8
7362811.8
7362812
7362812
7362812.2
7362812.3
7362812.3
7362812.3
7362812.3
7362812.3
7362812.3
7362812.3
7362812.3
7362812.3
7362812.3
7362812.3
7362812.3
7362812.3
7362812.3
7362812.3
7362812.3
7362812.3
7362812.3
7362812.3
7362812.2
7362812.2
7362812.2
7362812.1
7362812.1
7362812
7362811.8
7362811.7
7362811.6
7362811.5
7362811.5
7362811.5
7362811.6
7362811.7
7362811.8
7362811.9
7362812
7362812
7362812.1
7362812.2
7362812.4
7362812.4
7362812.4
7362812.4
7362812.4
7362812.4
7362812.4
7362812.4
7362812.4
7362812.4
7362812.4
7362812.4
7362812.4
7362812.4
7362812.4
7362812.4
7362812.4
7362812.4
7362812.4
7362812.4
7362812.4
7362812.4
7362812.3
7362812.3
7362812.2
7362812.1
7362812
7362811.9
7362811.8
7362811.7
7362811.7
7362811.7
7362811.8
7362811.9
7362812
7362812.1
7362812.1
7362812.2
7362812.3
7362812.4
7362812.6
7362812.6
7362812.6
7362812.6
7362812.6
7362812.6
7362812.6
7362812.6
7362812.6
7362812.6
7362812.6
7362812.6
7362812.6
7362812.6
7362812.6
7362812.6
7362812.6
7362812.6
7362812.6
7362812.6
7362812.6
7362812.5
7362812.5
7362812.4
7362812.4
7362812.3
7362812.2
7362812.1
7362812
7362811.9
7362811.9
7362811.9
7362812
7362812.1
7362812.1
7362812.2
7362812.3
7362812.4
7362812.5
7362812.6
7362812.7
7362812.7
7362812.7
7362812.7
7362812.7
7362812.7
7362812.7
7362812.7
7362812.7
7362812.7
7362812.7
7362812.8
7362812.8
7362812.8
7362812.8
7362812.8
7362812.7
7362812.7
7362812.7
7362812.7
7362812.7
7362812.7
7362812.6
7362812.6
7362812.5
7362812.4
7362812.3
7362812.2
7362812.1
7362812.1
7362812
7362812.1
7362812.1
7362812.2
7362812.3
7362812.4
7362812.5
7362812.5
7362812.7
7362812.7
7362812.9
7362812.9
7362812.9
7362812.9
7362812.9
7362812.9
7362812.9
7362812.9
7362812.9
7362812.9
7362812.9
7362812.9
7362812.9
7362812.9
7362812.9
7362812.9
7362812.9
7362812.9
7362812.9
7362812.9
7362812.9
7362812.8
7362812.8
7362812.7
7362812.7
7362812.6
7362812.5
7362812.4
7362812.3
7362812.2
7362812.2
7362812.2
7362812.3
7362812.4
7362812.5
7362812.6
7362812.6
7362812.7
7362812.8
7362812.9
7362813.1
7362813
7362813
7362813
7362813
7362813.1
7362813.1
7362813.1
7362813.1
7362813.1
7362813.1
7362813.1
7362813.1
7362813.1
7362813.1
7362813.1
7362813
7362813
7362813
7362813
7362813
7362813
7362812.9
7362812.9
7362812.8
7362812.7
7362812.6
7362812.5
7362812.4
7362812.4
7362812.4
7362812.4
7362812.5
7362812.6
7362812.6
7362812.7
7362812.8
7362812.9
7362813
7362813.1
7362813.3
7362813.2
7362813.2
7362813.2
7362813.2
7362813.2
7362813.2
7362813.2
7362813.2
7362813.2
7362813.2
7362813.2
7362813.2
7362813.2
7362813.2
7362813.2
7362813.2
7362813.2
7362813.2
7362813.2
7362813.1
7362813.1
7362813.1
7362813
7362812.9
7362812.9
7362812.8
7362812.7
7362812.6
7362812.6
7362812.5
7362812.6
7362812.6
7362812.7
7362812.8
7362812.9
7362813
7362813
7362813.2
7362813.2
7362813.4
7362813.3
7362813.3
7362813.3
7362813.3
7362813.3
7362813.3
7362813.3
7362813.3
7362813.4
7362813.4
7362813.4
7362813.4
7362813.3
7362813.3
7362813.3
7362813.3
7362813.3
7362813.3
7362813.3
7362813.3
7362813.2
7362813.2
7362813.1
7362813.1
7362813
7362812.9
7362812.8
7362812.8
7362812.7
7362812.7
7362812.7
7362812.8
7362812.9
7362813
7362813
7362813.1
7362813.2
7362813.3
7362813.4
7362813.6
7362813.5
7362813.5
7362813.5
7362813.5
7362813.5
7362813.5
7362813.5
7362813.5
7362813.5
7362813.5
7362813.5
7362813.5
7362813.5
7362813.5
7362813.5
7362813.5
7362813.5
7362813.5
7362813.4
7362813.4
7362813.4
7362813.3
7362813.3
7362813.2
7362813.1
7362813.1
7362813
7362812.9
7362812.9
7362812.9
7362812.9
7362813
7362813
7362813.1
7362813.2
7362813.3
7362813.4
7362813.5
7362813.6
7362813.7
7362813.6
7362813.6
7362813.6
7362813.6
7362813.6
7362813.6
7362813.6
7362813.6
7362813.6
7362813.6
7362813.6
7362813.6
7362813.6
7362813.6
7362813.6
7362813.6
7362813.6
7362813.6
7362813.6
7362813.5
7362813.5
7362813.5
7362813.4
7362813.4
7362813.3
7362813.2
7362813.1
7362813.1
7362813
7362813
7362813
7362813.1
7362813.2
7362813.3
7362813.3
7362813.4
7362813.5
7362813.6
7362813.7
7362813.9
7362813.8
7362813.8
7362813.8
7362813.8
7362813.8
7362813.8
7362813.8
7362813.8
7362813.8
7362813.8
7362813.8
7362813.8
7362813.8
7362813.8
7362813.8
7362813.8
7362813.7
7362813.7
7362813.7
7362813.7
7362813.6
7362813.6
7362813.6
7362813.5
7362813.4
7362813.3
7362813.3
7362813.2
7362813.2
7362813.2
7362813.2
7362813.3
7362813.3
7362813.4
7362813.5
7362813.6
7362813.7
7362813.8
7362813.9
7362814
7362813.9
7362813.9
7362813.9
7362813.9
7362813.9
7362813.9
7362813.9
7362813.9
7362813.9
7362813.9
7362813.9
7362813.9
7362813.9
7362813.9
7362813.9
7362813.9
7362813.9
7362813.9
7362813.8
7362813.8
7362813.8
7362813.7
7362813.7
7362813.6
7362813.5
7362813.5
7362813.4
7362813.3
7362813.3
7362813.3
7362813.3
7362813.4
7362813.5
7362813.6
7362813.6
7362813.7
7362813.8
7362813.9
7362814
7362814.2
7362814
7362814
7362814
7362814
7362814
7362814
7362814
7362814
7362814
7362814
7362814
7362814
7362814
7362814
7362814
7362814
7362814
7362814
7362814
7362813.9
7362813.9
7362813.9
7362813.8
7362813.7
7362813.7
7362813.6
7362813.5
7362813.5
7362813.4
7362813.4
7362813.5
7362813.5
7362813.6
7362813.7
7362813.8
7362813.9
7362813.9
7362814.1
7362814.1
7362814.3
7362814.2
7362814.2
7362814.2
7362814.2
7362814.2
7362814.2
7362814.2
7362814.2
7362814.2
7362814.2
7362814.2
7362814.2
7362814.2
7362814.2
7362814.1
7362814.1
7362814.1
7362814.1
7362814.1
7362814.1
7362814
7362814
7362813.9
7362813.9
7362813.8
7362813.7
7362813.7
7362813.6
7362813.6
7362813.6
7362813.6
7362813.7
7362813.8
7362813.8
7362813.9
7362814
7362814.1
7362814.2
7362814.3
7362814.5
7362814.3
7362814.3
7362814.3
7362814.3
7362814.3
7362814.3
7362814.3
7362814.3
7362814.3
7362814.3
7362814.3
7362814.3
7362814.3
7362814.3
7362814.3
7362814.3
7362814.3
7362814.2
7362814.2
7362814.2
7362814.1
7362814.1
7362814.1
7362814
7362813.9
7362813.9
7362813.8
7362813.7
7362813.7
7362813.7
7362813.8
7362813.8
7362813.9
7362814
7362814.1
7362814.1
7362814.2
7362814.4
7362814.4
7362814.6
7362814.4
7362814.4
7362814.4
7362814.4
7362814.4
7362814.4
7362814.4
7362814.4
7362814.4
7362814.4
7362814.4
7362814.4
7362814.4
7362814.4
7362814.4
7362814.4
7362814.4
7362814.4
7362814.3
7362814.3
7362814.3
7362814.2
7362814.2
7362814.1
7362814
7362814
7362813.9
7362813.9
7362813.9
7362813.9
7362813.9
7362814
7362814
7362814.1
7362814.2
7362814.3
7362814.4
7362814.5
7362814.6
7362814.7
7362814.5
7362814.5
7362814.5
7362814.5
7362814.5
7362814.5
7362814.5
7362814.5
7362814.5
7362814.5
7362814.5
7362814.5
7362814.5
7362814.5
7362814.5
7362814.5
7362814.5
7362814.5
7362814.4
7362814.4
7362814.4
7362814.3
7362814.3
7362814.2
7362814.2
7362814.1
7362814
7362814
7362814
7362814
7362814
7362814.1
7362814.2
7362814.2
7362814.3
7362814.4
7362814.5
7362814.6
7362814.7
7362814.9
7362814.7
7362814.7
7362814.7
7362814.7
7362814.7
7362814.7
7362814.7
7362814.7
7362814.7
7362814.7
7362814.7
7362814.7
7362814.6
7362814.6
7362814.6
7362814.6
7362814.6
7362814.6
7362814.6
7362814.5
7362814.5
7362814.5
7362814.4
7362814.3
7362814.3
7362814.2
7362814.2
7362814.1
7362814.1
7362814.1
7362814.2
7362814.2
7362814.3
7362814.4
7362814.4
7362814.5
7362814.6
7362814.7
7362814.8
7362815
7362814.8
7362814.8
7362814.8
7362814.8
7362814.8
7362814.8
7362814.8
7362814.8
7362814.8
7362814.8
7362814.8
7362814.8
7362814.8
7362814.8
7362814.7
7362814.7
7362814.7
7362814.7
7362814.7
7362814.6
7362814.6
7362814.6
7362814.5
7362814.5
7362814.4
7362814.3
7362814.3
7362814.2
7362814.2
7362814.2
7362814.3
7362814.3
7362814.4
7362814.5
7362814.6
7362814.7
7362814.7
7362814.9
7362814.9
7362815.1
7362814.9
7362814.9
7362814.9
7362814.9
7362814.9
7362814.9
7362814.9
7362814.9
7362814.9
7362814.9
7362814.9
7362814.9
7362814.9
7362814.9
7362814.9
7362814.8
7362814.8
7362814.8
7362814.8
7362814.7
7362814.7
7362814.7
7362814.6
7362814.6
7362814.5
7362814.4
7362814.4
7362814.4
7362814.3
7362814.4
7362814.4
7362814.5
7362814.5
7362814.6
7362814.7
7362814.8
7362814.9
7362815
7362815.1
7362815.3
7362815
7362815
7362815
7362815
7362815
7362815
7362815
7362815
7362815
7362815
7362815
7362815
7362815
7362815
7362815
7362814.9
7362814.9
7362814.9
7362814.9
7362814.9
7362814.8
7362814.8
7362814.7
7362814.7
7362814.6
7362814.6
7362814.5
7362814.5
7362814.5
7362814.5
7362814.5
7362814.6
7362814.6
7362814.7
7362814.8
7362814.9
7362815
7362815.1
7362815.2
7362815.4
7362815.1
7362815.1
7362815.1
7362815.1
7362815.1
7362815.1
7362815.1
7362815.1
7362815.1
7362815.1
7362815.1
7362815.1
7362815.1
7362815.1
7362815.1
7362815.1
7362815
7362815
7362815
7362815
7362814.9
7362814.9
7362814.8
7362814.8
7362814.7
7362814.7
7362814.6
7362814.6
7362814.6
7362814.6
7362814.6
7362814.7
7362814.8
7362814.8
7362814.9
7362815
7362815.1
7362815.2
7362815.3
7362815.5
7362815.2
7362815.2
7362815.2
7362815.2
7362815.2
7362815.2
7362815.2
7362815.2
7362815.2
7362815.2
7362815.2
7362815.2
7362815.2
7362815.2
7362815.2
7362815.2
7362815.1
7362815.1
7362815.1
7362815.1
7362815
7362815
7362814.9
7362814.9
7362814.8
7362814.8
7362814.7
7362814.7
7362814.7
7362814.7
7362814.7
7362814.8
7362814.9
7362815
7362815
7362815.1
7362815.2
7362815.3
7362815.4
7362815.6
7362815.3
7362815.3
7362815.3
7362815.3
7362815.3
7362815.3
7362815.3
7362815.3
7362815.3
7362815.3
7362815.3
7362815.3
7362815.3
7362815.3
7362815.3
7362815.3
7362815.2
7362815.2
7362815.2
7362815.2
7362815.1
7362815.1
7362815
7362815
7362814.9
7362814.9
7362814.8
7362814.8
7362814.8
7362814.8
7362814.9
7362814.9
7362815
7362815.1
7362815.1
7362815.2
7362815.3
7362815.5
7362815.5
7362815.7
7362815.4
7362815.4
7362815.4
7362815.4
7362815.4
7362815.4
7362815.4
7362815.4
7362815.4
7362815.4
7362815.4
7362815.4
7362815.4
7362815.4
7362815.4
7362815.4
7362815.3
7362815.3
7362815.3
7362815.3
7362815.2
7362815.2
7362815.1
7362815.1
7362815
7362815
7362814.9
7362814.9
7362814.9
7362814.9
7362815
7362815
7362815.1
7362815.2
7362815.2
7362815.3
7362815.4
7362815.6
7362815.6
7362815.8
7362815.5
7362815.5
7362815.5
7362815.5
7362815.5
7362815.5
7362815.5
7362815.5
7362815.5
7362815.5
7362815.5
7362815.5
7362815.5
7362815.5
7362815.5
7362815.4
7362815.4
7362815.4
7362815.4
7362815.3
7362815.3
7362815.3
7362815.2
7362815.2
7362815.1
7362815.1
7362815
7362815
7362815
7362815
7362815.1
7362815.1
7362815.2
7362815.3
7362815.3
7362815.4
7362815.5
7362815.7
7362815.7
7362815.9
7362815.6
7362815.6
7362815.6
7362815.6
7362815.6
7362815.6
7362815.6
7362815.6
7362815.6
7362815.6
7362815.6
7362815.6
7362815.6
7362815.6
7362815.6
7362815.5
7362815.5
7362815.5
7362815.5
7362815.4
7362815.4
7362815.4
7362815.3
7362815.3
7362815.2
7362815.2
7362815.1
7362815.1
7362815.1
7362815.1
7362815.2
7362815.2
7362815.3
7362815.4
7362815.4
7362815.5
7362815.6
7362815.8
7362815.8
7362816
7362815.7
7362815.7
7362815.7
7362815.7
7362815.7
7362815.7
7362815.7
7362815.7
7362815.7
7362815.7
7362815.7
7362815.7
7362815.7
7362815.7
7362815.6
7362815.6
7362815.6
7362815.6
7362815.6
7362815.5
7362815.5
7362815.4
7362815.4
7362815.3
7362815.3
7362815.3
7362815.2
7362815.2
7362815.2
7362815.2
7362815.3
7362815.3
7362815.4
7362815.5
7362815.5
7362815.6
7362815.7
7362815.9
7362815.9
7362816.1
7362815.8
7362815.8
7362815.8
7362815.8
7362815.8
7362815.8
7362815.8
7362815.8
7362815.8
7362815.8
7362815.8
7362815.8
7362815.8
7362815.7
7362815.7
7362815.7
7362815.7
7362815.7
7362815.6
7362815.6
7362815.6
7362815.5
7362815.5
7362815.4
7362815.4
7362815.3
7362815.3
7362815.3
7362815.3
7362815.3
7362815.4
7362815.4
7362815.5
7362815.6
7362815.6
7362815.7
7362815.8
7362816
7362816
7362816.2
7362815.9
7362815.9
7362815.9
7362815.9
7362815.9
7362815.9
7362815.9
7362815.9
7362815.9
7362815.9
7362815.9
7362815.8
7362815.8
7362815.8
7362815.8
7362815.8
7362815.8
7362815.7
7362815.7
7362815.7
7362815.6
7362815.6
7362815.6
7362815.5
7362815.5
7362815.4
7362815.4
7362815.4
7362815.4
7362815.4
7362815.4
7362815.5
7362815.6
7362815.6
7362815.7
7362815.8
7362815.9
7362816.1
7362816.1
7362816.3
7362816
7362816
7362816
7362816
7362816
7362816
7362816
7362816
7362815.9
7362815.9
7362815.9
7362815.9
7362815.9
7362815.9
7362815.9
7362815.9
7362815.9
7362815.8
7362815.8
7362815.8
7362815.7
7362815.7
7362815.6
7362815.6
7362815.6
7362815.5
7362815.5
7362815.5
7362815.5
7362815.5
7362815.5
7362815.6
7362815.7
7362815.7
7362815.8
7362815.9
7362816
7362816.1
7362816.2
7362816.4
7362816
7362816
7362816
7362816
7362816
7362816
7362816
7362816
7362816
7362816
7362816
7362816
7362816
7362816
7362816
7362816
7362815.9
7362815.9
7362815.9
7362815.8
7362815.8
7362815.8
7362815.7
7362815.7
7362815.6
7362815.6
7362815.6
7362815.5
7362815.6
7362815.6
7362815.6
7362815.7
7362815.7
7362815.8
7362815.9
7362816
7362816.1
7362816.2
7362816.3
7362816.5
7362816.1
7362816.1
7362816.1
7362816.1
7362816.1
7362816.1
7362816.1
7362816.1
7362816.1
7362816.1
7362816.1
7362816.1
7362816.1
7362816.1
7362816
7362816
7362816
7362816
7362815.9
7362815.9
7362815.9
7362815.8
7362815.8
7362815.7
7362815.7
7362815.7
7362815.6
7362815.6
7362815.6
7362815.7
7362815.7
7362815.8
7362815.8
7362815.9
7362816
7362816.1
7362816.2
7362816.3
7362816.4
7362816.6
7362816.2
7362816.2
7362816.2
7362816.2
7362816.2
7362816.2
7362816.2
7362816.2
7362816.2
7362816.2
7362816.2
7362816.2
7362816.1
7362816.1
7362816.1
7362816.1
7362816.1
7362816.1
7362816
7362816
7362815.9
7362815.9
7362815.9
7362815.8
7362815.8
7362815.7
7362815.7
7362815.7
7362815.7
7362815.7
7362815.8
7362815.8
7362815.9
7362816
7362816.1
7362816.2
7362816.3
7362816.4
7362816.5
7362816.6
7362816.3
7362816.3
7362816.3
7362816.3
7362816.3
7362816.3
7362816.3
7362816.3
7362816.2
7362816.2
7362816.2
7362816.2
7362816.2
7362816.2
7362816.2
7362816.2
7362816.1
7362816.1
7362816.1
7362816.1
7362816
7362816
7362815.9
7362815.9
7362815.9
7362815.8
7362815.8
7362815.8
7362815.8
7362815.8
7362815.9
7362815.9
7362816
7362816.1
7362816.1
7362816.2
7362816.3
7362816.5
7362816.5
7362816.7
7362816.3
7362816.3
7362816.3
7362816.3
7362816.3
7362816.3
7362816.3
7362816.3
7362816.3
7362816.3
7362816.3
7362816.3
7362816.3
7362816.3
7362816.3
7362816.2
7362816.2
7362816.2
7362816.2
7362816.1
7362816.1
7362816
7362816
7362816
7362815.9
7362815.9
7362815.9
7362815.9
7362815.9
7362815.9
7362815.9
7362816
7362816.1
7362816.1
7362816.2
7362816.3
7362816.4
7362816.5
7362816.6
7362816.8
7362816.4
7362816.4
7362816.4
7362816.4
7362816.4
7362816.4
7362816.4
7362816.4
7362816.4
7362816.4
7362816.4
7362816.4
7362816.3
7362816.3
7362816.3
7362816.3
7362816.3
7362816.2
7362816.2
7362816.2
7362816.1
7362816.1
7362816.1
7362816
7362816
7362816
7362815.9
7362815.9
7362815.9
7362816
7362816
7362816.1
7362816.1
7362816.2
7362816.3
7362816.4
7362816.5
7362816.6
7362816.7
7362816.9
7362816.5
7362816.5
7362816.5
7362816.5
7362816.5
7362816.5
7362816.5
7362816.5
7362816.4
7362816.4
7362816.4
7362816.4
7362816.4
7362816.4
7362816.4
7362816.4
7362816.3
7362816.3
7362816.3
7362816.2
7362816.2
7362816.2
7362816.1
7362816.1
7362816
7362816
7362816
7362816
7362816
7362816
7362816.1
7362816.1
7362816.2
7362816.3
7362816.4
7362816.5
7362816.5
7362816.7
7362816.8
7362816.9
7362816.5
7362816.5
7362816.5
7362816.5
7362816.5
7362816.5
7362816.5
7362816.5
7362816.5
7362816.5
7362816.5
7362816.5
7362816.5
7362816.5
7362816.4
7362816.4
7362816.4
7362816.4
7362816.3
7362816.3
7362816.3
7362816.2
7362816.2
7362816.1
7362816.1
7362816.1
7362816.1
7362816
7362816.1
7362816.1
7362816.1
7362816.2
7362816.3
7362816.3
7362816.4
7362816.5
7362816.6
7362816.7
7362816.8
7362817
7362816.6
7362816.6
7362816.6
7362816.6
7362816.6
7362816.6
7362816.6
7362816.6
7362816.6
7362816.6
7362816.5
7362816.5
7362816.5
7362816.5
7362816.5
7362816.5
7362816.5
7362816.4
7362816.4
7362816.4
7362816.3
7362816.3
7362816.2
7362816.2
7362816.2
7362816.1
7362816.1
7362816.1
7362816.1
7362816.1
7362816.2
7362816.2
7362816.3
7362816.4
7362816.5
7362816.6
7362816.7
7362816.8
7362816.9
7362817.1
7362816.6
7362816.6
7362816.6
7362816.6
7362816.6
7362816.6
7362816.6
7362816.6
7362816.6
7362816.6
7362816.6
7362816.6
7362816.6
7362816.6
7362816.5
7362816.5
7362816.5
7362816.5
7362816.4
7362816.4
7362816.4
7362816.3
7362816.3
7362816.3
7362816.2
7362816.2
7362816.2
7362816.2
7362816.2
7362816.2
7362816.2
7362816.3
7362816.4
7362816.5
7362816.5
7362816.6
7362816.7
7362816.9
7362816.9
7362817.1
7362816.7
7362816.7
7362816.7
7362816.7
7362816.7
7362816.7
7362816.7
7362816.7
7362816.7
7362816.7
7362816.7
7362816.6
7362816.6
7362816.6
7362816.6
7362816.6
7362816.6
7362816.5
7362816.5
7362816.5
7362816.4
7362816.4
7362816.3
7362816.3
7362816.3
7362816.2
7362816.2
7362816.2
7362816.2
7362816.3
7362816.3
7362816.4
7362816.4
7362816.5
7362816.6
7362816.7
7362816.8
7362816.9
7362817
7362817.2
7362816.7
7362816.7
7362816.7
7362816.7
7362816.7
7362816.7
7362816.7
7362816.7
7362816.7
7362816.7
7362816.7
7362816.7
7362816.7
7362816.7
7362816.6
7362816.6
7362816.6
7362816.6
7362816.5
7362816.5
7362816.5
7362816.4
7362816.4
7362816.4
7362816.3
7362816.3
7362816.3
7362816.3
7362816.3
7362816.3
7362816.4
7362816.4
7362816.5
7362816.6
7362816.6
7362816.7
7362816.8
7362817
7362817
7362817.2
7362816.8
7362816.8
7362816.8
7362816.8
7362816.8
7362816.8
7362816.8
7362816.8
7362816.8
7362816.8
7362816.7
7362816.7
7362816.7
7362816.7
7362816.7
7362816.7
7362816.6
7362816.6
7362816.6
7362816.6
7362816.5
7362816.5
7362816.4
7362816.4
7362816.4
7362816.3
7362816.3
7362816.3
7362816.3
7362816.4
7362816.4
7362816.5
7362816.5
7362816.6
7362816.7
7362816.8
7362816.9
7362817
7362817.1
7362817.3
7362816.8
7362816.8
7362816.8
7362816.8
7362816.8
7362816.8
7362816.8
7362816.8
7362816.8
7362816.8
7362816.8
7362816.8
7362816.8
7362816.8
7362816.7
7362816.7
7362816.7
7362816.7
7362816.6
7362816.6
7362816.6
7362816.5
7362816.5
7362816.4
7362816.4
7362816.4
7362816.4
7362816.4
7362816.4
7362816.4
7362816.5
7362816.5
7362816.6
7362816.7
7362816.7
7362816.8
7362816.9
7362817.1
7362817.1
7362817.3
7362816.9
7362816.9
7362816.9
7362816.9
7362816.9
7362816.9
7362816.9
7362816.9
7362816.8
7362816.8
7362816.8
7362816.8
7362816.8
7362816.8
7362816.8
7362816.8
7362816.7
7362816.7
7362816.7
7362816.6
7362816.6
7362816.6
7362816.5
7362816.5
7362816.4
7362816.4
7362816.4
7362816.4
7362816.4
7362816.4
7362816.5
7362816.6
7362816.6
7362816.7
7362816.8
7362816.9
7362817
7362817.1
7362817.2
7362817.4
7362816.9
7362816.9
7362816.9
7362816.9
7362816.9
7362816.9
7362816.9
7362816.9
7362816.9
7362816.9
7362816.9
7362816.9
7362816.8
7362816.8
7362816.8
7362816.8
7362816.8
7362816.7
7362816.7
7362816.7
7362816.6
7362816.6
7362816.6
7362816.5
7362816.5
7362816.5
7362816.4
7362816.4
7362816.5
7362816.5
7362816.5
7362816.6
7362816.7
7362816.7
7362816.8
7362816.9
7362817
7362817.1
7362817.2
7362817.4
7362816.9
7362816.9
7362816.9
7362816.9
7362816.9
7362816.9
7362816.9
7362816.9
7362816.9
7362816.9
7362816.9
7362816.9
7362816.9
7362816.9
7362816.8
7362816.8
7362816.8
7362816.8
7362816.7
7362816.7
7362816.7
7362816.6
7362816.6
7362816.6
7362816.5
7362816.5
7362816.5
7362816.5
7362816.5
7362816.5
7362816.6
7362816.6
7362816.7
7362816.8
7362816.9
7362817
7362817.1
7362817.2
7362817.3
7362817.4
7362817
7362817
7362817
7362817
7362817
7362817
7362817
7362817
7362817
7362816.9
7362816.9
7362816.9
7362816.9
7362816.9
7362816.9
7362816.9
7362816.8
7362816.8
7362816.8
7362816.7
7362816.7
7362816.7
7362816.6
7362816.6
7362816.6
7362816.5
7362816.5
7362816.5
7362816.5
7362816.6
7362816.6
7362816.7
7362816.7
7362816.8
7362816.9
7362817
7362817.1
7362817.2
7362817.3
7362817.5
7362817
7362817
7362817
7362817
7362817
7362817
7362817
7362817
7362817
7362817
7362817
7362817
7362816.9
7362816.9
7362816.9
7362816.9
7362816.9
7362816.8
7362816.8
7362816.8
7362816.7
7362816.7
7362816.7
7362816.6
7362816.6
7362816.6
7362816.5
7362816.5
7362816.6
7362816.6
7362816.6
7362816.7
7362816.8
7362816.8
7362816.9
7362817
7362817.1
7362817.3
7362817.3
7362817.5
7362817
7362817
7362817
7362817
7362817
7362817
7362817
7362817
7362817
7362817
7362817
7362817
7362817
7362817
7362816.9
7362816.9
7362816.9
7362816.9
7362816.8
7362816.8
7362816.8
7362816.7
7362816.7
7362816.6
7362816.6
7362816.6
7362816.6
7362816.6
7362816.6
7362816.6
7362816.7
7362816.7
7362816.8
7362816.9
7362817
7362817.1
7362817.1
7362817.3
7362817.4
7362817.5
7362817.1
7362817.1
7362817.1
7362817.1
7362817.1
7362817
7362817
7362817
7362817
7362817
7362817
7362817
7362817
7362817
7362817
7362816.9
7362816.9
7362816.9
7362816.8
7362816.8
7362816.8
7362816.7
7362816.7
7362816.7
7362816.6
7362816.6
7362816.6
7362816.6
7362816.6
7362816.6
7362816.7
7362816.8
7362816.8
7362816.9
7362817
7362817.1
7362817.2
7362817.3
7362817.4
7362817.6
7362817.1
7362817.1
7362817.1
7362817.1
7362817.1
7362817.1
7362817.1
7362817.1
7362817.1
7362817
7362817
7362817
7362817
7362817
7362817
7362817
7362816.9
7362816.9
7362816.9
7362816.8
7362816.8
7362816.8
7362816.7
7362816.7
7362816.7
7362816.6
7362816.6
7362816.6
7362816.6
7362816.7
7362816.7
7362816.8
7362816.8
7362816.9
7362817
7362817.1
7362817.2
7362817.3
7362817.4
7362817.6
7362817.1
7362817.1
7362817.1
7362817.1
7362817.1
7362817.1
7362817.1
7362817.1
7362817.1
7362817.1
7362817.1
7362817
7362817
7362817
7362817
7362817
7362816.9
7362816.9
7362816.9
7362816.9
7362816.8
7362816.8
7362816.7
7362816.7
7362816.7
7362816.7
7362816.6
7362816.6
7362816.7
7362816.7
7362816.7
7362816.8
7362816.9
7362816.9
7362817
7362817.1
7362817.2
7362817.3
7362817.4
7362817.6
7362817.1
7362817.1
7362817.1
7362817.1
7362817.1
7362817.1
7362817.1
7362817.1
7362817.1
7362817.1
7362817.1
7362817.1
7362817
7362817
7362817
7362817
7362817
7362816.9
7362816.9
7362816.9
7362816.8
7362816.8
7362816.8
7362816.7
7362816.7
7362816.7
7362816.7
7362816.7
7362816.7
7362816.7
7362816.8
7362816.8
7362816.9
7362817
7362817
7362817.1
7362817.2
7362817.4
7362817.4
7362817.6
7362817.1
7362817.1
7362817.1
7362817.1
7362817.1
7362817.1
7362817.1
7362817.1
7362817.1
7362817.1
7362817.1
7362817.1
7362817.1
7362817
7362817
7362817
7362817
7362816.9
7362816.9
7362816.9
7362816.8
7362816.8
7362816.8
7362816.7
7362816.7
7362816.7
7362816.7
7362816.7
7362816.7
7362816.7
7362816.8
7362816.8
7362816.9
7362817
7362817.1
7362817.2
7362817.2
7362817.4
7362817.5
7362817.6
7362817.1
7362817.1
7362817.1
7362817.1
7362817.1
7362817.1
7362817.1
7362817.1
7362817.1
7362817.1
7362817.1
7362817.1
7362817.1
7362817.1
7362817
7362817
7362817
7362817
7362816.9
7362816.9
7362816.9
7362816.8
7362816.8
7362816.7
7362816.7
7362816.7
7362816.7
7362816.7
7362816.7
7362816.7
7362816.8
7362816.8
7362816.9
7362817
7362817.1
7362817.2
7362817.3
7362817.4
7362817.5
7362817.6
7362817.1
7362817.1
7362817.1
7362817.1
7362817.1
7362817.1
7362817.1
7362817.1
7362817.1
7362817.1
7362817.1
7362817.1
7362817.1
7362817.1
7362817
7362817
7362817
7362817
7362816.9
7362816.9
7362816.9
7362816.8
7362816.8
7362816.8
7362816.7
7362816.7
7362816.7
7362816.7
7362816.7
7362816.7
7362816.8
7362816.8
7362816.9
7362817
7362817.1
7362817.2
7362817.3
7362817.4
7362817.5
7362817.6
7362817.1
7362817.1
7362817.1
7362817.1
7362817.1
7362817.1
7362817.1
7362817.1
7362817.1
7362817.1
7362817.1
7362817.1
7362817.1
7362817.1
7362817
7362817
7362817
7362817
7362816.9
7362816.9
7362816.9
7362816.8
7362816.8
7362816.8
7362816.7
7362816.7
7362816.7
7362816.7
7362816.7
7362816.7
7362816.8
7362816.8
7362816.9
7362817
7362817.1
7362817.2
7362817.3
7362817.4
7362817.5
7362817.6
7362817.1
7362817.1
7362817.1
7362817.1
7362817.1
7362817.1
7362817.1
7362817.1
7362817.1
7362817.1
7362817.1
7362817.1
7362817.1
7362817.1
7362817
7362817
7362817
7362817
7362816.9
7362816.9
7362816.9
7362816.8
7362816.8
7362816.8
7362816.7
7362816.7
7362816.7
7362816.7
7362816.7
7362816.7
7362816.8
7362816.8
7362816.9
7362817
7362817.1
7362817.2
7362817.3
7362817.4
7362817.5
7362817.6
7362817.2
7362817.2
7362817.2
7362817.1
7362817.1
7362817.1
7362817.1
7362817.1
7362817.1
7362817.1
7362817.1
7362817.1
7362817.1
7362817.1
7362817.1
7362817
7362817
7362817
7362816.9
7362816.9
7362816.9
7362816.8
7362816.8
7362816.8
7362816.7
7362816.7
7362816.7
7362816.7
7362816.7
7362816.8
7362816.8
7362816.9
7362816.9
7362817
7362817.1
7362817.2
7362817.3
7362817.4
7362817.5
7362817.6
)
;

boundaryField
{
    piston
    {
        type            zeroGradient;
    }
    cylinderHead
    {
        type            zeroGradient;
    }
    cylinderWall
    {
        type            zeroGradient;
    }
    wedgeFront
    {
        type            wedge;
    }
    wedgeBack
    {
        type            wedge;
    }
    axis
    {
        type            empty;
    }
}


// ************************************************************************* //
