/*--------------------------------*- C++ -*----------------------------------*\
  =========                 |
  \\      /  F ield         | OpenFOAM: The Open Source CFD Toolbox
   \\    /   O peration     | Website:  https://openfoam.org
    \\  /    A nd           | Version:  13
     \\/     M anipulation  |
\*---------------------------------------------------------------------------*/
FoamFile
{
    format      ascii;
    class       volScalarField;
    location    "10";
    object      rho;
}
// * * * * * * * * * * * * * * * * * * * * * * * * * * * * * * * * * * * * * //

dimensions      [1 -3 0 0 0 0 0];

internalField   nonuniform List<scalar> 
4800
(
16.634638
16.633698
16.633353
16.633391
16.633368
16.633272
16.633217
16.633179
16.63319
16.633273
16.633494
16.633871
16.634493
16.635465
16.636957
16.639174
16.642508
16.64751
16.655037
16.666442
16.683655
16.707975
16.730985
16.710915
16.589254
16.457123
16.507502
17.0139
17.862148
18.109024
17.651911
17.031358
16.47213
16.322475
16.338086
16.329588
16.076033
15.514786
14.867732
14.074321
12.847482
12.847187
12.847078
12.84701
12.846882
12.846705
12.846539
12.846362
12.846187
12.846028
12.845925
12.845886
12.845969
12.846235
12.846794
12.847783
12.849466
12.85223
12.856707
12.863949
12.875589
12.892913
12.908193
12.884992
12.785386
12.716454
12.880858
13.409888
13.958525
14.11113
13.588321
12.998232
12.654288
12.578932
12.595056
12.585025
12.451429
12.195444
11.912264
11.582648
11.48249
11.482816
11.482958
11.482767
11.482515
11.482225
11.481909
11.481542
11.48112
11.480642
11.480117
11.479535
11.478908
11.478245
11.477568
11.476904
11.476326
11.475944
11.475949
11.476686
11.478734
11.482041
11.478986
11.442446
11.364174
11.360088
11.595922
12.070099
12.458956
12.439151
11.905735
11.44187
11.263209
11.23766
11.259173
11.258249
11.194757
11.076036
10.960535
10.859765
10.930797
10.931475
10.931758
10.931496
10.931175
10.930821
10.930419
10.929941
10.929374
10.928706
10.927927
10.927014
10.925949
10.924705
10.923248
10.921527
10.919486
10.917039
10.914057
10.910349
10.905614
10.898521
10.881173
10.831355
10.762001
10.792991
11.054645
11.469279
11.713205
11.576313
11.100868
10.774029
10.68606
10.689715
10.718574
10.726954
10.705122
10.662919
10.636632
10.654452
10.709477
10.710356
10.710714
10.710414
10.71006
10.709675
10.70923
10.708695
10.70805
10.707276
10.70635
10.70524
10.703907
10.702297
10.700335
10.697914
10.694881
10.690996
10.685874
10.678868
10.668842
10.653048
10.622859
10.55923
10.488228
10.534985
10.797239
11.14177
11.269956
11.079053
10.685986
10.468539
10.427025
10.453418
10.49224
10.510549
10.514416
10.51401
10.530445
10.602116
10.632593
10.633551
10.633934
10.633623
10.633265
10.632877
10.632424
10.631875
10.631208
10.630398
10.629417
10.628225
10.626772
10.624987
10.622772
10.619981
10.6164
10.611686
10.605276
10.59619
10.582606
10.560488
10.519873
10.442706
10.361719
10.410003
10.659858
10.926045
10.979121
10.773895
10.460744
10.31919
10.303843
10.347081
10.397575
10.425781
10.444755
10.464869
10.499035
10.590774
10.615452
10.616414
10.616794
10.616488
10.616138
10.61576
10.615316
10.614775
10.614115
10.61331
10.612328
10.611128
10.609655
10.607832
10.605549
10.602645
10.598879
10.593862
10.586946
10.576981
10.561749
10.536381
10.490313
10.40131
10.305043
10.342764
10.568716
10.768792
10.776747
10.576749
10.330148
10.234963
10.235533
10.295704
10.357299
10.394844
10.422603
10.451903
10.49161
10.589102
10.629309
10.630154
10.630481
10.630215
10.629917
10.629592
10.629209
10.628739
10.628162
10.627453
10.62658
10.625506
10.624172
10.622503
10.620388
10.61766
10.614066
10.609187
10.60231
10.592108
10.575735
10.547353
10.494089
10.393275
10.283277
10.302154
10.496746
10.648551
10.62984
10.443368
10.245126
10.174872
10.187183
10.264487
10.338706
10.384793
10.417777
10.450482
10.490991
10.58965
10.655984
10.656637
10.656884
10.656678
10.656449
10.656197
10.655898
10.655531
10.655077
10.654516
10.653823
10.652963
10.651889
10.650533
10.648799
10.646541
10.643527
10.639377
10.633415
10.624319
10.609102
10.581636
10.524174
10.409604
10.277309
10.273097
10.435442
10.553597
10.519371
10.348081
10.182194
10.125147
10.148878
10.24528
10.327693
10.382281
10.420382
10.45557
10.493628
10.590653
10.680619
10.681067
10.681233
10.68109
10.68093
10.680753
10.680542
10.680282
10.679961
10.679561
10.679066
10.678448
10.677672
10.676687
10.675417
10.673749
10.6715
10.668363
10.663777
10.656555
10.644106
10.619979
10.562735
10.440499
10.281916
10.250633
10.381848
10.476438
10.433764
10.276269
10.131788
10.083966
10.125044
10.238267
10.322149
10.382039
10.426804
10.463358
10.497259
10.591637
10.698523
10.698798
10.698897
10.698807
10.698706
10.698593
10.698458
10.698291
10.698083
10.697826
10.697504
10.697103
10.696596
10.695949
10.695111
10.694
10.69249
10.690357
10.687185
10.682055
10.672874
10.652913
10.60066
10.47754
10.29604
10.233185
10.334481
10.412309
10.365602
10.219766
10.090479
10.052008
10.116893
10.240475
10.321009
10.382967
10.434839
10.472853
10.501373
10.592576
10.709723
10.709876
10.70993
10.709877
10.709818
10.709752
10.709672
10.709573
10.709451
10.709298
10.709108
10.708869
10.708566
10.708179
10.707674
10.707001
10.706079
10.704762
10.702765
10.699477
10.693336
10.677814
10.63362
10.516039
10.317436
10.220521
10.292463
10.357976
10.310075
10.174011
10.056629
10.028304
10.119964
10.259146
10.328302
10.385666
10.444177
10.483945
10.505827
10.593475
10.715897
10.715973
10.715999
10.715971
10.71594
10.715904
10.715861
10.715809
10.715743
10.715662
10.71556
10.715433
10.715271
10.715062
10.714788
10.71442
10.713909
10.713169
10.712021
10.71009
10.706188
10.695039
10.660035
10.553134
10.344933
10.213403
10.255286
10.311149
10.263991
10.136317
10.029067
10.01178
10.138662
10.291949
10.348362
10.392557
10.455175
10.496675
10.510539
10.594336
10.718966
10.719002
10.719013
10.718999
10.718982
10.718963
10.718941
10.718913
10.718879
10.718837
10.718784
10.718718
10.718635
10.718527
10.718386
10.718197
10.717933
10.717548
10.716949
10.715919
10.713559
10.706143
10.679944
10.587254
10.377481
10.210803
10.222753
10.270153
10.225145
10.104956
10.006624
10.001237
10.169116
10.334484
10.381644
10.406873
10.468215
10.511315
10.515441
10.595162
10.720398
10.720414
10.720418
10.72041
10.720401
10.720391
10.720379
10.720365
10.720347
10.720325
10.720298
10.720264
10.720222
10.720167
10.720096
10.72
10.719866
10.719671
10.719369
10.718837
10.717502
10.712888
10.694216
10.617339
10.414304
10.213368
10.194953
10.233742
10.191916
10.078762
9.9882964
9.9971774
10.207554
10.381236
10.425016
10.431187
10.484009
10.527891
10.52047
10.595951
10.721013
10.72102
10.721021
10.721016
10.721011
10.721005
10.720998
10.72099
10.72098
10.720968
10.720954
10.720936
10.720914
10.720886
10.72085
10.720801
10.720734
10.720635
10.720486
10.720216
10.719483
10.716778
10.704027
10.642845
10.453835
10.223186
10.171805
10.200991
10.163048
10.056858
9.9729078
9.9977402
10.250525
10.427467
10.473274
10.465736
10.503608
10.546117
10.525523
10.596703
10.721245
10.721247
10.721247
10.721244
10.72124
10.721236
10.721232
10.721226
10.72122
10.721213
10.721205
10.721194
10.721182
10.721166
10.721146
10.72112
10.721085
10.721034
10.720958
10.720819
10.720435
10.71892
10.71053
10.663687
10.494288
10.241325
10.15351
10.171268
10.137503
10.038309
9.9599369
10.007124
10.295085
10.470631
10.520771
10.507576
10.527586
10.565546
10.530538
10.597415
10.72131
10.721311
10.72131
10.721307
10.721304
10.721301
10.721298
10.721294
10.721289
10.721284
10.721278
10.721271
10.721263
10.721253
10.72124
10.721224
10.721202
10.721172
10.72113
10.721056
10.720863
10.720043
10.714705
10.680131
10.533888
10.268274
10.141764
10.144202
10.114408
10.022319
9.949129
10.02905
10.339042
10.509716
10.563546
10.551625
10.555511
10.585513
10.535499
10.598085
10.721316
10.721316
10.721315
10.721312
10.72131
10.721307
10.721304
10.7213
10.721296
10.721292
10.721287
10.721281
10.721274
10.721266
10.721256
10.721243
10.721227
10.721204
10.721173
10.721129
10.721033
10.720601
10.717311
10.692676
10.571055
10.304136
10.136826
10.119696
10.093072
10.008185
9.9395554
10.065005
10.381124
10.544517
10.59983
10.592742
10.585844
10.605084
10.540407
10.59871
10.721285
10.721284
10.721283
10.721281
10.721278
10.721276
10.721273
10.72127
10.721266
10.721262
10.721258
10.721253
10.721247
10.72124
10.721232
10.721222
10.721208
10.721191
10.721168
10.72114
10.721084
10.720861
10.718892
10.701937
10.604783
10.347589
10.138607
10.098319
10.073066
9.9955683
9.9341046
10.113055
10.420819
10.575175
10.629418
10.627603
10.615684
10.62331
10.545276
10.599285
10.72124
10.721239
10.721238
10.721236
10.721234
10.721231
10.721228
10.721225
10.721222
10.721218
10.721214
10.721209
10.721204
10.721197
10.72119
10.72118
10.721168
10.721153
10.721134
10.721117
10.72109
10.720967
10.719825
10.708547
10.634138
10.396874
10.15027
10.081233
10.054324
9.9843313
9.933682
10.168412
10.457989
10.601932
10.652864
10.655131
10.642286
10.638824
10.55013
10.599806
10.721191
10.721191
10.721189
10.721187
10.721185
10.721182
10.721179
10.721176
10.721173
10.721169
10.721165
10.721161
10.721155
10.721149
10.721141
10.721132
10.721121
10.721106
10.721089
10.721079
10.721065
10.720999
10.720356
10.713106
10.658527
10.449496
10.174651
10.071965
10.037222
9.9745759
9.9468492
10.224351
10.493972
10.624988
10.670961
10.675747
10.664075
10.650802
10.554761
10.600267
10.721141
10.72114
10.721139
10.721137
10.721135
10.721132
10.721129
10.721126
10.721123
10.721119
10.721115
10.721111
10.721105
10.721099
10.721092
10.721083
10.721071
10.721057
10.721042
10.721034
10.721027
10.720996
10.720639
10.716141
10.677819
10.502363
10.211799
10.069717
10.023719
9.9691683
9.9784828
10.278817
10.528835
10.645046
10.684863
10.690555
10.680614
10.659769
10.558837
10.60066
10.721091
10.72109
10.721088
10.721086
10.721084
10.721082
10.721079
10.721076
10.721073
10.721069
10.721065
10.72106
10.721055
10.721049
10.721042
10.721033
10.721021
10.721007
10.720995
10.720988
10.720983
10.72097
10.720775
10.718086
10.692334
10.552393
10.261348
10.076636
10.017546
9.9681022
10.024994
10.333843
10.561818
10.662233
10.695405
10.700817
10.692347
10.666293
10.562359
10.601001
10.72104
10.72104
10.721038
10.721036
10.721034
10.721031
10.721029
10.721026
10.721022
10.721019
10.721015
10.72101
10.721005
10.720999
10.720991
10.720982
10.720971
10.720958
10.720947
10.720942
10.720938
10.720933
10.720829
10.719284
10.702718
10.597013
10.321052
10.097154
10.017883
9.9762354
10.082913
10.389087
10.592241
10.676608
10.703228
10.707698
10.700221
10.670903
10.565352
10.601323
10.72099
10.720989
10.720988
10.720986
10.720984
10.720981
10.720978
10.720975
10.720972
10.720968
10.720964
10.72096
10.720955
10.720948
10.720941
10.720932
10.720921
10.720908
10.7209
10.720895
10.720892
10.720891
10.720842
10.719989
10.709785
10.634154
10.386135
10.13341
10.029202
9.9996671
10.150082
10.44315
10.619523
10.6883
10.708883
10.712168
10.705255
10.674097
10.567908
10.601623
10.72094
10.720939
10.720938
10.720936
10.720933
10.720931
10.720928
10.720925
10.720922
10.720918
10.720914
10.72091
10.720904
10.720898
10.720891
10.720882
10.720872
10.720859
10.720853
10.720848
10.720846
10.720847
10.720829
10.720377
10.714357
10.662409
10.451323
10.18496
10.057324
10.041726
10.224392
10.494372
10.643237
10.697526
10.712854
10.714985
10.708341
10.676295
10.570105
10.6019
10.72089
10.720889
10.720888
10.720886
10.720884
10.720881
10.720878
10.720875
10.720872
10.720869
10.720864
10.72086
10.720855
10.720849
10.720841
10.720833
10.720822
10.720811
10.720805
10.720801
10.7208
10.720802
10.720798
10.720568
10.717174
10.682839
10.512336
10.248673
10.103348
10.102101
10.302082
10.541619
10.663165
10.704573
10.715558
10.716709
10.710166
10.677821
10.572008
10.602153
10.720841
10.72084
10.720838
10.720836
10.720834
10.720832
10.720829
10.720826
10.720823
10.720819
10.720815
10.72081
10.720805
10.720799
10.720792
10.720783
10.720773
10.720763
10.720758
10.720754
10.720753
10.720756
10.72076
10.720647
10.718825
10.696978
10.565935
10.319997
10.165391
10.177567
10.379261
10.583605
10.679309
10.709771
10.71734
10.717737
10.711215
10.678912
10.573665
10.602381
10.720791
10.720791
10.720789
10.720787
10.720785
10.720782
10.72078
10.720777
10.720773
10.72077
10.720766
10.720761
10.720756
10.72075
10.720743
10.720734
10.720724
10.720716
10.720712
10.720708
10.720707
10.720711
10.720718
10.72067
10.719729
10.706356
10.610307
10.39371
10.239523
10.262522
10.452099
10.619378
10.691883
10.713469
10.718474
10.718335
10.711805
10.679731
10.575116
10.602586
10.720743
10.720742
10.72074
10.720738
10.720736
10.720734
10.720731
10.720728
10.720725
10.720721
10.720717
10.720712
10.720707
10.720701
10.720694
10.720686
10.720675
10.720669
10.720665
10.720662
10.720661
10.720665
10.720674
10.720661
10.720189
10.712316
10.645118
10.464651
10.320108
10.350162
10.517389
10.648519
10.701279
10.716002
10.719168
10.718673
10.712136
10.680386
10.576392
10.602768
10.720694
10.720693
10.720692
10.72069
10.720688
10.720685
10.720682
10.720679
10.720676
10.720673
10.720668
10.720664
10.720659
10.720653
10.720646
10.720637
10.720628
10.720623
10.720619
10.720616
10.720615
10.720619
10.720629
10.720633
10.720403
10.715944
10.671045
10.528607
10.400944
10.433832
10.572894
10.671174
10.708007
10.717669
10.719575
10.718844
10.712327
10.680942
10.577516
10.602929
10.720646
10.720645
10.720644
10.720642
10.72064
10.720637
10.720634
10.720631
10.720628
10.720625
10.72062
10.720616
10.720611
10.720605
10.720598
10.720589
10.720581
10.720577
10.720573
10.72057
10.72057
10.720574
10.720584
10.720594
10.720487
10.71806
10.689392
10.582803
10.476389
10.508258
10.617596
10.687963
10.71262
10.71872
10.719794
10.71892
10.712445
10.681435
10.578511
10.603071
10.720599
10.720598
10.720596
10.720594
10.720592
10.72059
10.720587
10.720584
10.720581
10.720577
10.720573
10.720568
10.720563
10.720557
10.72055
10.720542
10.720535
10.720531
10.720527
10.720525
10.720524
10.720529
10.720538
10.720552
10.720509
10.71924
10.701735
10.626057
10.542246
10.570259
10.651709
10.699816
10.715648
10.719352
10.719896
10.718943
10.712524
10.681887
10.579392
10.603195
10.720552
10.720551
10.720549
10.720547
10.720545
10.720543
10.72054
10.720537
10.720534
10.72053
10.720526
10.720521
10.720516
10.72051
10.720503
10.720495
10.720489
10.720486
10.720482
10.720479
10.720479
10.720484
10.720493
10.720507
10.7205
10.719858
10.709633
10.658612
10.596192
10.618818
10.676393
10.707797
10.717549
10.719711
10.719934
10.718945
10.712584
10.682306
10.580174
10.603303
10.720505
10.720504
10.720503
10.720501
10.720498
10.720496
10.720493
10.72049
10.720487
10.720483
10.720479
10.720475
10.720469
10.720463
10.720457
10.720449
10.720444
10.720441
10.720437
10.720435
10.720435
10.720439
10.720448
10.720462
10.72047
10.720158
10.714443
10.68175
10.637757
10.654682
10.693342
10.712923
10.718687
10.71989
10.71994
10.718928
10.712631
10.682696
10.580869
10.603395
10.720459
10.720458
10.720457
10.720455
10.720452
10.72045
10.720447
10.720444
10.720441
10.720437
10.720433
10.720429
10.720423
10.720417
10.720411
10.720403
10.7204
10.720396
10.720393
10.72039
10.720391
10.720395
10.720404
10.720417
10.720431
10.720286
10.71723
10.697295
10.667931
10.679718
10.704398
10.716064
10.719334
10.719967
10.719926
10.718902
10.712672
10.683059
10.581488
10.603473
10.720414
10.720413
10.720411
10.720409
10.720407
10.720405
10.720402
10.720399
10.720396
10.720392
10.720388
10.720383
10.720378
10.720372
10.720365
10.720359
10.720356
10.720352
10.720349
10.720347
10.720347
10.720351
10.720359
10.720373
10.720389
10.720327
10.718765
10.707182
10.688598
10.69627
10.711254
10.717896
10.719672
10.719989
10.719898
10.718871
10.712706
10.683395
10.582038
10.603538
10.720369
10.720368
10.720366
10.720364
10.720362
10.72036
10.720357
10.720354
10.720351
10.720347
10.720343
10.720338
10.720333
10.720327
10.72032
10.720315
10.720312
10.720309
10.720306
10.720303
10.720303
10.720307
10.720315
10.720328
10.720345
10.720328
10.719556
10.71314
10.701973
10.706648
10.715298
10.718912
10.71983
10.719986
10.719863
10.718839
10.712736
10.683705
10.582527
10.603591
10.720324
10.720324
10.720322
10.72032
10.720318
10.720315
10.720313
10.72031
10.720306
10.720303
10.720299
10.720294
10.720289
10.720283
10.720276
10.720272
10.720269
10.720266
10.720263
10.72026
10.72026
10.720264
10.720271
10.720284
10.720301
10.720304
10.719934
10.716545
10.710159
10.712825
10.717567
10.719434
10.719892
10.719962
10.719825
10.718806
10.712762
10.683991
10.582963
10.603634
10.720281
10.72028
10.720278
10.720276
10.720274
10.720272
10.720269
10.720266
10.720262
10.720259
10.720255
10.72025
10.720245
10.720239
10.720232
10.720229
10.720227
10.720223
10.72022
10.720218
10.720217
10.720221
10.720228
10.72024
10.720257
10.720268
10.720095
10.718385
10.7149
10.716317
10.718769
10.719683
10.719907
10.719929
10.719785
10.718773
10.712783
10.684253
10.583351
10.603667
10.720237
10.720237
10.720235
10.720233
10.720231
10.720228
10.720226
10.720223
10.720219
10.720216
10.720211
10.720207
10.720202
10.720196
10.72019
10.720187
10.720185
10.720182
10.720178
10.720176
10.720175
10.720178
10.720185
10.720197
10.720214
10.720227
10.720147
10.719314
10.717498
10.718185
10.719364
10.719787
10.719895
10.719891
10.719745
10.71874
10.712802
10.684493
10.583696
10.603691
10.720195
10.720194
10.720192
10.72019
10.720188
10.720186
10.720183
10.72018
10.720177
10.720173
10.720169
10.720164
10.720159
10.720153
10.720148
10.720146
10.720143
10.72014
10.720137
10.720134
10.720134
10.720136
10.720143
10.720155
10.72017
10.720184
10.720152
10.71975
10.71883
10.719119
10.719639
10.719817
10.719867
10.719853
10.719705
10.718707
10.712816
10.684712
10.584002
10.603707
10.720153
10.720152
10.72015
10.720148
10.720146
10.720144
10.720141
10.720138
10.720135
10.720131
10.720127
10.720122
10.720117
10.720111
10.720107
10.720105
10.720102
10.720099
10.720096
10.720093
10.720092
10.720095
10.720101
10.720112
10.720127
10.720141
10.72013
10.719933
10.71947
10.719559
10.71975
10.719817
10.719833
10.719813
10.719665
10.718675
10.712827
10.684912
10.584275
10.603714
10.720111
10.72011
10.720109
10.720107
10.720105
10.720102
10.720099
10.720096
10.720093
10.720089
10.720085
10.720081
10.720075
10.72007
10.720066
10.720064
10.720062
10.720059
10.720055
10.720052
10.720052
10.720054
10.72006
10.720071
10.720085
10.720097
10.720094
10.719993
10.719753
10.719745
10.719783
10.719796
10.719797
10.719774
10.719626
10.718642
10.712836
10.685094
10.584517
10.603715
10.720071
10.72007
10.720068
10.720066
10.720064
10.720061
10.720059
10.720056
10.720052
10.720049
10.720044
10.72004
10.720034
10.720029
10.720027
10.720025
10.720022
10.720019
10.720015
10.720012
10.720012
10.720014
10.72002
10.72003
10.720042
10.720054
10.720053
10.72
10.71986
10.719809
10.719783
10.719765
10.719759
10.719735
10.719588
10.718609
10.712841
10.685258
10.584732
10.60371
10.72003
10.720029
10.720028
10.720026
10.720024
10.720021
10.720018
10.720015
10.720012
10.720008
10.720004
10.719999
10.719994
10.71999
10.719987
10.719986
10.719983
10.71998
10.719976
10.719973
10.719972
10.719974
10.71998
10.719989
10.720001
10.720011
10.720011
10.719979
10.719888
10.719822
10.719762
10.719732
10.719722
10.719696
10.71955
10.718577
10.712844
10.685408
10.584922
10.603699
10.719991
10.71999
10.719988
10.719986
10.719984
10.719981
10.719979
10.719976
10.719972
10.719968
10.719964
10.71996
10.719955
10.719951
10.719949
10.719947
10.719944
10.719941
10.719937
10.719934
10.719933
10.719935
10.71994
10.719949
10.71996
10.719969
10.719968
10.719944
10.719879
10.719807
10.719732
10.719697
10.719685
10.719659
10.719513
10.718545
10.712845
10.685544
10.585091
10.603683
10.719951
10.719951
10.719949
10.719947
10.719945
10.719942
10.719939
10.719936
10.719933
10.719929
10.719925
10.719921
10.719916
10.719913
10.719911
10.719909
10.719906
10.719903
10.719899
10.719896
10.719895
10.719896
10.719901
10.719909
10.719919
10.719928
10.719926
10.719904
10.719851
10.719778
10.7197
10.719661
10.719648
10.719621
10.719476
10.718513
10.712843
10.685666
10.585239
10.603661
10.719913
10.719912
10.71991
10.719908
10.719906
10.719904
10.719901
10.719898
10.719895
10.719891
10.719887
10.719882
10.719878
10.719875
10.719873
10.719871
10.719869
10.719865
10.719862
10.719858
10.719857
10.719858
10.719863
10.71987
10.719879
10.719886
10.719884
10.719864
10.719815
10.719744
10.719666
10.719627
10.719612
10.719585
10.71944
10.718481
10.712839
10.685776
10.58537
10.603635
10.719875
10.719874
10.719872
10.71987
10.719868
10.719866
10.719863
10.71986
10.719857
10.719853
10.719849
10.719844
10.71984
10.719838
10.719836
10.719835
10.719832
10.719829
10.719825
10.719821
10.71982
10.719821
10.719825
10.719832
10.71984
10.719846
10.719843
10.719823
10.719777
10.719709
10.719632
10.719592
10.719576
10.719549
10.719405
10.71845
10.712833
10.685876
10.585485
10.603604
10.719838
10.719837
10.719835
10.719833
10.719831
10.719828
10.719826
10.719823
10.719819
10.719816
10.719811
10.719807
10.719804
10.719802
10.7198
10.719798
10.719796
10.719792
10.719788
10.719785
10.719783
10.719784
10.719787
10.719794
10.719801
10.719806
10.719802
10.719782
10.719738
10.719673
10.719599
10.719558
10.719541
10.719514
10.71937
10.718419
10.712826
10.685965
10.585586
10.60357
10.719801
10.7198
10.719798
10.719796
10.719794
10.719792
10.719789
10.719786
10.719782
10.719779
10.719775
10.719771
10.719768
10.719766
10.719764
10.719762
10.71976
10.719756
10.719752
10.719749
10.719747
10.719747
10.719751
10.719756
10.719763
10.719767
10.719762
10.719742
10.7197
10.719637
10.719566
10.719525
10.719507
10.719479
10.719336
10.718388
10.712817
10.686045
10.585673
10.603531
10.719765
10.719764
10.719762
10.71976
10.719758
10.719755
10.719753
10.71975
10.719746
10.719743
10.719739
10.719735
10.719733
10.719731
10.719729
10.719727
10.719725
10.719721
10.719717
10.719713
10.719711
10.719712
10.719714
10.719719
10.719725
10.719728
10.719723
10.719703
10.719662
10.719602
10.719533
10.719492
10.719473
10.719445
10.719302
10.718358
10.712807
10.686116
10.585748
10.603488
10.719729
10.719728
10.719727
10.719725
10.719722
10.71972
10.719717
10.719714
10.719711
10.719707
10.719703
10.7197
10.719698
10.719696
10.719695
10.719693
10.71969
10.719686
10.719682
10.719678
10.719676
10.719676
10.719679
10.719683
10.719688
10.71969
10.719685
10.719665
10.719625
10.719567
10.719501
10.71946
10.71944
10.719412
10.719269
10.718328
10.712795
10.686179
10.585813
10.603442
10.719694
10.719693
10.719691
10.719689
10.719687
10.719685
10.719682
10.719679
10.719676
10.719672
10.719669
10.719666
10.719664
10.719662
10.719661
10.719658
10.719656
10.719652
10.719648
10.719644
10.719642
10.719641
10.719643
10.719647
10.719651
10.719653
10.719647
10.719627
10.719588
10.719533
10.71947
10.719428
10.719408
10.719379
10.719237
10.718298
10.712783
10.686235
10.585868
10.603392
10.71966
10.719659
10.719657
10.719655
10.719653
10.71965
10.719648
10.719644
10.719641
10.719638
10.719635
10.719633
10.719631
10.719629
10.719627
10.719625
10.719622
10.719618
10.719614
10.71961
10.719608
10.719607
10.719609
10.719612
10.719615
10.719616
10.719609
10.719589
10.719552
10.719499
10.719439
10.719396
10.719376
10.719347
10.719205
10.718269
10.712769
10.686284
10.585914
10.603338
10.719626
10.719625
10.719623
10.719621
10.719619
10.719616
10.719614
10.719611
10.719607
10.719604
10.719602
10.7196
10.719598
10.719596
10.719594
10.719592
10.719589
10.719585
10.719581
10.719577
10.719574
10.719573
10.719575
10.719577
10.71958
10.71958
10.719573
10.719553
10.719517
10.719465
10.719408
10.719366
10.719345
10.719315
10.719173
10.71824
10.712754
10.686327
10.585951
10.603282
10.719592
10.719591
10.71959
10.719588
10.719586
10.719583
10.71958
10.719577
10.719574
10.719571
10.719569
10.719567
10.719566
10.719564
10.719562
10.719559
10.719557
10.719553
10.719548
10.719544
10.719541
10.71954
10.719541
10.719543
10.719545
10.719544
10.719537
10.719517
10.719482
10.719433
10.719377
10.719335
10.719314
10.719285
10.719143
10.718211
10.712738
10.686364
10.585981
10.603222
10.71956
10.719559
10.719557
10.719555
10.719553
10.71955
10.719548
10.719545
10.719542
10.719539
10.719537
10.719536
10.719534
10.719532
10.71953
10.719528
10.719525
10.719521
10.719516
10.719512
10.719509
10.719508
10.719508
10.71951
10.719511
10.71951
10.719501
10.719482
10.719448
10.719401
10.719348
10.719306
10.719284
10.719254
10.719113
10.718183
10.712722
10.686396
10.586004
10.603158
10.719527
10.719526
10.719525
10.719523
10.719521
10.719518
10.719516
10.719513
10.71951
10.719508
10.719506
10.719504
10.719502
10.7195
10.719498
10.719496
10.719493
10.719489
10.719485
10.71948
10.719477
10.719475
10.719475
10.719477
10.719477
10.719475
10.719467
10.719447
10.719414
10.719369
10.719318
10.719277
10.719254
10.719225
10.719083
10.718155
10.712704
10.686423
10.586021
10.603092
10.719496
10.719495
10.719493
10.719491
10.719489
10.719487
10.719484
10.719482
10.719479
10.719477
10.719476
10.719474
10.719472
10.71947
10.719468
10.719465
10.719462
10.719458
10.719454
10.719449
10.719446
10.719444
10.719443
10.719444
10.719444
10.719442
10.719433
10.719414
10.719381
10.719338
10.719289
10.719248
10.719225
10.719195
10.719054
10.718127
10.712687
10.686445
10.586032
10.603022
10.719465
10.719464
10.719462
10.71946
10.719458
10.719456
10.719453
10.719451
10.719449
10.719447
10.719445
10.719443
10.719442
10.71944
10.719437
10.719435
10.719432
10.719428
10.719423
10.719418
10.719415
10.719413
10.719412
10.719412
10.719412
10.719409
10.7194
10.71938
10.719349
10.719307
10.71926
10.71922
10.719197
10.719167
10.719025
10.7181
10.712668
10.686463
10.586037
10.602948
10.719434
10.719433
10.719432
10.71943
10.719428
10.719426
10.719424
10.719422
10.71942
10.719418
10.719416
10.719414
10.719412
10.71941
10.719408
10.719405
10.719402
10.719398
10.719393
10.719388
10.719384
10.719382
10.719381
10.719381
10.71938
10.719376
10.719367
10.719348
10.719318
10.719277
10.719232
10.719193
10.719169
10.719139
10.718998
10.718073
10.712649
10.686477
10.586037
10.602871
10.719405
10.719404
10.719402
10.7194
10.719398
10.719396
10.719395
10.719393
10.719391
10.719389
10.719387
10.719385
10.719383
10.719381
10.719379
10.719376
10.719373
10.719369
10.719364
10.719359
10.719355
10.719352
10.719351
10.71935
10.719349
10.719345
10.719335
10.719316
10.719287
10.719248
10.719205
10.719166
10.719142
10.719111
10.71897
10.718047
10.71263
10.686487
10.586032
10.602791
10.719376
10.719375
10.719373
10.719372
10.71937
10.719368
10.719366
10.719364
10.719362
10.71936
10.719358
10.719356
10.719354
10.719352
10.71935
10.719347
10.719344
10.71934
10.719335
10.71933
10.719325
10.719323
10.719321
10.71932
10.719318
10.719314
10.719304
10.719285
10.719256
10.719219
10.719177
10.71914
10.719115
10.719085
10.718943
10.718021
10.71261
10.686494
10.586023
10.602706
10.719347
10.719347
10.719345
10.719343
10.719342
10.71934
10.719338
10.719336
10.719334
10.719332
10.71933
10.719328
10.719326
10.719324
10.719322
10.719319
10.719316
10.719311
10.719306
10.719301
10.719297
10.719294
10.719292
10.71929
10.719288
10.719283
10.719273
10.719255
10.719227
10.719191
10.719151
10.719114
10.719089
10.719058
10.718917
10.717995
10.71259
10.686498
10.58601
10.602617
10.71932
10.719319
10.719318
10.719316
10.719314
10.719313
10.719311
10.719309
10.719307
10.719305
10.719303
10.719301
10.719299
10.719296
10.719294
10.719291
10.719288
10.719284
10.719278
10.719273
10.719268
10.719265
10.719263
10.719261
10.719258
10.719253
10.719243
10.719225
10.719198
10.719163
10.719124
10.719088
10.719064
10.719033
10.718891
10.71797
10.71257
10.686498
10.585992
10.602524
10.719293
10.719292
10.719291
10.719289
10.719287
10.719286
10.719284
10.719282
10.71928
10.719278
10.719276
10.719274
10.719272
10.719269
10.719267
10.719264
10.719261
10.719256
10.719251
10.719245
10.719241
10.719237
10.719235
10.719232
10.719229
10.719224
10.719213
10.719195
10.719169
10.719135
10.719098
10.719064
10.719039
10.719007
10.718866
10.717945
10.712549
10.686496
10.585971
10.602427
10.719267
10.719266
10.719264
10.719263
10.719261
10.719259
10.719257
10.719255
10.719253
10.719251
10.719249
10.719247
10.719245
10.719243
10.71924
10.719238
10.719234
10.71923
10.719224
10.719218
10.719213
10.71921
10.719207
10.719204
10.719201
10.719195
10.719184
10.719167
10.719141
10.719109
10.719073
10.71904
10.719014
10.718983
10.718841
10.717921
10.712528
10.686492
10.585946
10.602324
10.719241
10.71924
10.719239
10.719237
10.719235
10.719233
10.719232
10.719229
10.719228
10.719225
10.719223
10.719221
10.719219
10.719217
10.719214
10.719212
10.719208
10.719203
10.719198
10.719192
10.719187
10.719183
10.71918
10.719177
10.719173
10.719167
10.719156
10.719139
10.719114
10.719082
10.719048
10.719016
10.71899
10.718958
10.718817
10.717897
10.712507
10.686485
10.585918
10.602215
10.719216
10.719215
10.719213
10.719212
10.71921
10.719208
10.719206
10.719204
10.719202
10.7192
10.719198
10.719196
10.719194
10.719191
10.719189
10.719186
10.719182
10.719177
10.719172
10.719166
10.719161
10.719156
10.719153
10.71915
10.719146
10.719139
10.719128
10.719111
10.719087
10.719057
10.719024
10.718992
10.718967
10.718935
10.718793
10.717873
10.712486
10.686476
10.585886
10.602101
10.719191
10.71919
10.719188
10.719187
10.719185
10.719183
10.719181
10.719179
10.719177
10.719175
10.719173
10.719171
10.719169
10.719166
10.719164
10.719161
10.719157
10.719152
10.719146
10.71914
10.719135
10.71913
10.719127
10.719123
10.719119
10.719112
10.719101
10.719085
10.719061
10.719032
10.719
10.71897
10.718944
10.718912
10.71877
10.71785
10.712465
10.686465
10.585851
10.60198
10.719166
10.719166
10.719164
10.719163
10.719161
10.719159
10.719157
10.719155
10.719153
10.719151
10.719149
10.719146
10.719144
10.719142
10.719139
10.719136
10.719132
10.719127
10.719121
10.719115
10.71911
10.719105
10.719101
10.719097
10.719093
10.719086
10.719075
10.719058
10.719035
10.719007
10.718976
10.718947
10.718921
10.718889
10.718747
10.717827
10.712443
10.686452
10.585812
10.601851
10.719143
10.719142
10.71914
10.719139
10.719137
10.719135
10.719133
10.719131
10.719129
10.719127
10.719125
10.719123
10.71912
10.719118
10.719115
10.719112
10.719108
10.719103
10.719097
10.719091
10.719085
10.71908
10.719076
10.719072
10.719067
10.71906
10.719049
10.719033
10.71901
10.718983
10.718953
10.718925
10.718899
10.718867
10.718725
10.717805
10.712422
10.686437
10.58577
10.601714
10.719119
10.719119
10.719117
10.719115
10.719114
10.719112
10.71911
10.719108
10.719106
10.719104
10.719101
10.719099
10.719097
10.719094
10.719092
10.719088
10.719084
10.719079
10.719073
10.719067
10.719061
10.719056
10.719051
10.719047
10.719042
10.719034
10.719023
10.719007
10.718986
10.718959
10.718931
10.718903
10.718878
10.718846
10.718703
10.717783
10.7124
10.68642
10.585725
10.601567
10.719097
10.719096
10.719094
10.719093
10.719091
10.719089
10.719087
10.719085
10.719083
10.719081
10.719078
10.719076
10.719074
10.719071
10.719068
10.719065
10.719061
10.719056
10.71905
10.719043
10.719037
10.719032
10.719027
10.719022
10.719017
10.71901
10.718999
10.718983
10.718962
10.718936
10.718908
10.718882
10.718857
10.718825
10.718682
10.717762
10.712379
10.686402
10.585677
10.60141
10.719074
10.719073
10.719072
10.71907
10.719069
10.719067
10.719065
10.719063
10.71906
10.719058
10.719056
10.719054
10.719051
10.719049
10.719046
10.719043
10.719038
10.719033
10.719027
10.71902
10.719014
10.719008
10.719003
10.718999
10.718993
10.718985
10.718974
10.718959
10.718938
10.718913
10.718887
10.718861
10.718837
10.718804
10.718661
10.71774
10.712358
10.686382
10.585626
10.60124
10.719053
10.719052
10.71905
10.719048
10.719047
10.719045
10.719043
10.719041
10.719039
10.719036
10.719034
10.719032
10.719029
10.719027
10.719024
10.71902
10.719016
10.719011
10.719004
10.718997
10.718991
10.718985
10.71898
10.718975
10.718969
10.718962
10.718951
10.718935
10.718915
10.718891
10.718865
10.718841
10.718817
10.718784
10.718641
10.71772
10.712336
10.68636
10.585571
10.601056
10.719031
10.71903
10.719029
10.719027
10.719025
10.719023
10.719021
10.719019
10.719017
10.719015
10.719013
10.71901
10.719008
10.719005
10.719002
10.718999
10.718994
10.718989
10.718982
10.718975
10.718969
10.718963
10.718958
10.718952
10.718946
10.718938
10.718927
10.718912
10.718893
10.71887
10.718845
10.718821
10.718798
10.718765
10.718622
10.7177
10.712315
10.686337
10.585512
10.600855
10.71901
10.719009
10.719008
10.719006
10.719004
10.719003
10.719001
10.718998
10.718996
10.718994
10.718992
10.718989
10.718987
10.718984
10.718981
10.718977
10.718973
10.718967
10.718961
10.718954
10.718947
10.718941
10.718936
10.71893
10.718924
10.718916
10.718905
10.71889
10.718871
10.718848
10.718824
10.718801
10.718779
10.718746
10.718602
10.71768
10.712293
10.686312
10.58545
10.600636
10.71899
10.718989
10.718988
10.718986
10.718984
10.718982
10.71898
10.718978
10.718976
10.718974
10.718971
10.718969
10.718966
10.718963
10.71896
10.718957
10.718952
10.718946
10.71894
10.718932
10.718926
10.718919
10.718914
10.718908
10.718902
10.718894
10.718883
10.718868
10.718849
10.718828
10.718804
10.718782
10.71876
10.718727
10.718584
10.71766
10.712272
10.686286
10.585384
10.600395
10.71897
10.718969
10.718968
10.718966
10.718964
10.718962
10.71896
10.718958
10.718956
10.718954
10.718951
10.718949
10.718946
10.718943
10.71894
10.718936
10.718932
10.718926
10.718919
10.718912
10.718905
10.718898
10.718893
10.718887
10.71888
10.718872
10.718861
10.718847
10.718829
10.718807
10.718785
10.718763
10.718742
10.718709
10.718565
10.717642
10.712251
10.686259
10.585315
10.600129
10.718951
10.71895
10.718948
10.718947
10.718945
10.718943
10.718941
10.718939
10.718936
10.718934
10.718932
10.718929
10.718926
10.718923
10.71892
10.718917
10.718912
10.718906
10.718899
10.718892
10.718884
10.718878
10.718872
10.718866
10.718859
10.718851
10.71884
10.718826
10.718808
10.718788
10.718766
10.718745
10.718724
10.718692
10.718548
10.717623
10.71223
10.68623
10.585241
10.599832
10.718932
10.718931
10.718929
10.718928
10.718926
10.718924
10.718922
10.71892
10.718917
10.718915
10.718913
10.71891
10.718907
10.718904
10.718901
10.718897
10.718893
10.718887
10.718879
10.718872
10.718865
10.718858
10.718852
10.718845
10.718839
10.71883
10.718819
10.718805
10.718788
10.718768
10.718747
10.718727
10.718707
10.718675
10.71853
10.717605
10.712209
10.686199
10.585163
10.599501
10.718913
10.718912
10.718911
10.718909
10.718907
10.718905
10.718903
10.718901
10.718899
10.718896
10.718894
10.718891
10.718889
10.718886
10.718882
10.718878
10.718874
10.718867
10.71886
10.718852
10.718845
10.718838
10.718832
10.718826
10.718818
10.71881
10.718799
10.718786
10.718769
10.718749
10.718729
10.718709
10.71869
10.718658
10.718514
10.717587
10.712188
10.686167
10.585081
10.599128
10.718895
10.718894
10.718893
10.718891
10.718889
10.718887
10.718885
10.718883
10.718881
10.718878
10.718876
10.718873
10.71887
10.718867
10.718864
10.71886
10.718855
10.718849
10.718841
10.718834
10.718826
10.718819
10.718813
10.718806
10.718799
10.71879
10.71878
10.718766
10.71875
10.718731
10.718711
10.718692
10.718673
10.718642
10.718497
10.71757
10.712167
10.686134
10.584994
10.598707
10.718878
10.718877
10.718875
10.718873
10.718872
10.71887
10.718868
10.718865
10.718863
10.718861
10.718858
10.718855
10.718853
10.718849
10.718846
10.718842
10.718837
10.718831
10.718823
10.718815
10.718808
10.718801
10.718794
10.718787
10.71878
10.718771
10.718761
10.718747
10.718731
10.718713
10.718694
10.718675
10.718657
10.718626
10.718481
10.717553
10.712146
10.686099
10.584901
10.598228
10.718861
10.71886
10.718858
10.718856
10.718855
10.718853
10.71885
10.718848
10.718846
10.718843
10.718841
10.718838
10.718835
10.718832
10.718829
10.718824
10.718819
10.718813
10.718805
10.718797
10.71879
10.718782
10.718776
10.718769
10.718761
10.718753
10.718742
10.718729
10.718713
10.718696
10.718677
10.718659
10.718641
10.71861
10.718466
10.717537
10.712125
10.686062
10.584803
10.597681
10.718844
10.718843
10.718841
10.71884
10.718838
10.718836
10.718834
10.718831
10.718829
10.718827
10.718824
10.718821
10.718818
10.718815
10.718812
10.718807
10.718802
10.718796
10.718788
10.71878
10.718772
10.718765
10.718758
10.718751
10.718743
10.718734
10.718724
10.718711
10.718696
10.718679
10.718661
10.718643
10.718625
10.718595
10.718451
10.71752
10.712103
10.686023
10.584699
10.597054
10.718828
10.718827
10.718825
10.718823
10.718822
10.71882
10.718818
10.718815
10.718813
10.71881
10.718808
10.718805
10.718802
10.718799
10.718795
10.718791
10.718786
10.718779
10.718771
10.718763
10.718755
10.718747
10.71874
10.718733
10.718725
10.718717
10.718706
10.718694
10.718679
10.718662
10.718645
10.718628
10.71861
10.71858
10.718436
10.717504
10.712082
10.685982
10.584589
10.596331
10.718812
10.718811
10.718809
10.718808
10.718806
10.718804
10.718802
10.718799
10.718797
10.718795
10.718792
10.718789
10.718786
10.718783
10.718779
10.718775
10.718769
10.718763
10.718755
10.718746
10.718738
10.71873
10.718723
10.718716
10.718708
10.718699
10.718689
10.718677
10.718662
10.718646
10.718629
10.718613
10.718596
10.718566
10.718421
10.717489
10.71206
10.68594
10.584472
10.595495
10.718797
10.718796
10.718794
10.718792
10.718791
10.718789
10.718786
10.718784
10.718782
10.718779
10.718776
10.718774
10.71877
10.718767
10.718763
10.718759
10.718753
10.718747
10.718739
10.71873
10.718722
10.718714
10.718707
10.718699
10.718691
10.718683
10.718672
10.71866
10.718646
10.71863
10.718614
10.718598
10.718581
10.718552
10.718407
10.717473
10.712039
10.685895
10.584348
10.594524
10.718782
10.718781
10.718779
10.718777
10.718776
10.718774
10.718771
10.718769
10.718767
10.718764
10.718761
10.718759
10.718755
10.718752
10.718748
10.718744
10.718738
10.718731
10.718723
10.718714
10.718706
10.718698
10.718691
10.718683
10.718675
10.718666
10.718656
10.718644
10.71863
10.718615
10.718599
10.718583
10.718567
10.718538
10.718394
10.717458
10.712017
10.685847
10.584216
10.593393
10.718767
10.718766
10.718765
10.718763
10.718761
10.718759
10.718757
10.718755
10.718752
10.71875
10.718747
10.718744
10.718741
10.718737
10.718733
10.718729
10.718723
10.718716
10.718708
10.718699
10.718691
10.718683
10.718675
10.718667
10.718659
10.71865
10.71864
10.718628
10.718615
10.7186
10.718585
10.71857
10.718554
10.718525
10.71838
10.717443
10.711994
10.685796
10.584076
10.592072
10.718753
10.718752
10.718751
10.718749
10.718747
10.718745
10.718743
10.718741
10.718738
10.718735
10.718733
10.71873
10.718726
10.718723
10.718719
10.718714
10.718709
10.718701
10.718693
10.718684
10.718676
10.718667
10.71866
10.718652
10.718644
10.718635
10.718625
10.718613
10.7186
10.718586
10.718571
10.718556
10.718541
10.718512
10.718367
10.717429
10.711971
10.685742
10.583927
10.590527
10.71874
10.718739
10.718737
10.718735
10.718734
10.718731
10.718729
10.718727
10.718724
10.718722
10.718719
10.718716
10.718713
10.718709
10.718705
10.7187
10.718694
10.718687
10.718679
10.71867
10.718661
10.718653
10.718645
10.718637
10.718629
10.71862
10.71861
10.718599
10.718586
10.718571
10.718557
10.718543
10.718528
10.718499
10.718354
10.717415
10.711948
10.685685
10.583768
10.588714
10.718727
10.718726
10.718724
10.718722
10.71872
10.718718
10.718716
10.718714
10.718711
10.718708
10.718706
10.718703
10.718699
10.718695
10.718691
10.718687
10.718681
10.718673
10.718665
10.718656
10.718647
10.718639
10.718631
10.718623
10.718614
10.718605
10.718595
10.718584
10.718572
10.718558
10.718544
10.71853
10.718515
10.718487
10.718342
10.7174
10.711924
10.685623
10.583599
10.586587
10.718714
10.718713
10.718711
10.718709
10.718707
10.718705
10.718703
10.718701
10.718698
10.718695
10.718692
10.718689
10.718686
10.718682
10.718678
10.718673
10.718667
10.71866
10.718651
10.718642
10.718633
10.718625
10.718616
10.718608
10.7186
10.718591
10.718581
10.71857
10.718558
10.718544
10.718531
10.718517
10.718503
10.718475
10.71833
10.717386
10.7119
10.685556
10.583417
10.584089
10.718701
10.718699
10.718698
10.718696
10.718694
10.718692
10.71869
10.718687
10.718685
10.718682
10.718679
10.718676
10.718673
10.718669
10.718665
10.71866
10.718654
10.718646
10.718638
10.718628
10.718619
10.718611
10.718603
10.718594
10.718586
10.718577
10.718567
10.718556
10.718544
10.718531
10.718518
10.718505
10.718491
10.718463
10.718318
10.717372
10.711874
10.685484
10.583222
10.581154
10.718686
10.718685
10.718684
10.718682
10.71868
10.718678
10.718676
10.718673
10.718671
10.718668
10.718665
10.718662
10.718659
10.718655
10.718651
10.718646
10.71864
10.718632
10.718624
10.718614
10.718605
10.718597
10.718588
10.71858
10.718572
10.718563
10.718553
10.718543
10.718531
10.718518
10.718505
10.718492
10.718478
10.71845
10.718305
10.717357
10.711846
10.685404
10.583006
10.577712
10.718669
10.718668
10.718666
10.718664
10.718662
10.71866
10.718658
10.718656
10.718653
10.718651
10.718648
10.718645
10.718641
10.718638
10.718634
10.718629
10.718623
10.718616
10.718607
10.718598
10.718589
10.718581
10.718573
10.718565
10.718556
10.718548
10.718538
10.718527
10.718516
10.718503
10.71849
10.718477
10.718464
10.718436
10.71829
10.717339
10.711814
10.685314
10.582758
10.57368
10.718641
10.71864
10.718638
10.718637
10.718635
10.718633
10.718631
10.718628
10.718626
10.718624
10.718621
10.718618
10.718615
10.718612
10.718608
10.718604
10.718598
10.718592
10.718584
10.718575
10.718567
10.718559
10.718551
10.718544
10.718536
10.718528
10.718518
10.718508
10.718496
10.718483
10.71847
10.718457
10.718443
10.718414
10.718267
10.717313
10.711772
10.685207
10.582458
10.568972
10.718588
10.718587
10.718585
10.718584
10.718582
10.71858
10.718578
10.718576
10.718575
10.718573
10.71857
10.718568
10.718566
10.718564
10.718561
10.718558
10.718553
10.718548
10.718542
10.718535
10.718528
10.718522
10.718516
10.718509
10.718502
10.718495
10.718486
10.718475
10.718463
10.71845
10.718435
10.718421
10.718405
10.718375
10.718226
10.717268
10.711708
10.685068
10.582062
10.563498
10.718474
10.718473
10.718471
10.71847
10.718469
10.718467
10.718466
10.718465
10.718464
10.718463
10.718462
10.718461
10.718461
10.71846
10.71846
10.718459
10.718458
10.718456
10.718453
10.71845
10.718447
10.718444
10.718442
10.718439
10.718435
10.718429
10.718421
10.71841
10.718397
10.718381
10.718363
10.718345
10.718325
10.718291
10.718138
10.717173
10.711591
10.684862
10.58149
10.557174
10.71822
10.718219
10.718218
10.718217
10.718217
10.718216
10.718216
10.718217
10.718217
10.718219
10.71822
10.718223
10.718226
10.71823
10.718235
10.71824
10.718245
10.71825
10.718255
10.71826
10.718266
10.718272
10.718278
10.718282
10.718283
10.718282
10.718276
10.718264
10.718248
10.718226
10.718201
10.718174
10.718145
10.718102
10.71794
10.716963
10.711352
10.684514
10.580594
10.549943
10.717665
10.717663
10.717662
10.717663
10.717664
10.717665
10.717668
10.717671
10.717676
10.717682
10.717689
10.717698
10.717709
10.717722
10.717737
10.717754
10.717772
10.717792
10.717813
10.717836
10.71786
10.717884
10.717906
10.717926
10.71794
10.717947
10.717945
10.717933
10.71791
10.717876
10.717835
10.717789
10.71774
10.717679
10.717498
10.7165
10.710847
10.68387
10.579113
10.541795
10.716494
10.716491
10.716491
10.716494
10.716498
10.716503
10.716511
10.71652
10.716532
10.716547
10.716565
10.716586
10.716611
10.716641
10.716676
10.716715
10.71676
10.716808
10.716861
10.716917
10.716976
10.717036
10.717092
10.717142
10.717182
10.717207
10.717213
10.717198
10.717162
10.717104
10.717031
10.716948
10.716862
10.716764
10.716547
10.715511
10.709794
10.682633
10.576621
10.532833
10.714159
10.714155
10.714156
10.714163
10.714172
10.714185
10.714201
10.714221
10.714246
10.714276
10.714312
10.714356
10.714407
10.714467
10.714536
10.714616
10.714707
10.714807
10.714916
10.715033
10.715156
10.715279
10.715398
10.715505
10.715591
10.715649
10.715671
10.715652
10.715592
10.715492
10.71536
10.71521
10.715057
10.714893
10.714612
10.713508
10.707692
10.680286
10.572475
10.523363
10.709832
10.709825
10.709828
10.709841
10.709859
10.709883
10.709913
10.70995
10.709996
10.710051
10.710117
10.710196
10.710289
10.710398
10.710524
10.710669
10.710834
10.711017
10.711218
10.711435
10.711662
10.711892
10.712114
10.712315
10.71248
10.712595
10.712647
10.712624
10.712526
10.712357
10.712132
10.711875
10.711611
10.71134
10.710954
10.709736
10.70377
10.676053
10.565806
10.514076
10.702535
10.702522
10.702528
10.702551
10.702582
10.702622
10.702672
10.702735
10.702811
10.702903
10.703012
10.703142
10.703295
10.703474
10.703682
10.703921
10.704192
10.704496
10.70483
10.705191
10.705571
10.705957
10.706332
10.706674
10.70696
10.707163
10.707263
10.70724
10.707094
10.706831
10.706476
10.706068
10.705648
10.70522
10.704681
10.70329
10.697109
10.669029
10.555956
10.506473
10.691759
10.691736
10.691745
10.69178
10.691828
10.691889
10.691966
10.692061
10.692175
10.692313
10.692477
10.692671
10.692899
10.693165
10.693474
10.693828
10.694231
10.694682
10.69518
10.69572
10.696289
10.69687
10.697438
10.697962
10.698405
10.69873
10.698902
10.698895
10.698706
10.698345
10.697847
10.697268
10.696665
10.696046
10.695312
10.693688
10.68723
10.658801
10.543249
10.5035
10.679069
10.679033
10.679045
10.679094
10.679159
10.679243
10.679348
10.679476
10.679631
10.679816
10.680035
10.680293
10.680595
10.680946
10.681352
10.681817
10.682345
10.682936
10.683589
10.684297
10.685047
10.685816
10.686575
10.687282
10.687893
10.688358
10.688633
10.688682
10.688498
10.688093
10.687507
10.686805
10.686057
10.685263
10.684331
10.682439
10.67568
10.64705
10.530955
10.509538
10.67191
10.67186
10.671871
10.67193
10.672008
10.672109
10.672234
10.672386
10.672568
10.672783
10.673037
10.673333
10.673676
10.674073
10.674528
10.675047
10.675632
10.676285
10.677005
10.677786
10.678615
10.679471
10.680325
10.681136
10.68186
10.682445
10.682845
10.68302
10.682952
10.682656
10.682152
10.681499
10.680753
10.6799
10.67885
10.676731
10.669744
10.641236
10.528116
10.534391
10.686891
10.686827
10.686834
10.686896
10.686977
10.687082
10.687209
10.687361
10.687542
10.687754
10.687998
10.688279
10.6886
10.688964
10.689374
10.689834
10.690345
10.690908
10.691524
10.692189
10.692897
10.693636
10.694391
10.695139
10.695852
10.696499
10.697046
10.69746
10.697713
10.697793
10.697683
10.697391
10.696923
10.696235
10.695235
10.693005
10.685962
10.658053
10.553657
10.596578
10.7616
10.761528
10.761525
10.761575
10.761642
10.761729
10.76183
10.761949
10.762086
10.762241
10.76241
10.762595
10.762797
10.763009
10.763233
10.763467
10.763708
10.763955
10.764209
10.764477
10.764763
10.765079
10.765443
10.765873
10.766389
10.767012
10.767743
10.768572
10.769451
10.770315
10.771055
10.771584
10.771792
10.771598
10.770904
10.768749
10.761929
10.735179
10.646639
10.734269
10.975245
10.97517
10.97515
10.975173
10.975207
10.975254
10.9753
10.975345
10.975394
10.975438
10.975463
10.975468
10.975453
10.975394
10.975286
10.975124
10.974897
10.974598
10.974232
10.973814
10.973371
10.972949
10.972617
10.972466
10.972594
10.973102
10.97406
10.975488
10.977314
10.979382
10.981438
10.983245
10.984519
10.985137
10.985018
10.98313
10.97686
10.95172
10.885542
11.018832
11.503919
11.503847
11.5038
11.503782
11.503767
11.503758
11.503726
11.503668
11.503596
11.503493
11.503324
11.503091
11.502792
11.50238
11.501845
11.501174
11.500345
11.499348
11.498187
11.496893
11.495519
11.494149
11.492925
11.492025
11.491651
11.49201
11.493251
11.495442
11.498468
11.502051
11.505747
11.509134
11.511712
11.513337
11.513971
11.51244
11.506986
11.483568
11.443887
11.616137
12.827064
12.826992
12.826906
12.826834
12.826763
12.826695
12.826575
12.826401
12.826202
12.825943
12.825565
12.825079
12.824485
12.8237
12.822716
12.821514
12.820059
12.818335
12.816346
12.814141
12.811799
12.809447
12.807302
12.805638
12.804769
12.805019
12.806617
12.809675
12.814024
12.819247
12.824674
12.829706
12.833595
12.836213
12.837643
12.836376
12.831838
12.809615
12.797017
12.996034
17.043643
17.043564
17.043424
17.043289
17.043156
17.04303
17.042817
17.04252
17.042194
17.041781
17.041187
17.040443
17.039551
17.038384
17.036935
17.035182
17.033075
17.03059
17.02773
17.024565
17.021199
17.017808
17.014693
17.012242
17.01089
17.011099
17.013196
17.017325
17.023251
17.03038
17.037765
17.044615
17.049867
17.053466
17.055706
17.054363
17.05048
17.027227
17.039589
17.262879
)
;

boundaryField
{
    piston
    {
        type            calculated;
        value           nonuniform List<scalar> 
40
(
52.654979
52.654979
52.654979
52.654979
52.654979
52.654979
52.654979
52.654979
52.654979
52.65498
52.65498
52.65498
52.65498
52.65498
52.654981
52.654981
52.654981
52.654982
52.654982
52.654983
52.654983
52.654984
52.654985
52.654986
52.654987
52.654986
52.654983
52.654978
52.654973
52.65497
52.654966
52.654968
52.654972
52.654975
52.654975
52.654975
52.654974
52.654976
52.654981
52.654989
)
;
    }
    cylinderHead
    {
        type            calculated;
        value           nonuniform List<scalar> 
40
(
48.64483
48.64483
48.64483
48.64483
48.64483
48.64483
48.64483
48.64483
48.64483
48.64483
48.64483
48.64483
48.64483
48.64483
48.64483
48.644829
48.644829
48.644829
48.644829
48.644829
48.644828
48.644828
48.644828
48.644828
48.644827
48.644827
48.644827
48.644827
48.644827
48.644828
48.644828
48.644828
48.644829
48.644829
48.64483
48.64483
48.644831
48.644832
48.644832
48.644833
)
;
    }
    cylinderWall
    {
        type            calculated;
        value           nonuniform List<scalar> 
120
(
59.400606
59.400609
59.400611
59.400613
59.400615
59.400616
59.400618
59.40062
59.400621
59.400623
59.400625
59.400626
59.400628
59.40063
59.400632
59.400633
59.400635
59.400637
59.400639
59.400641
59.400643
59.400645
59.400647
59.400649
59.400651
59.400653
59.400656
59.400658
59.40066
59.400662
59.400664
59.400666
59.400668
59.40067
59.400673
59.400675
59.400677
59.400679
59.400681
59.400683
59.400685
59.400686
59.400688
59.40069
59.400692
59.400694
59.400696
59.400698
59.400699
59.400701
59.400703
59.400704
59.400706
59.400708
59.400709
59.400711
59.400712
59.400714
59.400715
59.400717
59.400718
59.40072
59.400721
59.400722
59.400724
59.400725
59.400726
59.400728
59.400729
59.40073
59.400731
59.400732
59.400734
59.400735
59.400736
59.400737
59.400738
59.400739
59.40074
59.400741
59.400742
59.400743
59.400744
59.400745
59.400745
59.400746
59.400747
59.400748
59.400748
59.400749
59.40075
59.400751
59.400751
59.400752
59.400752
59.400753
59.400754
59.400754
59.400755
59.400755
59.400755
59.400756
59.400756
59.400757
59.400757
59.400757
59.400758
59.400758
59.400758
59.400758
59.400759
59.400759
59.400759
59.400759
59.400759
59.400759
59.400759
59.400759
59.400759
59.400759
)
;
    }
    wedgeFront
    {
        type            wedge;
    }
    wedgeBack
    {
        type            wedge;
    }
    axis
    {
        type            empty;
    }
}


// ************************************************************************* //
