/*--------------------------------*- C++ -*----------------------------------*\
  =========                 |
  \\      /  F ield         | OpenFOAM: The Open Source CFD Toolbox
   \\    /   O peration     | Website:  https://openfoam.org
    \\  /    A nd           | Version:  13
     \\/     M anipulation  |
\*---------------------------------------------------------------------------*/
FoamFile
{
    format      ascii;
    class       volScalarField;
    location    "10";
    object      T;
}
// * * * * * * * * * * * * * * * * * * * * * * * * * * * * * * * * * * * * * //

dimensions      [0 0 0 1 0 0 0];

internalField   nonuniform List<scalar> 
4800
(
1535.8432
1535.93
1535.9619
1535.9584
1535.9605
1535.9694
1535.9745
1535.9779
1535.977
1535.9693
1535.9489
1535.9141
1535.8566
1535.7669
1535.6292
1535.4246
1535.117
1534.6558
1533.9622
1532.9125
1531.331
1529.102
1526.9991
1528.8331
1540.0451
1552.4098
1547.6719
1501.6072
1430.2979
1410.7989
1447.3328
1500.0677
1550.9951
1565.2156
1563.7201
1564.5339
1589.2101
1646.6997
1718.3654
1815.2351
1988.5763
1988.622
1988.6388
1988.6494
1988.6691
1988.6966
1988.7222
1988.7496
1988.7767
1988.8013
1988.8173
1988.8234
1988.8106
1988.7693
1988.6827
1988.5297
1988.2693
1987.8417
1987.1495
1986.0309
1984.2354
1981.5693
1979.2236
1982.7875
1998.2347
2009.0665
1983.4237
1905.1761
1830.2933
1810.4995
1880.1581
1965.5129
2018.9358
2031.0306
2028.4305
2030.0473
2051.8284
2094.8968
2144.6971
2205.7307
2224.9703
2224.9072
2224.8797
2224.9167
2224.9654
2225.0217
2225.0829
2225.154
2225.2358
2225.3284
2225.4302
2225.543
2225.6645
2225.7932
2225.9245
2226.0533
2226.1653
2226.2394
2226.2386
2226.0957
2225.6985
2225.0576
2225.6497
2232.7571
2248.1355
2248.9441
2203.2055
2116.6519
2050.5889
2053.8535
2145.8728
2232.8687
2268.2875
2273.4446
2269.1006
2269.2868
2282.1572
2306.6191
2330.9264
2352.5557
2337.2678
2337.1229
2337.0624
2337.1184
2337.187
2337.2628
2337.3488
2337.4509
2337.5722
2337.7151
2337.8817
2338.077
2338.3048
2338.5712
2338.8833
2339.2518
2339.6889
2340.2134
2340.8529
2341.6485
2342.6652
2344.19
2347.9273
2358.7264
2373.9269
2367.1106
2311.0829
2227.5332
2181.145
2206.9373
2301.4592
2371.2759
2390.7967
2389.9794
2383.5445
2381.6825
2386.5396
2395.9854
2401.907
2397.89
2385.5694
2385.3738
2385.294
2385.3608
2385.4396
2385.5253
2385.6244
2385.7436
2385.8873
2386.0599
2386.2662
2386.5136
2386.8108
2387.17
2387.6076
2388.148
2388.8252
2389.6934
2390.8388
2392.4073
2394.6556
2398.2061
2405.0214
2419.514
2435.8933
2425.0823
2366.1792
2293.0109
2266.9298
2305.9911
2390.8132
2440.4739
2450.1906
2444.0043
2434.9613
2430.7198
2429.8258
2429.9197
2426.1274
2409.7269
2402.8196
2402.6032
2402.5166
2402.5868
2402.6677
2402.7554
2402.8577
2402.9817
2403.1326
2403.3157
2403.5376
2403.8071
2404.1358
2404.5396
2405.0411
2405.6732
2406.4847
2407.5537
2409.0088
2411.0745
2414.1696
2419.2259
2428.566
2446.5119
2465.6341
2454.1978
2396.6739
2338.2846
2326.9805
2371.3056
2442.2925
2475.7947
2479.4825
2469.1215
2457.1307
2450.4831
2446.0316
2441.3301
2433.3856
2412.3076
2406.6995
2406.4815
2406.3953
2406.4648
2406.544
2406.6298
2406.7305
2406.853
2407.0027
2407.1854
2407.4081
2407.6802
2408.0145
2408.4285
2408.947
2409.6066
2410.4628
2411.6044
2413.1799
2415.4535
2418.9371
2424.7611
2435.4093
2456.249
2479.1947
2470.1528
2417.3425
2372.4298
2370.6784
2415.5057
2473.1686
2496.1691
2496.0303
2481.4428
2466.6857
2457.7764
2451.2303
2444.3587
2435.1079
2412.6886
2403.5622
2403.371
2403.2972
2403.3572
2403.4247
2403.4981
2403.5849
2403.691
2403.8215
2403.982
2404.1793
2404.4225
2404.7242
2405.1021
2405.5812
2406.1992
2407.0141
2408.1209
2409.6829
2412.004
2415.7382
2422.2387
2434.5332
2458.148
2484.4423
2479.8898
2433.9168
2399.2189
2403.4419
2446.3562
2493.6929
2510.9111
2507.877
2488.9898
2471.1219
2460.1553
2452.366
2444.6914
2435.2517
2412.5638
2397.5454
2397.3984
2397.343
2397.3892
2397.4409
2397.4976
2397.5648
2397.6475
2397.7496
2397.8758
2398.0318
2398.2253
2398.4672
2398.7725
2399.1631
2399.6721
2400.3515
2401.2878
2402.6342
2404.6912
2408.1404
2414.3911
2427.5737
2454.2921
2485.885
2486.9043
2448.2153
2420.8054
2428.6817
2468.8829
2509.1054
2523.2423
2517.3425
2493.6559
2473.7571
2460.7504
2451.753
2443.5017
2434.6397
2412.3354
2392.0155
2391.9151
2391.8781
2391.9101
2391.9459
2391.9855
2392.0327
2392.0909
2392.1631
2392.2525
2392.3635
2392.5019
2392.6758
2392.8966
2393.1813
2393.5553
2394.0596
2394.7636
2395.7934
2397.4172
2400.2212
2405.6742
2418.7116
2447.0296
2484.7712
2492.3544
2460.8536
2438.6347
2448.6086
2486.1359
2521.5884
2533.5468
2523.2685
2495.3642
2475.0858
2460.8079
2450.243
2441.683
2433.7978
2412.1115
2388.0126
2387.9512
2387.929
2387.9492
2387.9718
2387.997
2388.0272
2388.0645
2388.1108
2388.1683
2388.24
2388.3296
2388.4428
2388.5873
2388.7746
2389.0226
2389.3601
2389.8369
2390.5461
2391.6942
2393.7516
2398.237
2410.0584
2438.3789
2481.3628
2496.6041
2472.1328
2453.6543
2464.7102
2499.8812
2531.9115
2541.6019
2525.3014
2494.8263
2475.3593
2460.588
2448.3563
2439.4695
2432.8445
2411.8976
2385.5153
2385.4813
2385.4694
2385.481
2385.4942
2385.509
2385.5267
2385.5487
2385.576
2385.61
2385.6525
2385.7057
2385.7731
2385.8595
2385.972
2386.1219
2386.3275
2386.6211
2387.0664
2387.7999
2389.1713
2392.6444
2402.5884
2429.4521
2476.2173
2499.6976
2482.2251
2466.5251
2477.9845
2511.124
2540.4338
2547.6095
2524.5351
2490.2858
2473.6115
2459.9487
2446.1674
2436.8886
2431.813
2411.693
2384.141
2384.1241
2384.1184
2384.1245
2384.1315
2384.1394
2384.149
2384.1607
2384.1753
2384.1934
2384.216
2384.2443
2384.2804
2384.3269
2384.3878
2384.4698
2384.5835
2384.7483
2385.0038
2385.4339
2386.3034
2388.7909
2396.6351
2420.9124
2469.6354
2501.4399
2491.2237
2477.7267
2489.1102
2520.4621
2547.4155
2551.8144
2519.8796
2482.3489
2468.8165
2458.3177
2443.5944
2433.9332
2430.7229
2411.497
2383.4585
2383.4506
2383.4481
2383.4513
2383.455
2383.4591
2383.4642
2383.4703
2383.4779
2383.4873
2383.499
2383.5136
2383.5322
2383.5561
2383.5875
2383.6297
2383.6884
2383.774
2383.9072
2384.1364
2384.6616
2386.3135
2392.1675
2413.1105
2461.8897
2502.0768
2499.1519
2487.6172
2498.5667
2528.2845
2553.1291
2554.5045
2512.3332
2472.1319
2460.9021
2454.9362
2440.5506
2430.5435
2429.5899
2411.3092
2383.1402
2383.1367
2383.1358
2383.1375
2383.1395
2383.1418
2383.1445
2383.1477
2383.1517
2383.1565
2383.1625
2383.17
2383.1795
2383.1916
2383.2075
2383.2288
2383.2585
2383.302
2383.3691
2383.4875
2383.7843
2384.8112
2388.9749
2406.273
2453.185
2501.4487
2505.9667
2496.4682
2506.713
2534.8554
2557.8139
2555.5419
2502.8727
2460.9987
2450.6639
2449.2139
2436.8741
2426.7166
2428.4286
2411.1297
2383.0035
2383.0021
2383.0019
2383.0029
2383.0041
2383.0054
2383.0069
2383.0088
2383.011
2383.0136
2383.0168
2383.0207
2383.0256
2383.0319
2383.04
2383.0508
2383.0658
2383.0877
2383.121
2383.1809
2383.344
2383.9456
2386.7854
2400.5063
2443.9086
2499.0462
2511.6696
2504.4832
2513.8332
2540.3765
2561.7608
2555.3981
2492.3805
2450.0879
2439.372
2441.1289
2432.3271
2422.523
2427.2628
2410.9587
2382.9522
2382.9517
2382.9518
2382.9525
2382.9533
2382.9541
2382.9552
2382.9563
2382.9577
2382.9593
2382.9612
2382.9634
2382.9662
2382.9697
2382.9741
2382.9799
2382.9879
2382.9992
2383.0161
2383.0469
2383.1324
2383.4693
2385.3364
2395.8146
2434.4878
2494.6201
2516.1955
2511.8021
2520.1678
2545.0708
2565.0971
2553.0019
2481.593
2439.9878
2428.3591
2431.4088
2426.7873
2418.0683
2426.1069
2410.7967
2382.9378
2382.9377
2382.9379
2382.9385
2382.9391
2382.9398
2382.9405
2382.9414
2382.9424
2382.9436
2382.9449
2382.9465
2382.9483
2382.9506
2382.9534
2382.957
2382.9618
2382.9685
2382.978
2382.9945
2383.0374
2383.2197
2384.4069
2392.1259
2425.336
2488.0732
2519.1097
2518.504
2525.9223
2549.1312
2567.8837
2547.4206
2471.0425
2430.9137
2418.5261
2421.2586
2420.3671
2413.5072
2424.9645
2410.6444
2382.9366
2382.9366
2382.9369
2382.9374
2382.9379
2382.9386
2382.9393
2382.94
2382.9409
2382.9419
2382.943
2382.9443
2382.9459
2382.9477
2382.9499
2382.9528
2382.9565
2382.9615
2382.9685
2382.9783
2382.9996
2383.0957
2383.8273
2389.3193
2416.8087
2479.414
2520.337
2524.6028
2531.262
2552.7314
2570.3572
2538.3206
2461.0256
2422.8909
2410.2475
2411.8603
2413.4319
2409.0534
2423.8355
2410.5024
2382.9436
2382.9437
2382.944
2382.9445
2382.945
2382.9456
2382.9462
2382.9469
2382.9477
2382.9486
2382.9496
2382.9507
2382.952
2382.9535
2382.9554
2382.9577
2382.9607
2382.9645
2382.9696
2382.9758
2382.9883
2383.038
2383.4757
2387.2519
2409.1222
2469.002
2519.8942
2529.9473
2536.2894
2555.9536
2571.7676
2526.2605
2451.6511
2415.8669
2403.5384
2403.9489
2406.648
2404.9203
2422.7165
2410.3716
2382.9536
2382.9538
2382.9541
2382.9546
2382.9551
2382.9556
2382.9562
2382.9569
2382.9577
2382.9585
2382.9595
2382.9605
2382.9617
2382.9632
2382.9649
2382.967
2382.9697
2382.9731
2382.9774
2382.981
2382.9872
2383.0144
2383.2684
2385.7784
2402.4721
2457.2982
2516.999
2534.2353
2541.0174
2558.8303
2571.8771
2512.5075
2442.9375
2409.7698
2398.2485
2397.7383
2400.6322
2401.4134
2421.6019
2410.2532
2382.9646
2382.9647
2382.9651
2382.9655
2382.966
2382.9666
2382.9672
2382.9679
2382.9686
2382.9694
2382.9704
2382.9714
2382.9726
2382.974
2382.9757
2382.9777
2382.9803
2382.9836
2382.9874
2382.9897
2382.9928
2383.0076
2383.1505
2384.7632
2396.9748
2444.9237
2510.9676
2536.5674
2545.3469
2561.333
2568.4727
2498.7612
2434.5609
2404.5406
2394.1814
2393.1081
2395.7274
2398.713
2420.5395
2410.1485
2382.9758
2382.976
2382.9763
2382.9768
2382.9773
2382.9778
2382.9784
2382.9791
2382.9798
2382.9807
2382.9816
2382.9826
2382.9838
2382.9852
2382.9868
2382.9888
2382.9914
2382.9946
2382.9979
2382.9996
2383.0014
2383.0082
2383.0877
2384.088
2392.6441
2432.6164
2501.8334
2537.1335
2548.776
2562.7225
2560.3302
2485.5209
2426.4998
2400.01
2391.0665
2389.7934
2392.0177
2396.6951
2419.6052
2410.0592
2382.9871
2382.9873
2382.9876
2382.9881
2382.9885
2382.9891
2382.9897
2382.9904
2382.9911
2382.9919
2382.9928
2382.9939
2382.995
2382.9964
2382.9981
2383
2383.0026
2383.0057
2383.0085
2383.01
2383.0111
2383.0141
2383.0575
2383.6553
2389.3963
2421.0831
2489.7529
2535.3916
2550.3466
2562.9967
2548.4517
2472.286
2418.9222
2396.1414
2388.7098
2387.5017
2389.393
2395.2293
2418.7985
2409.9817
2382.9984
2382.9985
2382.9989
2382.9993
2382.9998
2383.0004
2383.001
2383.0017
2383.0024
2383.0032
2383.0041
2383.0051
2383.0063
2383.0077
2383.0093
2383.0113
2383.0138
2383.0169
2383.0191
2383.0204
2383.0213
2383.0224
2383.0456
2383.3889
2387.0781
2410.8891
2475.3504
2530.2397
2550.261
2560.9073
2533.8128
2459.1396
2411.9748
2392.9154
2386.9639
2385.9675
2387.6347
2394.1947
2418.1133
2409.9087
2383.0096
2383.0098
2383.0102
2383.0106
2383.0111
2383.0116
2383.0123
2383.0129
2383.0136
2383.0145
2383.0154
2383.0164
2383.0176
2383.0189
2383.0205
2383.0225
2383.025
2383.028
2383.0298
2383.0309
2383.0316
2383.0318
2383.0427
2383.2322
2385.5031
2402.4688
2459.8392
2521.1869
2547.3827
2554.9065
2517.0451
2446.4092
2405.7783
2390.2977
2385.7036
2384.972
2386.512
2393.4783
2417.5287
2409.8405
2383.0209
2383.021
2383.0214
2383.0218
2383.0223
2383.0229
2383.0235
2383.0241
2383.0249
2383.0257
2383.0266
2383.0276
2383.0288
2383.0301
2383.0317
2383.0337
2383.0361
2383.0389
2383.0404
2383.0414
2383.0419
2383.0417
2383.0458
2383.1462
2384.4851
2396.1023
2444.4966
2508.4262
2540.26
2544.2056
2498.7516
2434.4685
2400.4183
2388.2363
2384.8194
2384.3451
2385.8244
2392.9856
2417.0262
2409.7776
2383.032
2383.0322
2383.0326
2383.033
2383.0335
2383.034
2383.0346
2383.0353
2383.036
2383.0368
2383.0377
2383.0388
2383.0399
2383.0413
2383.0429
2383.0448
2383.0472
2383.0497
2383.0509
2383.0519
2383.0523
2383.0518
2383.0526
2383.1039
2383.8584
2391.5201
2430.309
2492.8322
2528.6883
2529.0005
2479.908
2423.5575
2395.9323
2386.6643
2384.2177
2383.9614
2385.4179
2392.6437
2416.5913
2409.7203
2383.0431
2383.0433
2383.0437
2383.0441
2383.0446
2383.0451
2383.0457
2383.0464
2383.0471
2383.0479
2383.0488
2383.0499
2383.051
2383.0524
2383.054
2383.0559
2383.0583
2383.0604
2383.0615
2383.0623
2383.0626
2383.062
2383.0612
2383.0862
2383.4914
2388.3593
2417.9804
2475.6036
2513.2551
2510.2481
2461.4679
2413.9432
2392.3103
2385.5059
2383.8213
2383.7329
2385.1843
2392.3994
2416.2126
2409.6686
2383.0541
2383.0543
2383.0547
2383.0551
2383.0556
2383.0561
2383.0567
2383.0574
2383.0581
2383.0589
2383.0599
2383.0609
2383.062
2383.0634
2383.065
2383.0669
2383.0692
2383.0709
2383.072
2383.0728
2383.073
2383.0722
2383.0707
2383.0813
2383.2903
2386.2671
2407.8686
2458.0465
2495.0598
2489.4678
2444.3146
2405.8114
2389.497
2384.6826
2383.5692
2383.6
2385.053
2392.216
2415.8812
2409.6221
2383.0651
2383.0653
2383.0656
2383.066
2383.0665
2383.0671
2383.0677
2383.0684
2383.0691
2383.0699
2383.0708
2383.0718
2383.073
2383.0743
2383.0759
2383.0778
2383.08
2383.0814
2383.0824
2383.0831
2383.0833
2383.0824
2383.0805
2383.0832
2383.1883
2384.9396
2399.9946
2441.3833
2475.5769
2468.3884
2429.1409
2399.2278
2387.399
2384.1191
2383.415
2383.5249
2384.9794
2392.0694
2415.5899
2409.5808
2383.0759
2383.0761
2383.0765
2383.0769
2383.0774
2383.0779
2383.0785
2383.0792
2383.0799
2383.0807
2383.0816
2383.0827
2383.0838
2383.0851
2383.0867
2383.0886
2383.0907
2383.0918
2383.0927
2383.0934
2383.0935
2383.0926
2383.0905
2383.0897
2383.1408
2384.1322
2394.1635
2426.5533
2456.337
2448.5944
2416.3888
2394.1343
2385.8991
2383.7484
2383.3246
2383.4869
2384.937
2391.9451
2415.3331
2409.5442
2383.0867
2383.0868
2383.0872
2383.0876
2383.0881
2383.0887
2383.0893
2383.0899
2383.0907
2383.0915
2383.0924
2383.0934
2383.0946
2383.0959
2383.0975
2383.0993
2383.1012
2383.1021
2383.103
2383.1037
2383.1037
2383.1028
2383.1006
2383.0983
2383.122
2383.6616
2390.0543
2414.1265
2438.6478
2431.2518
2406.2154
2390.3735
2384.8718
2383.5147
2383.276
2383.4703
2384.9109
2391.8346
2415.1062
2409.512
2383.0973
2383.0975
2383.0978
2383.0983
2383.0988
2383.0993
2383.0999
2383.1006
2383.1013
2383.1021
2383.103
2383.104
2383.1052
2383.1065
2383.1081
2383.11
2383.1116
2383.1124
2383.1132
2383.1139
2383.1139
2383.1129
2383.1108
2383.1078
2383.1172
2383.3993
2387.2979
2404.2998
2423.4138
2416.9912
2398.5093
2387.7256
2384.1981
2383.3742
2383.2532
2383.4651
2384.8933
2391.7336
2414.9052
2409.4839
2383.1078
2383.108
2383.1084
2383.1088
2383.1093
2383.1098
2383.1105
2383.1111
2383.1118
2383.1127
2383.1136
2383.1146
2383.1158
2383.1171
2383.1187
2383.1205
2383.1217
2383.1225
2383.1234
2383.124
2383.1239
2383.123
2383.1209
2383.1177
2383.1194
2383.2619
2385.5374
2396.9562
2411.0762
2405.9387
2392.9641
2385.9461
2383.7753
2383.2945
2383.2449
2383.4649
2384.8802
2391.6399
2414.7267
2409.4596
2383.1182
2383.1184
2383.1188
2383.1192
2383.1197
2383.1203
2383.1209
2383.1215
2383.1223
2383.1231
2383.124
2383.125
2383.1262
2383.1275
2383.1291
2383.1308
2383.1318
2383.1326
2383.1334
2383.134
2383.1339
2383.133
2383.1309
2383.1278
2383.1261
2383.1954
2384.4665
2391.7643
2401.6553
2397.8403
2389.1712
2384.8044
2383.5222
2383.2548
2383.2436
2383.4687
2384.8696
2391.5527
2414.5681
2409.4388
2383.1285
2383.1287
2383.1291
2383.1295
2383.13
2383.1306
2383.1312
2383.1318
2383.1326
2383.1334
2383.1343
2383.1353
2383.1365
2383.1378
2383.1394
2383.141
2383.1418
2383.1425
2383.1433
2383.1439
2383.1439
2383.143
2383.141
2383.1379
2383.1347
2383.1669
2383.8464
2388.2887
2394.8626
2392.2192
2386.7038
2384.1056
2383.3783
2383.2377
2383.2469
2383.4746
2384.8608
2391.4715
2414.4271
2409.4211
2383.1387
2383.1389
2383.1393
2383.1397
2383.1402
2383.1407
2383.1414
2383.142
2383.1427
2383.1436
2383.1445
2383.1455
2383.1467
2383.148
2383.1496
2383.151
2383.1517
2383.1524
2383.1532
2383.1537
2383.1537
2383.1528
2383.1509
2383.1479
2383.1442
2383.1579
2383.5051
2386.0835
2390.2319
2388.5175
2385.1762
2383.6981
2383.3034
2383.2328
2383.2532
2383.4814
2384.8531
2391.3963
2414.3016
2409.4064
2383.1488
2383.149
2383.1493
2383.1498
2383.1503
2383.1508
2383.1514
2383.1521
2383.1528
2383.1536
2383.1545
2383.1556
2383.1567
2383.1581
2383.1596
2383.1608
2383.1614
2383.1621
2383.1629
2383.1634
2383.1634
2383.1626
2383.1608
2383.1579
2383.154
2383.1578
2383.3293
2384.7565
2387.2448
2386.2024
2384.2761
2383.4723
2383.2682
2383.2337
2383.261
2383.4887
2384.8466
2391.3269
2414.19
2409.3943
2383.1587
2383.1589
2383.1593
2383.1597
2383.1602
2383.1607
2383.1613
2383.162
2383.1627
2383.1636
2383.1645
2383.1655
2383.1667
2383.168
2383.1695
2383.1705
2383.171
2383.1717
2383.1725
2383.1731
2383.1731
2383.1723
2383.1706
2383.1677
2383.1638
2383.1631
2383.2453
2383.9989
2385.4203
2384.8265
2383.7714
2383.3562
2383.2545
2383.2391
2383.2696
2383.496
2384.8409
2391.263
2414.0907
2409.3847
2383.1685
2383.1687
2383.1691
2383.1695
2383.17
2383.1705
2383.1711
2383.1718
2383.1725
2383.1734
2383.1743
2383.1753
2383.1765
2383.1778
2383.1793
2383.18
2383.1806
2383.1813
2383.182
2383.1826
2383.1826
2383.1819
2383.1802
2383.1775
2383.1737
2383.1712
2383.2096
2383.5896
2384.3649
2384.0495
2383.5042
2383.301
2383.2514
2383.2465
2383.2785
2383.5034
2384.8362
2391.2044
2414.0024
2409.3772
2383.1782
2383.1784
2383.1787
2383.1792
2383.1797
2383.1802
2383.1808
2383.1815
2383.1822
2383.183
2383.184
2383.185
2383.1862
2383.1875
2383.1888
2383.1894
2383.19
2383.1906
2383.1914
2383.192
2383.192
2383.1914
2383.1898
2383.1871
2383.1835
2383.1804
2383.198
2383.3833
2383.7869
2383.6342
2383.3719
2383.2781
2383.2541
2383.2549
2383.2875
2383.5109
2384.8322
2391.1508
2413.9238
2409.3718
2383.1877
2383.1879
2383.1883
2383.1887
2383.1892
2383.1898
2383.1904
2383.191
2383.1918
2383.1926
2383.1935
2383.1946
2383.1957
2383.197
2383.1982
2383.1987
2383.1992
2383.1999
2383.2007
2383.2013
2383.2014
2383.2008
2383.1993
2383.1967
2383.1932
2383.19
2383.1971
2383.2864
2383.4909
2383.4265
2383.3109
2383.2714
2383.2603
2383.2636
2383.2965
2383.5183
2384.829
2391.1018
2413.8539
2409.3683
2383.1971
2383.1973
2383.1977
2383.1981
2383.1986
2383.1992
2383.1998
2383.2005
2383.2012
2383.202
2383.2029
2383.204
2383.2051
2383.2064
2383.2074
2383.2078
2383.2084
2383.2091
2383.2099
2383.2105
2383.2106
2383.2101
2383.2086
2383.2061
2383.2028
2383.1997
2383.2021
2383.2457
2383.3485
2383.3289
2383.2862
2383.2714
2383.2679
2383.2724
2383.3053
2383.5256
2384.8266
2391.0572
2413.7918
2409.3668
2383.2064
2383.2066
2383.207
2383.2074
2383.2079
2383.2084
2383.2091
2383.2097
2383.2105
2383.2113
2383.2122
2383.2133
2383.2144
2383.2157
2383.2164
2383.2169
2383.2174
2383.2181
2383.2189
2383.2196
2383.2197
2383.2192
2383.2178
2383.2154
2383.2123
2383.2095
2383.2101
2383.2325
2383.2857
2383.2875
2383.2791
2383.2763
2383.2761
2383.2812
2383.3141
2383.533
2384.8248
2391.0167
2413.7367
2409.3668
2383.2156
2383.2158
2383.2161
2383.2166
2383.2171
2383.2176
2383.2182
2383.2189
2383.2196
2383.2205
2383.2214
2383.2224
2383.2236
2383.2247
2383.2253
2383.2258
2383.2263
2383.227
2383.2278
2383.2285
2383.2287
2383.2282
2383.2269
2383.2246
2383.2217
2383.2191
2383.2192
2383.2311
2383.262
2383.2733
2383.2792
2383.2831
2383.2845
2383.29
2383.3227
2383.5403
2384.8237
2390.9798
2413.6878
2409.3679
2383.2246
2383.2248
2383.2252
2383.2256
2383.2261
2383.2266
2383.2272
2383.2279
2383.2287
2383.2295
2383.2304
2383.2314
2383.2326
2383.2336
2383.2341
2383.2346
2383.2351
2383.2358
2383.2367
2383.2373
2383.2376
2383.2371
2383.2358
2383.2337
2383.2311
2383.2287
2383.2287
2383.2358
2383.256
2383.2706
2383.284
2383.2907
2383.2929
2383.2986
2383.3312
2383.5475
2384.8231
2390.9464
2413.6444
2409.3704
2383.2335
2383.2337
2383.234
2383.2345
2383.235
2383.2355
2383.2361
2383.2368
2383.2376
2383.2384
2383.2393
2383.2403
2383.2415
2383.2423
2383.2428
2383.2432
2383.2438
2383.2445
2383.2453
2383.246
2383.2463
2383.2459
2383.2447
2383.2427
2383.2402
2383.2381
2383.2382
2383.2436
2383.258
2383.274
2383.2906
2383.2985
2383.3013
2383.3071
2383.3395
2383.5548
2384.8231
2390.9162
2413.6061
2409.3742
2383.2422
2383.2424
2383.2428
2383.2432
2383.2437
2383.2443
2383.2449
2383.2456
2383.2463
2383.2471
2383.2481
2383.2491
2383.2502
2383.2509
2383.2513
2383.2517
2383.2523
2383.253
2383.2539
2383.2546
2383.2549
2383.2545
2383.2534
2383.2516
2383.2493
2383.2474
2383.2477
2383.2524
2383.2643
2383.2804
2383.2979
2383.3064
2383.3095
2383.3154
2383.3477
2383.5619
2384.8235
2390.8889
2413.5722
2409.3792
2383.2508
2383.2511
2383.2514
2383.2519
2383.2524
2383.2529
2383.2535
2383.2542
2383.2549
2383.2558
2383.2567
2383.2577
2383.2587
2383.2593
2383.2597
2383.2601
2383.2607
2383.2614
2383.2623
2383.263
2383.2633
2383.263
2383.262
2383.2603
2383.2583
2383.2566
2383.257
2383.2616
2383.2723
2383.2881
2383.3055
2383.3142
2383.3176
2383.3236
2383.3558
2383.569
2384.8244
2390.8643
2413.5425
2409.3852
2383.2593
2383.2596
2383.2599
2383.2604
2383.2608
2383.2614
2383.262
2383.2627
2383.2634
2383.2643
2383.2652
2383.2662
2383.2671
2383.2675
2383.2679
2383.2684
2383.2689
2383.2697
2383.2706
2383.2713
2383.2717
2383.2714
2383.2705
2383.2689
2383.2671
2383.2657
2383.2663
2383.2707
2383.2809
2383.296
2383.313
2383.322
2383.3255
2383.3317
2383.3637
2383.576
2384.8257
2390.8421
2413.5163
2409.3922
2383.2677
2383.2679
2383.2683
2383.2687
2383.2692
2383.2698
2383.2704
2383.2711
2383.2718
2383.2726
2383.2736
2383.2745
2383.2752
2383.2757
2383.2761
2383.2765
2383.2771
2383.2778
2383.2787
2383.2795
2383.2799
2383.2797
2383.2789
2383.2775
2383.2758
2383.2746
2383.2754
2383.2798
2383.2895
2383.3041
2383.3205
2383.3296
2383.3334
2383.3396
2383.3716
2383.583
2384.8274
2390.8222
2413.4935
2409.4002
2383.2759
2383.2761
2383.2765
2383.277
2383.2774
2383.278
2383.2786
2383.2793
2383.28
2383.2809
2383.2818
2383.2827
2383.2833
2383.2837
2383.2841
2383.2845
2383.2851
2383.2859
2383.2868
2383.2876
2383.288
2383.2878
2383.2871
2383.2858
2383.2844
2383.2834
2383.2843
2383.2887
2383.2981
2383.3121
2383.3279
2383.3371
2383.3411
2383.3473
2383.3792
2383.5899
2384.8295
2390.8044
2413.4737
2409.4092
2383.284
2383.2843
2383.2846
2383.2851
2383.2856
2383.2861
2383.2867
2383.2874
2383.2882
2383.289
2383.2899
2383.2907
2383.2911
2383.2915
2383.2919
2383.2924
2383.293
2383.2938
2383.2947
2383.2955
2383.2959
2383.2959
2383.2952
2383.2941
2383.2928
2383.2921
2383.2931
2383.2975
2383.3066
2383.32
2383.3352
2383.3445
2383.3486
2383.3549
2383.3868
2383.5967
2384.8318
2390.7885
2413.4565
2409.4189
2383.292
2383.2922
2383.2926
2383.293
2383.2935
2383.2941
2383.2947
2383.2954
2383.2961
2383.297
2383.2978
2383.2985
2383.2989
2383.2993
2383.2997
2383.3002
2383.3008
2383.3016
2383.3025
2383.3033
2383.3038
2383.3038
2383.3032
2383.3022
2383.3011
2383.3006
2383.3018
2383.3061
2383.315
2383.3278
2383.3424
2383.3517
2383.356
2383.3624
2383.3942
2383.6035
2384.8345
2390.7744
2413.4419
2409.4295
2383.2999
2383.3001
2383.3004
2383.3009
2383.3014
2383.3019
2383.3026
2383.3032
2383.304
2383.3048
2383.3055
2383.3061
2383.3065
2383.3069
2383.3073
2383.3078
2383.3084
2383.3092
2383.3102
2383.311
2383.3115
2383.3116
2383.3111
2383.3102
2383.3093
2383.3089
2383.3103
2383.3146
2383.3232
2383.3355
2383.3495
2383.3589
2383.3633
2383.3697
2383.4014
2383.6102
2384.8374
2390.762
2413.4294
2409.4409
2383.3076
2383.3078
2383.3082
2383.3086
2383.3091
2383.3096
2383.3103
2383.311
2383.3117
2383.3124
2383.3131
2383.3136
2383.314
2383.3144
2383.3148
2383.3153
2383.3159
2383.3167
2383.3177
2383.3186
2383.3191
2383.3192
2383.3189
2383.3181
2383.3174
2383.3172
2383.3186
2383.323
2383.3313
2383.3431
2383.3565
2383.3659
2383.3705
2383.3769
2383.4086
2383.6168
2384.8405
2390.751
2413.4191
2409.4531
2383.3152
2383.3154
2383.3158
2383.3162
2383.3167
2383.3172
2383.3179
2383.3186
2383.3193
2383.32
2383.3205
2383.321
2383.3214
2383.3218
2383.3222
2383.3227
2383.3233
2383.3242
2383.3251
2383.326
2383.3266
2383.3268
2383.3265
2383.3259
2383.3253
2383.3252
2383.3268
2383.3312
2383.3392
2383.3506
2383.3634
2383.3728
2383.3775
2383.384
2383.4156
2383.6233
2384.8439
2390.7415
2413.4105
2409.466
2383.3226
2383.3229
2383.3232
2383.3237
2383.3242
2383.3247
2383.3253
2383.326
2383.3267
2383.3273
2383.3278
2383.3282
2383.3286
2383.329
2383.3295
2383.33
2383.3306
2383.3314
2383.3324
2383.3334
2383.334
2383.3342
2383.334
2383.3335
2383.3331
2383.3332
2383.3349
2383.3392
2383.347
2383.3579
2383.3702
2383.3796
2383.3844
2383.3909
2383.4225
2383.6297
2384.8475
2390.7333
2413.4038
2409.4797
2383.33
2383.3302
2383.3306
2383.331
2383.3315
2383.3321
2383.3327
2383.3333
2383.3339
2383.3345
2383.3349
2383.3353
2383.3358
2383.3362
2383.3366
2383.3371
2383.3378
2383.3386
2383.3396
2383.3406
2383.3413
2383.3415
2383.3414
2383.3411
2383.3407
2383.341
2383.3428
2383.3471
2383.3546
2383.3651
2383.3769
2383.3862
2383.3911
2383.3977
2383.4293
2383.6361
2384.8512
2390.7262
2413.3986
2409.4942
2383.3372
2383.3374
2383.3378
2383.3382
2383.3387
2383.3393
2383.3398
2383.3405
2383.341
2383.3415
2383.3419
2383.3423
2383.3428
2383.3432
2383.3436
2383.3441
2383.3448
2383.3457
2383.3467
2383.3477
2383.3484
2383.3487
2383.3487
2383.3484
2383.3482
2383.3486
2383.3505
2383.3548
2383.3621
2383.3722
2383.3835
2383.3927
2383.3978
2383.4044
2383.4359
2383.6423
2384.8551
2390.7203
2413.3948
2409.5093
2383.3443
2383.3445
2383.3449
2383.3453
2383.3458
2383.3463
2383.3469
2383.3474
2383.3479
2383.3484
2383.3488
2383.3492
2383.3496
2383.3501
2383.3505
2383.3511
2383.3517
2383.3526
2383.3537
2383.3547
2383.3554
2383.3558
2383.3559
2383.3557
2383.3556
2383.3562
2383.3581
2383.3623
2383.3695
2383.3792
2383.39
2383.3991
2383.4042
2383.4109
2383.4424
2383.6485
2384.8591
2390.7154
2413.3923
2409.5253
2383.3512
2383.3515
2383.3518
2383.3522
2383.3527
2383.3532
2383.3537
2383.3542
2383.3547
2383.3551
2383.3555
2383.356
2383.3564
2383.3568
2383.3573
2383.3578
2383.3585
2383.3594
2383.3605
2383.3615
2383.3623
2383.3628
2383.3629
2383.3629
2383.3629
2383.3635
2383.3656
2383.3698
2383.3767
2383.386
2383.3965
2383.4054
2383.4106
2383.4173
2383.4488
2383.6546
2384.8633
2390.7114
2413.3913
2409.5421
2383.358
2383.3583
2383.3586
2383.359
2383.3595
2383.36
2383.3604
2383.3609
2383.3613
2383.3617
2383.3622
2383.3626
2383.363
2383.3635
2383.364
2383.3645
2383.3652
2383.3661
2383.3672
2383.3683
2383.3691
2383.3696
2383.3698
2383.3699
2383.37
2383.3708
2383.3729
2383.377
2383.3838
2383.3928
2383.4028
2383.4116
2383.4168
2383.4236
2383.4551
2383.6606
2384.8675
2390.7084
2413.3914
2409.5596
2383.3647
2383.3649
2383.3653
2383.3657
2383.3661
2383.3665
2383.3669
2383.3674
2383.3678
2383.3682
2383.3687
2383.3691
2383.3696
2383.37
2383.3705
2383.3711
2383.3718
2383.3727
2383.3738
2383.3749
2383.3758
2383.3763
2383.3766
2383.3768
2383.377
2383.3779
2383.38
2383.3842
2383.3907
2383.3994
2383.409
2383.4176
2383.423
2383.4298
2383.4612
2383.6666
2384.8719
2390.7061
2413.3925
2409.578
2383.3712
2383.3714
2383.3717
2383.3721
2383.3725
2383.3729
2383.3733
2383.3738
2383.3742
2383.3746
2383.3751
2383.3755
2383.376
2383.3764
2383.3769
2383.3775
2383.3782
2383.3792
2383.3803
2383.3814
2383.3823
2383.383
2383.3833
2383.3835
2383.3839
2383.3849
2383.3871
2383.3911
2383.3975
2383.4058
2383.4151
2383.4235
2383.4289
2383.4358
2383.4672
2383.6724
2384.8764
2390.7046
2413.3947
2409.5973
2383.3775
2383.3777
2383.378
2383.3784
2383.3788
2383.3792
2383.3796
2383.38
2383.3805
2383.3809
2383.3813
2383.3818
2383.3822
2383.3827
2383.3832
2383.3838
2383.3845
2383.3855
2383.3867
2383.3878
2383.3888
2383.3894
2383.3899
2383.3902
2383.3907
2383.3917
2383.3939
2383.398
2383.4041
2383.4122
2383.4211
2383.4293
2383.4348
2383.4417
2383.4731
2383.6781
2384.8809
2390.7039
2413.3978
2409.6175
2383.3837
2383.3839
2383.3842
2383.3845
2383.3849
2383.3853
2383.3857
2383.3862
2383.3866
2383.3871
2383.3875
2383.388
2383.3884
2383.3889
2383.3894
2383.39
2383.3907
2383.3917
2383.3929
2383.3941
2383.3951
2383.3958
2383.3963
2383.3967
2383.3973
2383.3984
2383.4007
2383.4047
2383.4107
2383.4184
2383.427
2383.435
2383.4405
2383.4475
2383.4789
2383.6838
2384.8855
2390.7038
2413.4018
2409.6387
2383.3897
2383.3899
2383.3902
2383.3906
2383.3909
2383.3913
2383.3918
2383.3922
2383.3926
2383.3931
2383.3935
2383.394
2383.3945
2383.395
2383.3955
2383.3961
2383.3968
2383.3978
2383.3991
2383.4003
2383.4013
2383.4021
2383.4026
2383.4031
2383.4038
2383.405
2383.4073
2383.4112
2383.4171
2383.4245
2383.4328
2383.4405
2383.4461
2383.4531
2383.4846
2383.6894
2384.8901
2390.7043
2413.4066
2409.6609
2383.3956
2383.3958
2383.3961
2383.3965
2383.3968
2383.3972
2383.3977
2383.3981
2383.3986
2383.399
2383.3995
2383.3999
2383.4004
2383.4009
2383.4014
2383.4021
2383.4028
2383.4038
2383.4051
2383.4063
2383.4074
2383.4082
2383.4088
2383.4094
2383.4101
2383.4114
2383.4137
2383.4176
2383.4233
2383.4305
2383.4385
2383.4459
2383.4516
2383.4586
2383.4901
2383.6948
2384.8948
2390.7053
2413.4124
2409.6844
2383.4014
2383.4016
2383.4019
2383.4023
2383.4026
2383.403
2383.4035
2383.4039
2383.4044
2383.4048
2383.4053
2383.4057
2383.4062
2383.4067
2383.4073
2383.4079
2383.4087
2383.4097
2383.411
2383.4123
2383.4134
2383.4143
2383.4149
2383.4156
2383.4164
2383.4177
2383.4201
2383.4239
2383.4294
2383.4364
2383.4441
2383.4513
2383.457
2383.4641
2383.4956
2383.7002
2384.8996
2390.7069
2413.4189
2409.709
2383.4071
2383.4072
2383.4076
2383.4079
2383.4083
2383.4087
2383.4091
2383.4096
2383.41
2383.4105
2383.411
2383.4114
2383.4119
2383.4125
2383.413
2383.4136
2383.4145
2383.4155
2383.4168
2383.4181
2383.4192
2383.4202
2383.4209
2383.4216
2383.4225
2383.4239
2383.4263
2383.43
2383.4354
2383.4422
2383.4495
2383.4565
2383.4623
2383.4694
2383.5009
2383.7055
2384.9043
2390.709
2413.4262
2409.7351
2383.4126
2383.4128
2383.4131
2383.4135
2383.4139
2383.4143
2383.4147
2383.4152
2383.4156
2383.4161
2383.4165
2383.417
2383.4175
2383.4181
2383.4186
2383.4193
2383.4201
2383.4212
2383.4225
2383.4238
2383.425
2383.426
2383.4268
2383.4275
2383.4285
2383.43
2383.4323
2383.4361
2383.4413
2383.4478
2383.4549
2383.4617
2383.4674
2383.4745
2383.5061
2383.7107
2384.9091
2390.7115
2413.4343
2409.7627
2383.4181
2383.4182
2383.4186
2383.4189
2383.4193
2383.4197
2383.4202
2383.4206
2383.4211
2383.4215
2383.422
2383.4225
2383.423
2383.4236
2383.4241
2383.4248
2383.4256
2383.4267
2383.4281
2383.4294
2383.4306
2383.4317
2383.4325
2383.4334
2383.4344
2383.4359
2383.4383
2383.4419
2383.447
2383.4533
2383.4602
2383.4667
2383.4724
2383.4796
2383.5112
2383.7158
2384.9139
2390.7145
2413.4431
2409.792
2383.4234
2383.4236
2383.4239
2383.4243
2383.4247
2383.4251
2383.4255
2383.426
2383.4264
2383.4269
2383.4274
2383.4279
2383.4284
2383.4289
2383.4295
2383.4302
2383.4311
2383.4322
2383.4335
2383.4349
2383.4362
2383.4372
2383.4382
2383.439
2383.4401
2383.4417
2383.4441
2383.4477
2383.4527
2383.4587
2383.4654
2383.4717
2383.4773
2383.4845
2383.5162
2383.7208
2384.9187
2390.7179
2413.4527
2409.8233
2383.4286
2383.4288
2383.4291
2383.4295
2383.4299
2383.4303
2383.4307
2383.4312
2383.4316
2383.4321
2383.4326
2383.4331
2383.4336
2383.4342
2383.4348
2383.4355
2383.4364
2383.4375
2383.4389
2383.4403
2383.4416
2383.4427
2383.4437
2383.4446
2383.4458
2383.4474
2383.4498
2383.4533
2383.4582
2383.464
2383.4704
2383.4765
2383.4821
2383.4894
2383.521
2383.7257
2384.9235
2390.7217
2413.463
2409.8567
2383.4337
2383.4339
2383.4342
2383.4346
2383.435
2383.4354
2383.4358
2383.4363
2383.4368
2383.4373
2383.4377
2383.4383
2383.4388
2383.4394
2383.44
2383.4407
2383.4416
2383.4427
2383.4441
2383.4456
2383.4469
2383.4481
2383.4491
2383.4501
2383.4513
2383.4529
2383.4553
2383.4588
2383.4635
2383.4692
2383.4754
2383.4813
2383.4868
2383.4941
2383.5258
2383.7306
2384.9283
2390.7258
2413.474
2409.8925
2383.4387
2383.4389
2383.4392
2383.4396
2383.44
2383.4404
2383.4409
2383.4413
2383.4418
2383.4423
2383.4428
2383.4433
2383.4438
2383.4444
2383.445
2383.4458
2383.4467
2383.4478
2383.4493
2383.4508
2383.4521
2383.4533
2383.4544
2383.4554
2383.4567
2383.4583
2383.4608
2383.4642
2383.4688
2383.4743
2383.4803
2383.486
2383.4913
2383.4987
2383.5304
2383.7353
2384.9331
2390.7304
2413.4858
2409.9312
2383.4436
2383.4438
2383.4441
2383.4445
2383.4449
2383.4453
2383.4457
2383.4462
2383.4467
2383.4472
2383.4477
2383.4482
2383.4488
2383.4493
2383.45
2383.4507
2383.4517
2383.4529
2383.4543
2383.4558
2383.4572
2383.4584
2383.4596
2383.4607
2383.462
2383.4637
2383.4661
2383.4695
2383.4739
2383.4793
2383.485
2383.4906
2383.4958
2383.5032
2383.535
2383.7399
2384.9379
2390.7352
2413.4984
2409.973
2383.4484
2383.4486
2383.4489
2383.4493
2383.4497
2383.4501
2383.4505
2383.451
2383.4515
2383.452
2383.4525
2383.453
2383.4536
2383.4542
2383.4548
2383.4556
2383.4565
2383.4578
2383.4592
2383.4608
2383.4622
2383.4635
2383.4646
2383.4658
2383.4671
2383.4689
2383.4713
2383.4746
2383.479
2383.4841
2383.4897
2383.495
2383.5001
2383.5075
2383.5394
2383.7445
2384.9427
2390.7404
2413.5118
2410.0186
2383.453
2383.4532
2383.4536
2383.4539
2383.4543
2383.4548
2383.4552
2383.4557
2383.4562
2383.4567
2383.4572
2383.4577
2383.4583
2383.4589
2383.4596
2383.4603
2383.4613
2383.4625
2383.464
2383.4656
2383.4671
2383.4684
2383.4696
2383.4708
2383.4722
2383.4739
2383.4764
2383.4796
2383.4839
2383.4889
2383.4943
2383.4994
2383.5044
2383.5118
2383.5437
2383.7489
2384.9475
2390.746
2413.5259
2410.0684
2383.4576
2383.4578
2383.4581
2383.4585
2383.4589
2383.4593
2383.4598
2383.4603
2383.4607
2383.4612
2383.4618
2383.4623
2383.4629
2383.4635
2383.4642
2383.465
2383.466
2383.4672
2383.4687
2383.4703
2383.4718
2383.4732
2383.4744
2383.4757
2383.4771
2383.4789
2383.4813
2383.4845
2383.4887
2383.4935
2383.4987
2383.5037
2383.5086
2383.5159
2383.5479
2383.7532
2384.9523
2390.7518
2413.5409
2410.1233
2383.4621
2383.4623
2383.4626
2383.463
2383.4634
2383.4638
2383.4642
2383.4647
2383.4652
2383.4657
2383.4663
2383.4668
2383.4674
2383.468
2383.4687
2383.4695
2383.4705
2383.4718
2383.4734
2383.475
2383.4765
2383.4779
2383.4792
2383.4805
2383.4819
2383.4837
2383.4861
2383.4893
2383.4934
2383.4981
2383.5031
2383.508
2383.5127
2383.5199
2383.552
2383.7575
2384.9571
2390.758
2413.5568
2410.1839
2383.4664
2383.4666
2383.4669
2383.4673
2383.4677
2383.4681
2383.4686
2383.4691
2383.4696
2383.4701
2383.4706
2383.4712
2383.4718
2383.4724
2383.4731
2383.474
2383.475
2383.4763
2383.4779
2383.4795
2383.4811
2383.4825
2383.4838
2383.4852
2383.4866
2383.4885
2383.4909
2383.494
2383.4979
2383.5025
2383.5074
2383.5121
2383.5167
2383.5239
2383.556
2383.7616
2384.9618
2390.7645
2413.5737
2410.2514
2383.4706
2383.4709
2383.4712
2383.4716
2383.472
2383.4724
2383.4729
2383.4734
2383.4738
2383.4744
2383.4749
2383.4755
2383.4761
2383.4767
2383.4775
2383.4783
2383.4793
2383.4807
2383.4823
2383.4839
2383.4855
2383.487
2383.4883
2383.4897
2383.4912
2383.4931
2383.4955
2383.4986
2383.5024
2383.5068
2383.5115
2383.5161
2383.5206
2383.5277
2383.5598
2383.7657
2384.9665
2390.7714
2413.5915
2410.3268
2383.4748
2383.475
2383.4753
2383.4757
2383.4761
2383.4765
2383.477
2383.4775
2383.478
2383.4785
2383.4791
2383.4796
2383.4803
2383.4809
2383.4817
2383.4825
2383.4836
2383.4849
2383.4865
2383.4882
2383.4899
2383.4914
2383.4928
2383.4942
2383.4957
2383.4976
2383.5
2383.503
2383.5067
2383.511
2383.5156
2383.52
2383.5244
2383.5315
2383.5636
2383.7696
2384.9713
2390.7786
2413.6103
2410.4116
2383.4788
2383.479
2383.4794
2383.4798
2383.4802
2383.4806
2383.481
2383.4816
2383.482
2383.4826
2383.4831
2383.4837
2383.4843
2383.485
2383.4858
2383.4866
2383.4877
2383.4891
2383.4907
2383.4925
2383.4941
2383.4956
2383.4971
2383.4985
2383.5001
2383.502
2383.5044
2383.5073
2383.511
2383.5152
2383.5196
2383.5239
2383.5281
2383.5351
2383.5672
2383.7735
2384.976
2390.7861
2413.6302
2410.5074
2383.4827
2383.483
2383.4833
2383.4837
2383.4841
2383.4845
2383.485
2383.4855
2383.486
2383.4865
2383.4871
2383.4877
2383.4883
2383.489
2383.4898
2383.4907
2383.4918
2383.4932
2383.4948
2383.4966
2383.4983
2383.4998
2383.5013
2383.5028
2383.5044
2383.5063
2383.5086
2383.5116
2383.5151
2383.5192
2383.5235
2383.5276
2383.5318
2383.5387
2383.5708
2383.7773
2384.9807
2390.794
2413.6514
2410.6164
2383.4866
2383.4868
2383.4871
2383.4875
2383.4879
2383.4884
2383.4888
2383.4893
2383.4898
2383.4904
2383.491
2383.4916
2383.4922
2383.4929
2383.4937
2383.4946
2383.4957
2383.4971
2383.4988
2383.5006
2383.5023
2383.5039
2383.5054
2383.5069
2383.5086
2383.5105
2383.5128
2383.5157
2383.5192
2383.5231
2383.5273
2383.5313
2383.5353
2383.5422
2383.5743
2383.781
2384.9854
2390.8023
2413.6737
2410.7408
2383.4903
2383.4905
2383.4909
2383.4913
2383.4917
2383.4921
2383.4926
2383.4931
2383.4936
2383.4941
2383.4947
2383.4953
2383.496
2383.4967
2383.4975
2383.4984
2383.4996
2383.501
2383.5027
2383.5045
2383.5062
2383.5079
2383.5094
2383.511
2383.5126
2383.5145
2383.5169
2383.5197
2383.5231
2383.5269
2383.5309
2383.5348
2383.5388
2383.5456
2383.5777
2383.7846
2384.9902
2390.811
2413.6974
2410.8835
2383.4939
2383.4941
2383.4945
2383.4949
2383.4953
2383.4957
2383.4962
2383.4967
2383.4972
2383.4978
2383.4984
2383.499
2383.4997
2383.5004
2383.5012
2383.5021
2383.5033
2383.5048
2383.5065
2383.5083
2383.5101
2383.5117
2383.5133
2383.5149
2383.5166
2383.5185
2383.5208
2383.5236
2383.5269
2383.5306
2383.5345
2383.5383
2383.5422
2383.5489
2383.5811
2383.7882
2384.9949
2390.8201
2413.7226
2411.048
2383.4975
2383.4977
2383.498
2383.4984
2383.4988
2383.4993
2383.4997
2383.5003
2383.5008
2383.5013
2383.5019
2383.5026
2383.5032
2383.504
2383.5048
2383.5058
2383.5069
2383.5084
2383.5102
2383.512
2383.5138
2383.5155
2383.5171
2383.5187
2383.5204
2383.5224
2383.5247
2383.5274
2383.5306
2383.5343
2383.538
2383.5417
2383.5455
2383.5522
2383.5843
2383.7917
2384.9998
2390.8297
2413.7492
2411.2383
2383.5009
2383.5011
2383.5015
2383.5019
2383.5023
2383.5027
2383.5032
2383.5037
2383.5042
2383.5048
2383.5054
2383.506
2383.5067
2383.5075
2383.5083
2383.5093
2383.5105
2383.512
2383.5138
2383.5156
2383.5175
2383.5192
2383.5208
2383.5224
2383.5242
2383.5261
2383.5284
2383.5311
2383.5343
2383.5378
2383.5414
2383.545
2383.5487
2383.5553
2383.5875
2383.7952
2385.0046
2390.8398
2413.7776
2411.4593
2383.5042
2383.5044
2383.5048
2383.5052
2383.5056
2383.506
2383.5065
2383.5071
2383.5076
2383.5081
2383.5088
2383.5094
2383.5101
2383.5109
2383.5117
2383.5127
2383.5139
2383.5154
2383.5172
2383.5192
2383.521
2383.5227
2383.5244
2383.5261
2383.5278
2383.5298
2383.532
2383.5347
2383.5378
2383.5412
2383.5448
2383.5482
2383.5518
2383.5584
2383.5905
2383.7986
2385.0096
2390.8505
2413.8077
2411.7168
2383.5075
2383.5077
2383.508
2383.5084
2383.5088
2383.5093
2383.5098
2383.5103
2383.5108
2383.5114
2383.512
2383.5127
2383.5134
2383.5142
2383.515
2383.516
2383.5173
2383.5188
2383.5206
2383.5226
2383.5244
2383.5262
2383.5279
2383.5296
2383.5314
2383.5333
2383.5356
2383.5382
2383.5412
2383.5445
2383.548
2383.5513
2383.5549
2383.5614
2383.5935
2383.8019
2385.0146
2390.8618
2413.8397
2412.0175
2383.5106
2383.5108
2383.5112
2383.5116
2383.512
2383.5124
2383.5129
2383.5135
2383.514
2383.5146
2383.5152
2383.5158
2383.5166
2383.5174
2383.5182
2383.5193
2383.5205
2383.5221
2383.5239
2383.5259
2383.5278
2383.5296
2383.5313
2383.533
2383.5348
2383.5368
2383.539
2383.5416
2383.5445
2383.5478
2383.5511
2383.5544
2383.5578
2383.5643
2383.5965
2383.8051
2385.0197
2390.8739
2413.8738
2412.3695
2383.5136
2383.5139
2383.5142
2383.5146
2383.515
2383.5155
2383.516
2383.5165
2383.517
2383.5176
2383.5183
2383.5189
2383.5197
2383.5205
2383.5214
2383.5224
2383.5237
2383.5253
2383.5271
2383.5291
2383.5311
2383.5329
2383.5346
2383.5364
2383.5382
2383.5401
2383.5424
2383.5449
2383.5478
2383.5509
2383.5542
2383.5573
2383.5607
2383.5671
2383.5993
2383.8084
2385.0249
2390.8868
2413.91
2412.7824
2383.5166
2383.5168
2383.5172
2383.5176
2383.518
2383.5185
2383.5189
2383.5195
2383.52
2383.5206
2383.5213
2383.5219
2383.5227
2383.5235
2383.5244
2383.5255
2383.5267
2383.5284
2383.5303
2383.5323
2383.5342
2383.5361
2383.5378
2383.5396
2383.5414
2383.5434
2383.5456
2383.5481
2383.5509
2383.554
2383.5571
2383.5602
2383.5635
2383.5698
2383.6021
2383.8115
2385.0302
2390.9007
2413.9487
2413.2673
2383.5195
2383.5197
2383.5201
2383.5205
2383.5209
2383.5214
2383.5219
2383.5224
2383.5229
2383.5235
2383.5242
2383.5249
2383.5256
2383.5264
2383.5274
2383.5284
2383.5297
2383.5314
2383.5333
2383.5353
2383.5373
2383.5392
2383.541
2383.5428
2383.5446
2383.5466
2383.5488
2383.5512
2383.554
2383.557
2383.56
2383.563
2383.5662
2383.5725
2383.6048
2383.8147
2385.0357
2390.9156
2413.99
2413.837
2383.5224
2383.5227
2383.523
2383.5234
2383.5238
2383.5243
2383.5248
2383.5253
2383.5259
2383.5265
2383.5271
2383.5278
2383.5286
2383.5294
2383.5303
2383.5314
2383.5327
2383.5344
2383.5363
2383.5384
2383.5404
2383.5423
2383.5441
2383.5459
2383.5477
2383.5497
2383.5519
2383.5543
2383.557
2383.5599
2383.5629
2383.5658
2383.5689
2383.5752
2383.6075
2383.8179
2385.0415
2390.9319
2414.0346
2414.5064
2383.5256
2383.5258
2383.5262
2383.5266
2383.527
2383.5274
2383.5279
2383.5285
2383.529
2383.5296
2383.5303
2383.531
2383.5317
2383.5326
2383.5335
2383.5346
2383.5359
2383.5375
2383.5395
2383.5415
2383.5435
2383.5454
2383.5472
2383.549
2383.5509
2383.5529
2383.555
2383.5574
2383.5601
2383.5629
2383.5658
2383.5687
2383.5718
2383.578
2383.6104
2383.8212
2385.0477
2390.9497
2414.084
2415.2922
2383.5295
2383.5298
2383.5301
2383.5305
2383.5309
2383.5314
2383.5319
2383.5324
2383.5329
2383.5335
2383.5342
2383.5348
2383.5356
2383.5364
2383.5373
2383.5383
2383.5396
2383.5413
2383.5431
2383.5452
2383.5471
2383.549
2383.5508
2383.5526
2383.5544
2383.5563
2383.5584
2383.5608
2383.5634
2383.5662
2383.5691
2383.572
2383.5751
2383.5813
2383.6138
2383.8252
2385.0549
2390.9698
2414.1404
2416.2131
2383.5357
2383.536
2383.5363
2383.5367
2383.5371
2383.5375
2383.538
2383.5385
2383.539
2383.5395
2383.5401
2383.5407
2383.5414
2383.5421
2383.543
2383.5439
2383.5451
2383.5466
2383.5484
2383.5503
2383.5521
2383.5538
2383.5555
2383.5572
2383.5589
2383.5608
2383.5629
2383.5652
2383.5678
2383.5707
2383.5736
2383.5765
2383.5797
2383.5861
2383.6188
2383.831
2385.0641
2390.9938
2414.209
2417.2895
2383.5475
2383.5478
2383.5481
2383.5485
2383.5488
2383.5492
2383.5496
2383.5501
2383.5505
2383.5509
2383.5514
2383.5519
2383.5524
2383.5529
2383.5535
2383.5542
2383.5552
2383.5563
2383.5578
2383.5593
2383.5608
2383.5622
2383.5635
2383.5649
2383.5664
2383.5681
2383.5701
2383.5724
2383.5751
2383.5781
2383.5814
2383.5846
2383.5881
2383.5949
2383.628
2383.8412
2385.0784
2391.0249
2414.2993
2418.5422
2383.5729
2383.5732
2383.5735
2383.5738
2383.5741
2383.5743
2383.5746
2383.5749
2383.5751
2383.5753
2383.5755
2383.5757
2383.5758
2383.5759
2383.576
2383.5761
2383.5764
2383.5769
2383.5775
2383.5782
2383.5788
2383.5793
2383.5799
2383.5806
2383.5815
2383.5828
2383.5846
2383.5869
2383.5899
2383.5935
2383.5974
2383.6015
2383.6059
2383.6136
2383.6476
2383.8623
2385.1045
2391.071
2414.4298
2419.9909
2383.6293
2383.6296
2383.6299
2383.63
2383.6301
2383.6302
2383.6302
2383.6301
2383.6299
2383.6297
2383.6292
2383.6287
2383.628
2383.6271
2383.6261
2383.6249
2383.6238
2383.6226
2383.6215
2383.6204
2383.6191
2383.6177
2383.6164
2383.6155
2383.6151
2383.6155
2383.6168
2383.6193
2383.623
2383.6278
2383.6334
2383.6395
2383.646
2383.6556
2383.6917
2383.9089
2385.1577
2391.1489
2414.6344
2421.6498
2383.7529
2383.7533
2383.7534
2383.7534
2383.7531
2383.7527
2383.7522
2383.7514
2383.7504
2383.749
2383.7474
2383.7454
2383.743
2383.7402
2383.7369
2383.7331
2383.7289
2383.7245
2383.7198
2383.7147
2383.7094
2383.7041
2383.699
2383.6946
2383.6915
2383.6899
2383.6903
2383.6931
2383.6983
2383.7057
2383.715
2383.7252
2383.736
2383.7497
2383.79
2384.0119
2385.2702
2391.2931
2414.9724
2423.5214
2384.0134
2384.014
2384.0139
2384.0134
2384.0125
2384.0112
2384.0095
2384.0074
2384.0048
2384.0015
2383.9976
2383.9928
2383.9872
2383.9806
2383.9728
2383.964
2383.9541
2383.9433
2383.9316
2383.919
2383.9059
2383.8927
2383.8801
2383.8689
2383.8602
2383.8546
2383.8532
2383.8565
2383.8647
2383.8774
2383.8938
2383.9123
2383.9315
2383.9532
2384.0015
2384.232
2385.5047
2391.5701
2415.5414
2425.5836
2384.5328
2384.5338
2384.5334
2384.532
2384.5299
2384.5271
2384.5235
2384.519
2384.5135
2384.5068
2384.4987
2384.4891
2384.4777
2384.4644
2384.4488
2384.431
2384.411
2384.3887
2384.3644
2384.3383
2384.311
2384.2835
2384.257
2384.2333
2384.2141
2384.2012
2384.1963
2384.2004
2384.2138
2384.2362
2384.2655
2384.2988
2384.3331
2384.3695
2384.432
2384.6778
2385.973
2392.0955
2416.4886
2427.7662
2385.4962
2385.4979
2385.4971
2385.4942
2385.4902
2385.4849
2385.4782
2385.4699
2385.4597
2385.4474
2385.4327
2385.4151
2385.3945
2385.3702
2385.3421
2385.3098
2385.2732
2385.2323
2385.1875
2385.1393
2385.0887
2385.0375
2384.988
2384.9432
2384.9064
2384.8808
2384.8694
2384.8744
2384.8961
2384.9338
2384.9839
2385.0412
2385.1
2385.1604
2385.2463
2385.5176
2386.8473
2393.0441
2418.0139
2429.9108
2387.1227
2387.1257
2387.1243
2387.1192
2387.1123
2387.1034
2387.0921
2387.0781
2387.0611
2387.0407
2387.0163
2386.9873
2386.9532
2386.9132
2386.8668
2386.8136
2386.7531
2386.6854
2386.6108
2386.5303
2386.4457
2386.3596
2386.276
2386.1997
2386.1361
2386.0907
2386.0686
2386.0737
2386.1061
2386.1648
2386.2438
2386.3348
2386.4285
2386.5239
2386.6441
2386.9543
2388.3336
2394.6196
2420.2702
2431.6692
2389.5287
2389.5339
2389.5318
2389.5239
2389.5133
2389.4996
2389.4824
2389.4612
2389.4356
2389.4048
2389.3682
2389.3248
2389.2739
2389.2144
2389.1455
2389.0663
2388.9763
2388.8755
2388.7642
2388.6437
2388.5166
2388.3868
2388.26
2388.143
2388.0442
2387.9717
2387.9332
2387.9348
2387.9768
2388.0575
2388.1686
2388.298
2388.4326
2388.5709
2388.7348
2389.0976
2390.5413
2396.9173
2423.1873
2432.3573
2392.3681
2392.3762
2392.3736
2392.3626
2392.3481
2392.3292
2392.3057
2392.277
2392.2423
2392.2009
2392.1518
2392.0939
2392.0264
2391.9477
2391.8568
2391.7526
2391.6345
2391.5021
2391.3559
2391.1974
2391.0297
2390.8575
2390.6878
2390.5295
2390.3929
2390.2888
2390.2274
2390.2164
2390.2577
2390.3481
2390.4792
2390.6362
2390.8037
2390.9814
2391.19
2391.6135
2393.1276
2399.5629
2426.0161
2430.9601
2393.973
2393.9843
2393.9818
2393.9685
2393.951
2393.9283
2393.9003
2393.8663
2393.8255
2393.7771
2393.7203
2393.6539
2393.5768
2393.4878
2393.3858
2393.2695
2393.1384
2392.9919
2392.8306
2392.6556
2392.4699
2392.278
2392.0868
2391.905
2391.743
2391.6119
2391.5225
2391.4833
2391.4984
2391.5647
2391.6776
2391.8238
2391.9909
2392.182
2392.4173
2392.892
2394.4591
2400.8738
2426.6703
2425.2249
2390.6171
2390.6314
2390.6298
2390.616
2390.5979
2390.5745
2390.5461
2390.5119
2390.4714
2390.4241
2390.3694
2390.3066
2390.2348
2390.1535
2390.0618
2389.959
2389.8447
2389.7188
2389.5812
2389.4326
2389.2744
2389.1092
2388.9405
2388.7734
2388.6142
2388.4696
2388.3475
2388.255
2388.1987
2388.1808
2388.2054
2388.2705
2388.3751
2388.5286
2388.752
2389.2502
2390.825
2397.0855
2420.7975
2410.9921
2374.021
2374.037
2374.0376
2374.0265
2374.0118
2373.9926
2373.9702
2373.9442
2373.9139
2373.8796
2373.8423
2373.8016
2373.757
2373.7101
2373.6608
2373.6093
2373.5561
2373.5016
2373.4455
2373.3865
2373.3233
2373.2536
2373.1736
2373.0788
2372.9648
2372.8277
2372.6665
2372.4838
2372.2903
2372.1
2371.9369
2371.8205
2371.7748
2371.8176
2371.9702
2372.4451
2373.9484
2379.864
2399.6555
2380.0659
2327.8082
2327.824
2327.8283
2327.8234
2327.8162
2327.8063
2327.7965
2327.787
2327.7766
2327.7672
2327.7619
2327.7609
2327.7641
2327.7766
2327.7993
2327.8337
2327.882
2327.9453
2328.023
2328.1117
2328.2055
2328.2952
2328.3656
2328.3976
2328.3705
2328.2627
2328.0594
2327.7564
2327.3692
2326.9309
2326.4952
2326.1126
2325.8428
2325.7119
2325.7371
2326.137
2327.4657
2332.8084
2346.9907
2318.6003
2220.8314
2220.8452
2220.8543
2220.8579
2220.8607
2220.8625
2220.8688
2220.8799
2220.8937
2220.9137
2220.9463
2220.9913
2221.0489
2221.1286
2221.2319
2221.3615
2221.5215
2221.7141
2221.9385
2222.1885
2222.4542
2222.719
2222.9557
2223.1298
2223.2021
2223.1326
2222.8927
2222.4689
2221.8842
2221.1919
2220.4786
2219.825
2219.3279
2219.0148
2218.8926
2219.1877
2220.2395
2224.7672
2232.4816
2199.3772
1991.7469
1991.758
1991.7714
1991.7825
1991.7936
1991.8042
1991.8229
1991.8498
1991.8808
1991.921
1991.9797
1992.0552
1992.1475
1992.2693
1992.4222
1992.6091
1992.8352
1993.1032
1993.4125
1993.7554
1994.12
1994.4861
1994.8202
1995.0793
1995.2147
1995.1757
1994.9268
1994.4505
1993.7736
1992.9613
1992.1179
1991.3366
1990.7333
1990.3272
1990.1056
1990.3021
1991.0059
1994.46
1996.4235
1965.851
1498.9908
1498.9978
1499.0101
1499.022
1499.0337
1499.0448
1499.0635
1499.0896
1499.1183
1499.1546
1499.2069
1499.2723
1499.3508
1499.4535
1499.581
1499.7353
1499.9208
1500.1397
1500.3916
1500.6706
1500.9673
1501.2664
1501.5412
1501.7576
1501.8769
1501.8585
1501.6733
1501.309
1500.7864
1500.1582
1499.5079
1498.9053
1498.4436
1498.1273
1497.9306
1498.0486
1498.3898
1500.4361
1499.3476
1479.9539
)
;

boundaryField
{
    piston
    {
        type            fixedValue;
        value           uniform 485.2;
    }
    cylinderHead
    {
        type            fixedValue;
        value           uniform 525.2;
    }
    cylinderWall
    {
        type            fixedValue;
        value           uniform 430.1;
    }
    wedgeFront
    {
        type            wedge;
    }
    wedgeBack
    {
        type            wedge;
    }
    axis
    {
        type            empty;
    }
}


// ************************************************************************* //
