/*--------------------------------*- C++ -*----------------------------------*\
  =========                 |
  \\      /  F ield         | OpenFOAM: The Open Source CFD Toolbox
   \\    /   O peration     | Website:  https://openfoam.org
    \\  /    A nd           | Version:  13
     \\/     M anipulation  |
\*---------------------------------------------------------------------------*/
FoamFile
{
    format      ascii;
    class       volScalarField;
    location    "-20";
    object      p;
}
// * * * * * * * * * * * * * * * * * * * * * * * * * * * * * * * * * * * * * //

dimensions      [1 -1 -2 0 0 0 0];

internalField   nonuniform List<scalar> 
4800
(
1685432.5
1685432.5
1685432.5
1685432.5
1685432.5
1685432.5
1685432.5
1685432.5
1685432.4
1685432.4
1685432.4
1685432.4
1685432.4
1685432.4
1685432.4
1685432.4
1685432.4
1685432.4
1685432.4
1685432.3
1685432.3
1685432.3
1685432.3
1685432.3
1685432.4
1685432.4
1685432.4
1685432.5
1685432.3
1685432
1685431.5
1685430.9
1685430.3
1685430.1
1685430.5
1685431.1
1685431.8
1685432.9
1685436.1
1685441.3
1685432.9
1685432.9
1685432.9
1685432.9
1685432.9
1685432.9
1685432.8
1685432.8
1685432.8
1685432.8
1685432.8
1685432.8
1685432.8
1685432.8
1685432.8
1685432.8
1685432.8
1685432.8
1685432.7
1685432.7
1685432.7
1685432.7
1685432.7
1685432.7
1685432.7
1685432.8
1685432.8
1685432.9
1685432.7
1685432.4
1685432
1685431.4
1685430.8
1685430.5
1685430.9
1685431.5
1685432.2
1685433.2
1685436.2
1685441.2
1685433.2
1685433.2
1685433.2
1685433.2
1685433.2
1685433.2
1685433.2
1685433.2
1685433.1
1685433.1
1685433.1
1685433.1
1685433.1
1685433.1
1685433.1
1685433.1
1685433.1
1685433.1
1685433.1
1685433
1685433
1685433
1685433
1685433
1685433.1
1685433.1
1685433.1
1685433.2
1685433
1685432.8
1685432.3
1685431.8
1685431.1
1685430.8
1685431.2
1685431.8
1685432.5
1685433.5
1685436.3
1685441
1685433.5
1685433.5
1685433.5
1685433.5
1685433.5
1685433.5
1685433.4
1685433.4
1685433.4
1685433.4
1685433.4
1685433.4
1685433.4
1685433.4
1685433.4
1685433.4
1685433.4
1685433.4
1685433.3
1685433.3
1685433.3
1685433.3
1685433.3
1685433.3
1685433.3
1685433.4
1685433.4
1685433.5
1685433.3
1685433.1
1685432.6
1685432
1685431.3
1685431.1
1685431.4
1685432.1
1685432.7
1685433.6
1685436.2
1685440.9
1685433.7
1685433.7
1685433.7
1685433.7
1685433.7
1685433.7
1685433.7
1685433.7
1685433.7
1685433.7
1685433.7
1685433.7
1685433.7
1685433.7
1685433.7
1685433.7
1685433.7
1685433.6
1685433.6
1685433.6
1685433.6
1685433.6
1685433.6
1685433.6
1685433.6
1685433.7
1685433.7
1685433.7
1685433.6
1685433.4
1685432.9
1685432.3
1685431.6
1685431.3
1685431.7
1685432.4
1685433
1685433.8
1685436.1
1685440.6
1685434
1685434
1685434
1685434
1685434
1685434
1685434
1685434
1685434
1685434
1685434
1685434
1685434
1685434
1685434
1685434
1685433.9
1685433.9
1685433.9
1685433.9
1685433.9
1685433.9
1685433.9
1685433.9
1685433.9
1685433.9
1685434
1685434
1685433.9
1685433.7
1685433.2
1685432.5
1685431.8
1685431.6
1685432
1685432.6
1685433.2
1685434
1685436
1685440.3
1685434.3
1685434.3
1685434.3
1685434.3
1685434.3
1685434.3
1685434.3
1685434.3
1685434.3
1685434.3
1685434.3
1685434.3
1685434.3
1685434.3
1685434.3
1685434.2
1685434.2
1685434.2
1685434.2
1685434.2
1685434.2
1685434.2
1685434.2
1685434.2
1685434.2
1685434.2
1685434.3
1685434.3
1685434.2
1685434
1685433.5
1685432.7
1685432
1685431.8
1685432.2
1685432.9
1685433.4
1685434.1
1685435.9
1685440
1685434.6
1685434.6
1685434.6
1685434.6
1685434.6
1685434.6
1685434.6
1685434.6
1685434.6
1685434.6
1685434.6
1685434.6
1685434.6
1685434.6
1685434.5
1685434.5
1685434.5
1685434.5
1685434.5
1685434.5
1685434.5
1685434.5
1685434.5
1685434.5
1685434.5
1685434.5
1685434.6
1685434.6
1685434.5
1685434.3
1685433.8
1685433
1685432.2
1685432
1685432.5
1685433.2
1685433.7
1685434.2
1685435.7
1685439.7
1685434.9
1685434.9
1685434.9
1685434.9
1685434.9
1685434.9
1685434.9
1685434.9
1685434.9
1685434.9
1685434.9
1685434.9
1685434.9
1685434.8
1685434.8
1685434.8
1685434.8
1685434.8
1685434.8
1685434.8
1685434.8
1685434.8
1685434.8
1685434.8
1685434.8
1685434.8
1685434.8
1685434.9
1685434.8
1685434.5
1685434
1685433.2
1685432.5
1685432.3
1685432.8
1685433.5
1685433.9
1685434.4
1685435.6
1685439.4
1685435.2
1685435.2
1685435.2
1685435.2
1685435.2
1685435.2
1685435.2
1685435.2
1685435.2
1685435.2
1685435.2
1685435.2
1685435.1
1685435.1
1685435.1
1685435.1
1685435.1
1685435.1
1685435.1
1685435.1
1685435.1
1685435.1
1685435.1
1685435.1
1685435.1
1685435.1
1685435.1
1685435.1
1685435
1685434.8
1685434.3
1685433.5
1685432.7
1685432.6
1685433
1685433.8
1685434.2
1685434.5
1685435.6
1685439.1
1685435.5
1685435.5
1685435.5
1685435.5
1685435.5
1685435.5
1685435.5
1685435.5
1685435.5
1685435.5
1685435.4
1685435.4
1685435.4
1685435.4
1685435.4
1685435.4
1685435.4
1685435.4
1685435.4
1685435.4
1685435.4
1685435.3
1685435.3
1685435.3
1685435.4
1685435.4
1685435.4
1685435.4
1685435.3
1685435.1
1685434.5
1685433.7
1685433
1685432.8
1685433.3
1685434
1685434.4
1685434.7
1685435.5
1685438.9
1685435.8
1685435.8
1685435.8
1685435.8
1685435.8
1685435.8
1685435.8
1685435.8
1685435.7
1685435.7
1685435.7
1685435.7
1685435.7
1685435.7
1685435.7
1685435.7
1685435.7
1685435.7
1685435.7
1685435.6
1685435.6
1685435.6
1685435.6
1685435.6
1685435.6
1685435.7
1685435.7
1685435.7
1685435.6
1685435.3
1685434.8
1685434
1685433.3
1685433.1
1685433.6
1685434.3
1685434.7
1685434.8
1685435.5
1685438.6
1685436
1685436
1685436
1685436
1685436
1685436
1685436
1685436
1685436
1685436
1685436
1685436
1685436
1685436
1685436
1685436
1685436
1685436
1685435.9
1685435.9
1685435.9
1685435.9
1685435.9
1685435.9
1685435.9
1685435.9
1685436
1685436
1685435.8
1685435.6
1685435.1
1685434.3
1685433.6
1685433.4
1685433.9
1685434.6
1685434.9
1685435
1685435.5
1685438.5
1685436.3
1685436.3
1685436.3
1685436.3
1685436.3
1685436.3
1685436.3
1685436.3
1685436.3
1685436.3
1685436.3
1685436.3
1685436.3
1685436.3
1685436.3
1685436.3
1685436.2
1685436.2
1685436.2
1685436.2
1685436.2
1685436.2
1685436.2
1685436.2
1685436.2
1685436.2
1685436.2
1685436.2
1685436.1
1685435.8
1685435.3
1685434.5
1685433.9
1685433.7
1685434.2
1685434.8
1685435.2
1685435.3
1685435.6
1685438.3
1685436.6
1685436.6
1685436.6
1685436.6
1685436.6
1685436.6
1685436.6
1685436.6
1685436.6
1685436.6
1685436.6
1685436.6
1685436.6
1685436.6
1685436.5
1685436.5
1685436.5
1685436.5
1685436.5
1685436.5
1685436.5
1685436.5
1685436.5
1685436.5
1685436.5
1685436.5
1685436.5
1685436.5
1685436.4
1685436.1
1685435.6
1685434.8
1685434.2
1685434.1
1685434.5
1685435.1
1685435.4
1685435.5
1685435.7
1685438.2
1685436.9
1685436.9
1685436.9
1685436.9
1685436.9
1685436.9
1685436.9
1685436.9
1685436.9
1685436.9
1685436.8
1685436.8
1685436.8
1685436.8
1685436.8
1685436.8
1685436.8
1685436.8
1685436.8
1685436.8
1685436.8
1685436.8
1685436.8
1685436.8
1685436.8
1685436.8
1685436.8
1685436.8
1685436.6
1685436.4
1685435.9
1685435.1
1685434.5
1685434.4
1685434.8
1685435.3
1685435.7
1685435.7
1685435.8
1685438.1
1685437.2
1685437.2
1685437.2
1685437.1
1685437.1
1685437.1
1685437.1
1685437.1
1685437.1
1685437.1
1685437.1
1685437.1
1685437.1
1685437.1
1685437.1
1685437.1
1685437.1
1685437.1
1685437.1
1685437
1685437
1685437
1685437
1685437
1685437
1685437
1685437.1
1685437
1685436.9
1685436.6
1685436.1
1685435.4
1685434.9
1685434.7
1685435.1
1685435.6
1685435.9
1685436
1685436
1685438
1685437.4
1685437.4
1685437.4
1685437.4
1685437.4
1685437.4
1685437.4
1685437.4
1685437.4
1685437.4
1685437.4
1685437.4
1685437.4
1685437.4
1685437.4
1685437.4
1685437.3
1685437.3
1685437.3
1685437.3
1685437.3
1685437.3
1685437.3
1685437.3
1685437.3
1685437.3
1685437.3
1685437.3
1685437.2
1685436.9
1685436.4
1685435.8
1685435.2
1685435
1685435.4
1685435.9
1685436.2
1685436.3
1685436.2
1685438
1685437.7
1685437.7
1685437.7
1685437.7
1685437.7
1685437.7
1685437.7
1685437.7
1685437.7
1685437.7
1685437.7
1685437.7
1685437.6
1685437.6
1685437.6
1685437.6
1685437.6
1685437.6
1685437.6
1685437.6
1685437.6
1685437.6
1685437.6
1685437.6
1685437.6
1685437.6
1685437.6
1685437.6
1685437.4
1685437.2
1685436.7
1685436.1
1685435.5
1685435.4
1685435.7
1685436.2
1685436.4
1685436.5
1685436.4
1685438
1685438
1685438
1685438
1685438
1685437.9
1685437.9
1685437.9
1685437.9
1685437.9
1685437.9
1685437.9
1685437.9
1685437.9
1685437.9
1685437.9
1685437.9
1685437.9
1685437.9
1685437.9
1685437.9
1685437.8
1685437.8
1685437.8
1685437.8
1685437.8
1685437.9
1685437.9
1685437.8
1685437.7
1685437.4
1685437
1685436.4
1685435.9
1685435.7
1685436
1685436.4
1685436.7
1685436.8
1685436.6
1685438
1685438.2
1685438.2
1685438.2
1685438.2
1685438.2
1685438.2
1685438.2
1685438.2
1685438.2
1685438.2
1685438.2
1685438.2
1685438.2
1685438.2
1685438.2
1685438.1
1685438.1
1685438.1
1685438.1
1685438.1
1685438.1
1685438.1
1685438.1
1685438.1
1685438.1
1685438.1
1685438.1
1685438.1
1685438
1685437.7
1685437.3
1685436.7
1685436.2
1685436.1
1685436.3
1685436.7
1685436.9
1685437.1
1685436.9
1685438.1
1685438.5
1685438.5
1685438.5
1685438.5
1685438.5
1685438.5
1685438.5
1685438.5
1685438.5
1685438.5
1685438.4
1685438.4
1685438.4
1685438.4
1685438.4
1685438.4
1685438.4
1685438.4
1685438.4
1685438.4
1685438.4
1685438.4
1685438.4
1685438.4
1685438.4
1685438.4
1685438.4
1685438.3
1685438.2
1685438
1685437.6
1685437
1685436.6
1685436.4
1685436.6
1685437
1685437.2
1685437.3
1685437.1
1685438.2
1685438.7
1685438.7
1685438.7
1685438.7
1685438.7
1685438.7
1685438.7
1685438.7
1685438.7
1685438.7
1685438.7
1685438.7
1685438.7
1685438.7
1685438.7
1685438.7
1685438.7
1685438.7
1685438.6
1685438.6
1685438.6
1685438.6
1685438.6
1685438.6
1685438.6
1685438.6
1685438.6
1685438.6
1685438.5
1685438.2
1685437.9
1685437.4
1685436.9
1685436.8
1685436.9
1685437.3
1685437.4
1685437.6
1685437.4
1685438.3
1685439
1685439
1685439
1685439
1685439
1685439
1685439
1685439
1685439
1685439
1685439
1685439
1685438.9
1685438.9
1685438.9
1685438.9
1685438.9
1685438.9
1685438.9
1685438.9
1685438.9
1685438.9
1685438.9
1685438.9
1685438.9
1685438.9
1685438.9
1685438.8
1685438.7
1685438.5
1685438.2
1685437.7
1685437.3
1685437.1
1685437.2
1685437.5
1685437.7
1685437.8
1685437.7
1685438.4
1685439.2
1685439.2
1685439.2
1685439.2
1685439.2
1685439.2
1685439.2
1685439.2
1685439.2
1685439.2
1685439.2
1685439.2
1685439.2
1685439.2
1685439.2
1685439.2
1685439.2
1685439.2
1685439.2
1685439.1
1685439.1
1685439.1
1685439.1
1685439.1
1685439.1
1685439.1
1685439.1
1685439.1
1685439
1685438.8
1685438.4
1685438
1685437.6
1685437.4
1685437.5
1685437.8
1685437.9
1685438.1
1685437.9
1685438.6
1685439.5
1685439.5
1685439.5
1685439.5
1685439.5
1685439.5
1685439.5
1685439.5
1685439.5
1685439.5
1685439.5
1685439.5
1685439.4
1685439.4
1685439.4
1685439.4
1685439.4
1685439.4
1685439.4
1685439.4
1685439.4
1685439.4
1685439.4
1685439.4
1685439.4
1685439.4
1685439.4
1685439.3
1685439.2
1685439
1685438.7
1685438.3
1685437.9
1685437.8
1685437.8
1685438.1
1685438.2
1685438.3
1685438.2
1685438.7
1685439.7
1685439.7
1685439.7
1685439.7
1685439.7
1685439.7
1685439.7
1685439.7
1685439.7
1685439.7
1685439.7
1685439.7
1685439.7
1685439.7
1685439.7
1685439.7
1685439.7
1685439.7
1685439.7
1685439.6
1685439.6
1685439.6
1685439.6
1685439.6
1685439.6
1685439.6
1685439.6
1685439.6
1685439.5
1685439.3
1685439
1685438.6
1685438.2
1685438.1
1685438.1
1685438.3
1685438.4
1685438.6
1685438.4
1685438.9
1685440
1685440
1685440
1685440
1685440
1685440
1685440
1685440
1685440
1685440
1685440
1685439.9
1685439.9
1685439.9
1685439.9
1685439.9
1685439.9
1685439.9
1685439.9
1685439.9
1685439.9
1685439.9
1685439.9
1685439.9
1685439.9
1685439.9
1685439.9
1685439.8
1685439.7
1685439.5
1685439.3
1685438.9
1685438.5
1685438.4
1685438.4
1685438.6
1685438.7
1685438.8
1685438.7
1685439.1
1685440.2
1685440.2
1685440.2
1685440.2
1685440.2
1685440.2
1685440.2
1685440.2
1685440.2
1685440.2
1685440.2
1685440.2
1685440.2
1685440.2
1685440.2
1685440.2
1685440.2
1685440.1
1685440.1
1685440.1
1685440.1
1685440.1
1685440.1
1685440.1
1685440.1
1685440.1
1685440.1
1685440.1
1685440
1685439.8
1685439.5
1685439.2
1685438.8
1685438.7
1685438.7
1685438.9
1685438.9
1685439.1
1685438.9
1685439.3
1685440.5
1685440.5
1685440.5
1685440.5
1685440.5
1685440.5
1685440.4
1685440.4
1685440.4
1685440.4
1685440.4
1685440.4
1685440.4
1685440.4
1685440.4
1685440.4
1685440.4
1685440.4
1685440.4
1685440.4
1685440.4
1685440.4
1685440.4
1685440.4
1685440.4
1685440.4
1685440.4
1685440.3
1685440.2
1685440
1685439.8
1685439.4
1685439.1
1685439
1685439
1685439.1
1685439.2
1685439.3
1685439.2
1685439.5
1685440.7
1685440.7
1685440.7
1685440.7
1685440.7
1685440.7
1685440.7
1685440.7
1685440.7
1685440.7
1685440.7
1685440.7
1685440.7
1685440.7
1685440.6
1685440.6
1685440.6
1685440.6
1685440.6
1685440.6
1685440.6
1685440.6
1685440.6
1685440.6
1685440.6
1685440.6
1685440.6
1685440.5
1685440.5
1685440.3
1685440
1685439.7
1685439.4
1685439.3
1685439.2
1685439.4
1685439.4
1685439.6
1685439.4
1685439.7
1685440.9
1685440.9
1685440.9
1685440.9
1685440.9
1685440.9
1685440.9
1685440.9
1685440.9
1685440.9
1685440.9
1685440.9
1685440.9
1685440.9
1685440.9
1685440.9
1685440.9
1685440.9
1685440.9
1685440.9
1685440.9
1685440.8
1685440.8
1685440.8
1685440.9
1685440.8
1685440.8
1685440.8
1685440.7
1685440.5
1685440.3
1685440
1685439.7
1685439.5
1685439.5
1685439.6
1685439.7
1685439.8
1685439.7
1685439.9
1685441.2
1685441.2
1685441.2
1685441.2
1685441.2
1685441.2
1685441.1
1685441.1
1685441.1
1685441.1
1685441.1
1685441.1
1685441.1
1685441.1
1685441.1
1685441.1
1685441.1
1685441.1
1685441.1
1685441.1
1685441.1
1685441.1
1685441.1
1685441.1
1685441.1
1685441.1
1685441.1
1685441
1685440.9
1685440.8
1685440.5
1685440.2
1685440
1685439.8
1685439.8
1685439.9
1685439.9
1685440
1685439.9
1685440.1
1685441.4
1685441.4
1685441.4
1685441.4
1685441.4
1685441.4
1685441.4
1685441.4
1685441.4
1685441.4
1685441.4
1685441.4
1685441.4
1685441.4
1685441.3
1685441.3
1685441.3
1685441.3
1685441.3
1685441.3
1685441.3
1685441.3
1685441.3
1685441.3
1685441.3
1685441.3
1685441.3
1685441.2
1685441.2
1685441
1685440.8
1685440.5
1685440.2
1685440.1
1685440.1
1685440.1
1685440.2
1685440.3
1685440.1
1685440.3
1685441.6
1685441.6
1685441.6
1685441.6
1685441.6
1685441.6
1685441.6
1685441.6
1685441.6
1685441.6
1685441.6
1685441.6
1685441.6
1685441.6
1685441.6
1685441.6
1685441.6
1685441.6
1685441.6
1685441.5
1685441.5
1685441.5
1685441.5
1685441.5
1685441.5
1685441.5
1685441.5
1685441.5
1685441.4
1685441.2
1685441
1685440.8
1685440.5
1685440.4
1685440.3
1685440.4
1685440.4
1685440.5
1685440.4
1685440.5
1685441.8
1685441.8
1685441.8
1685441.8
1685441.8
1685441.8
1685441.8
1685441.8
1685441.8
1685441.8
1685441.8
1685441.8
1685441.8
1685441.8
1685441.8
1685441.8
1685441.8
1685441.8
1685441.8
1685441.8
1685441.8
1685441.8
1685441.8
1685441.8
1685441.8
1685441.8
1685441.7
1685441.7
1685441.6
1685441.5
1685441.3
1685441
1685440.8
1685440.6
1685440.6
1685440.6
1685440.6
1685440.7
1685440.6
1685440.8
1685442.1
1685442.1
1685442.1
1685442.1
1685442.1
1685442.1
1685442
1685442
1685442
1685442
1685442
1685442
1685442
1685442
1685442
1685442
1685442
1685442
1685442
1685442
1685442
1685442
1685442
1685442
1685442
1685442
1685442
1685441.9
1685441.8
1685441.7
1685441.5
1685441.3
1685441
1685440.9
1685440.8
1685440.9
1685440.9
1685441
1685440.8
1685441
1685442.3
1685442.3
1685442.3
1685442.3
1685442.3
1685442.3
1685442.3
1685442.3
1685442.3
1685442.3
1685442.3
1685442.3
1685442.2
1685442.2
1685442.2
1685442.2
1685442.2
1685442.2
1685442.2
1685442.2
1685442.2
1685442.2
1685442.2
1685442.2
1685442.2
1685442.2
1685442.2
1685442.1
1685442.1
1685441.9
1685441.7
1685441.5
1685441.3
1685441.1
1685441.1
1685441.1
1685441.1
1685441.2
1685441.1
1685441.2
1685442.5
1685442.5
1685442.5
1685442.5
1685442.5
1685442.5
1685442.5
1685442.5
1685442.5
1685442.5
1685442.5
1685442.5
1685442.5
1685442.5
1685442.5
1685442.5
1685442.4
1685442.4
1685442.4
1685442.4
1685442.4
1685442.4
1685442.4
1685442.4
1685442.4
1685442.4
1685442.4
1685442.4
1685442.3
1685442.1
1685442
1685441.7
1685441.5
1685441.4
1685441.3
1685441.3
1685441.3
1685441.4
1685441.3
1685441.4
1685442.7
1685442.7
1685442.7
1685442.7
1685442.7
1685442.7
1685442.7
1685442.7
1685442.7
1685442.7
1685442.7
1685442.7
1685442.7
1685442.7
1685442.7
1685442.7
1685442.7
1685442.7
1685442.7
1685442.7
1685442.7
1685442.7
1685442.7
1685442.7
1685442.7
1685442.6
1685442.6
1685442.6
1685442.5
1685442.4
1685442.2
1685442
1685441.8
1685441.6
1685441.6
1685441.6
1685441.6
1685441.6
1685441.5
1685441.6
1685442.9
1685442.9
1685442.9
1685442.9
1685442.9
1685442.9
1685442.9
1685442.9
1685442.9
1685442.9
1685442.9
1685442.9
1685442.9
1685442.9
1685442.9
1685442.9
1685442.9
1685442.9
1685442.9
1685442.9
1685442.9
1685442.9
1685442.9
1685442.9
1685442.9
1685442.9
1685442.8
1685442.8
1685442.7
1685442.6
1685442.4
1685442.2
1685442
1685441.9
1685441.8
1685441.8
1685441.8
1685441.8
1685441.7
1685441.8
1685443.1
1685443.1
1685443.1
1685443.1
1685443.1
1685443.1
1685443.1
1685443.1
1685443.1
1685443.1
1685443.1
1685443.1
1685443.1
1685443.1
1685443.1
1685443.1
1685443.1
1685443.1
1685443.1
1685443.1
1685443.1
1685443.1
1685443.1
1685443.1
1685443.1
1685443.1
1685443
1685443
1685442.9
1685442.8
1685442.6
1685442.4
1685442.2
1685442.1
1685442
1685442
1685442
1685442.1
1685442
1685442
1685443.3
1685443.3
1685443.3
1685443.3
1685443.3
1685443.3
1685443.3
1685443.3
1685443.3
1685443.3
1685443.3
1685443.3
1685443.3
1685443.3
1685443.3
1685443.3
1685443.3
1685443.3
1685443.3
1685443.3
1685443.3
1685443.3
1685443.3
1685443.3
1685443.3
1685443.3
1685443.2
1685443.2
1685443.1
1685443
1685442.8
1685442.7
1685442.5
1685442.3
1685442.3
1685442.2
1685442.2
1685442.3
1685442.2
1685442.2
1685443.5
1685443.5
1685443.5
1685443.5
1685443.5
1685443.5
1685443.5
1685443.5
1685443.5
1685443.5
1685443.5
1685443.5
1685443.5
1685443.5
1685443.5
1685443.5
1685443.5
1685443.5
1685443.5
1685443.5
1685443.5
1685443.5
1685443.5
1685443.5
1685443.5
1685443.5
1685443.5
1685443.4
1685443.3
1685443.2
1685443.1
1685442.9
1685442.7
1685442.6
1685442.5
1685442.5
1685442.4
1685442.5
1685442.4
1685442.5
1685443.7
1685443.7
1685443.7
1685443.7
1685443.7
1685443.7
1685443.7
1685443.7
1685443.7
1685443.7
1685443.7
1685443.7
1685443.7
1685443.7
1685443.7
1685443.7
1685443.7
1685443.7
1685443.7
1685443.7
1685443.7
1685443.7
1685443.7
1685443.7
1685443.7
1685443.7
1685443.7
1685443.6
1685443.5
1685443.4
1685443.3
1685443.1
1685442.9
1685442.8
1685442.7
1685442.7
1685442.7
1685442.7
1685442.6
1685442.7
1685443.9
1685443.9
1685443.9
1685443.9
1685443.9
1685443.9
1685443.9
1685443.9
1685443.9
1685443.9
1685443.9
1685443.9
1685443.9
1685443.9
1685443.9
1685443.9
1685443.9
1685443.9
1685443.9
1685443.9
1685443.9
1685443.9
1685443.9
1685443.9
1685443.9
1685443.9
1685443.9
1685443.8
1685443.7
1685443.6
1685443.5
1685443.3
1685443.1
1685443
1685442.9
1685442.9
1685442.9
1685442.9
1685442.8
1685442.9
1685444.1
1685444.1
1685444.1
1685444.1
1685444.1
1685444.1
1685444.1
1685444.1
1685444.1
1685444.1
1685444.1
1685444.1
1685444.1
1685444.1
1685444.1
1685444.1
1685444.1
1685444.1
1685444.1
1685444.1
1685444.1
1685444.1
1685444.1
1685444.1
1685444.1
1685444.1
1685444.1
1685444
1685443.9
1685443.8
1685443.7
1685443.5
1685443.4
1685443.2
1685443.2
1685443.1
1685443.1
1685443.1
1685443
1685443.1
1685444.3
1685444.3
1685444.3
1685444.3
1685444.3
1685444.3
1685444.3
1685444.3
1685444.3
1685444.3
1685444.3
1685444.3
1685444.3
1685444.3
1685444.3
1685444.3
1685444.3
1685444.3
1685444.3
1685444.3
1685444.3
1685444.3
1685444.3
1685444.3
1685444.3
1685444.3
1685444.2
1685444.2
1685444.1
1685444
1685443.9
1685443.7
1685443.6
1685443.4
1685443.4
1685443.3
1685443.3
1685443.3
1685443.2
1685443.3
1685444.5
1685444.5
1685444.5
1685444.5
1685444.5
1685444.5
1685444.5
1685444.5
1685444.5
1685444.5
1685444.5
1685444.5
1685444.5
1685444.5
1685444.5
1685444.5
1685444.5
1685444.5
1685444.5
1685444.5
1685444.5
1685444.5
1685444.5
1685444.5
1685444.5
1685444.5
1685444.4
1685444.4
1685444.3
1685444.2
1685444.1
1685443.9
1685443.8
1685443.7
1685443.6
1685443.5
1685443.5
1685443.5
1685443.4
1685443.5
1685444.7
1685444.7
1685444.7
1685444.7
1685444.7
1685444.7
1685444.7
1685444.7
1685444.7
1685444.7
1685444.7
1685444.7
1685444.7
1685444.7
1685444.7
1685444.7
1685444.7
1685444.7
1685444.7
1685444.7
1685444.7
1685444.7
1685444.7
1685444.7
1685444.7
1685444.7
1685444.6
1685444.6
1685444.5
1685444.4
1685444.3
1685444.1
1685444
1685443.9
1685443.8
1685443.7
1685443.7
1685443.7
1685443.6
1685443.7
1685444.9
1685444.9
1685444.9
1685444.9
1685444.9
1685444.9
1685444.9
1685444.9
1685444.9
1685444.9
1685444.9
1685444.9
1685444.9
1685444.9
1685444.9
1685444.9
1685444.9
1685444.9
1685444.9
1685444.9
1685444.9
1685444.9
1685444.9
1685444.9
1685444.9
1685444.8
1685444.8
1685444.8
1685444.7
1685444.6
1685444.5
1685444.3
1685444.2
1685444.1
1685444
1685443.9
1685443.9
1685443.9
1685443.8
1685443.9
1685445.1
1685445.1
1685445.1
1685445.1
1685445.1
1685445.1
1685445.1
1685445.1
1685445.1
1685445.1
1685445
1685445
1685445
1685445
1685445
1685445
1685445
1685445
1685445
1685445
1685445
1685445
1685445
1685445
1685445
1685445
1685445
1685445
1685444.9
1685444.8
1685444.7
1685444.5
1685444.4
1685444.3
1685444.2
1685444.1
1685444.1
1685444.1
1685444
1685444
1685445.2
1685445.2
1685445.2
1685445.2
1685445.2
1685445.2
1685445.2
1685445.2
1685445.2
1685445.2
1685445.2
1685445.2
1685445.2
1685445.2
1685445.2
1685445.2
1685445.2
1685445.2
1685445.2
1685445.2
1685445.2
1685445.2
1685445.2
1685445.2
1685445.2
1685445.2
1685445.2
1685445.1
1685445.1
1685445
1685444.9
1685444.7
1685444.6
1685444.5
1685444.4
1685444.3
1685444.3
1685444.3
1685444.2
1685444.2
1685445.4
1685445.4
1685445.4
1685445.4
1685445.4
1685445.4
1685445.4
1685445.4
1685445.4
1685445.4
1685445.4
1685445.4
1685445.4
1685445.4
1685445.4
1685445.4
1685445.4
1685445.4
1685445.4
1685445.4
1685445.4
1685445.4
1685445.4
1685445.4
1685445.4
1685445.4
1685445.4
1685445.3
1685445.2
1685445.2
1685445
1685444.9
1685444.8
1685444.7
1685444.6
1685444.5
1685444.5
1685444.5
1685444.4
1685444.4
1685445.6
1685445.6
1685445.6
1685445.6
1685445.6
1685445.6
1685445.6
1685445.6
1685445.6
1685445.6
1685445.6
1685445.6
1685445.6
1685445.6
1685445.6
1685445.6
1685445.6
1685445.6
1685445.6
1685445.6
1685445.6
1685445.6
1685445.6
1685445.6
1685445.6
1685445.6
1685445.5
1685445.5
1685445.4
1685445.3
1685445.2
1685445.1
1685445
1685444.9
1685444.8
1685444.7
1685444.7
1685444.7
1685444.6
1685444.6
1685445.8
1685445.8
1685445.8
1685445.8
1685445.8
1685445.8
1685445.8
1685445.8
1685445.8
1685445.8
1685445.8
1685445.8
1685445.8
1685445.8
1685445.8
1685445.8
1685445.8
1685445.8
1685445.8
1685445.8
1685445.8
1685445.8
1685445.8
1685445.8
1685445.8
1685445.7
1685445.7
1685445.7
1685445.6
1685445.5
1685445.4
1685445.3
1685445.2
1685445
1685445
1685444.9
1685444.9
1685444.8
1685444.8
1685444.8
1685445.9
1685445.9
1685445.9
1685445.9
1685445.9
1685445.9
1685445.9
1685445.9
1685445.9
1685445.9
1685445.9
1685445.9
1685445.9
1685445.9
1685445.9
1685445.9
1685445.9
1685445.9
1685445.9
1685445.9
1685445.9
1685445.9
1685445.9
1685445.9
1685445.9
1685445.9
1685445.9
1685445.8
1685445.8
1685445.7
1685445.6
1685445.5
1685445.3
1685445.2
1685445.1
1685445.1
1685445
1685445
1685444.9
1685445
1685446.1
1685446.1
1685446.1
1685446.1
1685446.1
1685446.1
1685446.1
1685446.1
1685446.1
1685446.1
1685446.1
1685446.1
1685446.1
1685446.1
1685446.1
1685446.1
1685446.1
1685446.1
1685446.1
1685446.1
1685446.1
1685446.1
1685446.1
1685446.1
1685446.1
1685446.1
1685446
1685446
1685445.9
1685445.9
1685445.8
1685445.6
1685445.5
1685445.4
1685445.3
1685445.3
1685445.2
1685445.2
1685445.1
1685445.1
1685446.3
1685446.3
1685446.3
1685446.3
1685446.3
1685446.3
1685446.3
1685446.3
1685446.3
1685446.3
1685446.3
1685446.3
1685446.3
1685446.3
1685446.3
1685446.3
1685446.3
1685446.3
1685446.3
1685446.3
1685446.3
1685446.3
1685446.3
1685446.3
1685446.3
1685446.2
1685446.2
1685446.2
1685446.1
1685446
1685445.9
1685445.8
1685445.7
1685445.6
1685445.5
1685445.4
1685445.4
1685445.4
1685445.3
1685445.3
1685446.4
1685446.4
1685446.4
1685446.4
1685446.4
1685446.4
1685446.4
1685446.4
1685446.4
1685446.4
1685446.4
1685446.4
1685446.4
1685446.4
1685446.4
1685446.4
1685446.4
1685446.4
1685446.4
1685446.4
1685446.4
1685446.4
1685446.4
1685446.4
1685446.4
1685446.4
1685446.4
1685446.3
1685446.3
1685446.2
1685446.1
1685446
1685445.9
1685445.8
1685445.7
1685445.6
1685445.6
1685445.5
1685445.5
1685445.5
1685446.6
1685446.6
1685446.6
1685446.6
1685446.6
1685446.6
1685446.6
1685446.6
1685446.6
1685446.6
1685446.6
1685446.6
1685446.6
1685446.6
1685446.6
1685446.6
1685446.6
1685446.6
1685446.6
1685446.6
1685446.6
1685446.6
1685446.6
1685446.6
1685446.6
1685446.6
1685446.5
1685446.5
1685446.4
1685446.4
1685446.3
1685446.2
1685446
1685445.9
1685445.9
1685445.8
1685445.7
1685445.7
1685445.6
1685445.6
1685446.7
1685446.7
1685446.7
1685446.7
1685446.7
1685446.7
1685446.7
1685446.7
1685446.7
1685446.7
1685446.7
1685446.7
1685446.7
1685446.7
1685446.7
1685446.7
1685446.7
1685446.7
1685446.7
1685446.8
1685446.8
1685446.8
1685446.8
1685446.8
1685446.7
1685446.7
1685446.7
1685446.7
1685446.6
1685446.5
1685446.4
1685446.3
1685446.2
1685446.1
1685446
1685446
1685445.9
1685445.9
1685445.8
1685445.8
1685446.9
1685446.9
1685446.9
1685446.9
1685446.9
1685446.9
1685446.9
1685446.9
1685446.9
1685446.9
1685446.9
1685446.9
1685446.9
1685446.9
1685446.9
1685446.9
1685446.9
1685446.9
1685446.9
1685446.9
1685446.9
1685446.9
1685446.9
1685446.9
1685446.9
1685446.9
1685446.9
1685446.8
1685446.8
1685446.7
1685446.6
1685446.5
1685446.4
1685446.3
1685446.2
1685446.1
1685446.1
1685446
1685446
1685446
1685447
1685447
1685447
1685447
1685447
1685447
1685447
1685447
1685447
1685447
1685447
1685447
1685447
1685447
1685447
1685447
1685447.1
1685447.1
1685447.1
1685447.1
1685447.1
1685447.1
1685447.1
1685447.1
1685447.1
1685447
1685447
1685447
1685446.9
1685446.8
1685446.7
1685446.6
1685446.5
1685446.4
1685446.4
1685446.3
1685446.2
1685446.2
1685446.1
1685446.1
1685447.2
1685447.2
1685447.2
1685447.2
1685447.2
1685447.2
1685447.2
1685447.2
1685447.2
1685447.2
1685447.2
1685447.2
1685447.2
1685447.2
1685447.2
1685447.2
1685447.2
1685447.2
1685447.2
1685447.2
1685447.2
1685447.2
1685447.2
1685447.2
1685447.2
1685447.2
1685447.2
1685447.1
1685447.1
1685447
1685446.9
1685446.8
1685446.7
1685446.6
1685446.5
1685446.5
1685446.4
1685446.4
1685446.3
1685446.3
1685447.3
1685447.3
1685447.3
1685447.3
1685447.3
1685447.3
1685447.3
1685447.3
1685447.3
1685447.3
1685447.3
1685447.3
1685447.3
1685447.3
1685447.3
1685447.3
1685447.4
1685447.4
1685447.4
1685447.4
1685447.4
1685447.4
1685447.4
1685447.4
1685447.3
1685447.3
1685447.3
1685447.3
1685447.2
1685447.1
1685447
1685447
1685446.9
1685446.8
1685446.7
1685446.6
1685446.6
1685446.5
1685446.4
1685446.4
1685447.5
1685447.5
1685447.5
1685447.5
1685447.5
1685447.5
1685447.5
1685447.5
1685447.5
1685447.5
1685447.5
1685447.5
1685447.5
1685447.5
1685447.5
1685447.5
1685447.5
1685447.5
1685447.5
1685447.5
1685447.5
1685447.5
1685447.5
1685447.5
1685447.5
1685447.5
1685447.4
1685447.4
1685447.4
1685447.3
1685447.2
1685447.1
1685447
1685446.9
1685446.8
1685446.8
1685446.7
1685446.7
1685446.6
1685446.6
1685447.6
1685447.6
1685447.6
1685447.6
1685447.6
1685447.6
1685447.6
1685447.6
1685447.6
1685447.6
1685447.6
1685447.6
1685447.6
1685447.6
1685447.6
1685447.6
1685447.6
1685447.6
1685447.6
1685447.6
1685447.7
1685447.7
1685447.7
1685447.6
1685447.6
1685447.6
1685447.6
1685447.6
1685447.5
1685447.4
1685447.3
1685447.3
1685447.2
1685447.1
1685447
1685446.9
1685446.9
1685446.8
1685446.7
1685446.7
1685447.8
1685447.8
1685447.8
1685447.8
1685447.8
1685447.8
1685447.8
1685447.8
1685447.8
1685447.8
1685447.8
1685447.8
1685447.8
1685447.8
1685447.8
1685447.8
1685447.8
1685447.8
1685447.8
1685447.8
1685447.8
1685447.8
1685447.8
1685447.8
1685447.8
1685447.8
1685447.7
1685447.7
1685447.6
1685447.6
1685447.5
1685447.4
1685447.3
1685447.2
1685447.1
1685447.1
1685447
1685447
1685446.9
1685446.9
1685447.9
1685447.9
1685447.9
1685447.9
1685447.9
1685447.9
1685447.9
1685447.9
1685447.9
1685447.9
1685447.9
1685447.9
1685447.9
1685447.9
1685447.9
1685447.9
1685447.9
1685447.9
1685447.9
1685447.9
1685447.9
1685447.9
1685447.9
1685447.9
1685447.9
1685447.9
1685447.9
1685447.8
1685447.8
1685447.7
1685447.6
1685447.5
1685447.4
1685447.4
1685447.3
1685447.2
1685447.2
1685447.1
1685447
1685447
1685448
1685448
1685448
1685448
1685448
1685448
1685448
1685448
1685448
1685448
1685448
1685448
1685448
1685448
1685448
1685448
1685448
1685448.1
1685448.1
1685448.1
1685448.1
1685448.1
1685448.1
1685448.1
1685448
1685448
1685448
1685448
1685447.9
1685447.8
1685447.8
1685447.7
1685447.6
1685447.5
1685447.4
1685447.4
1685447.3
1685447.2
1685447.2
1685447.2
1685448.1
1685448.1
1685448.1
1685448.1
1685448.1
1685448.2
1685448.2
1685448.2
1685448.2
1685448.2
1685448.2
1685448.2
1685448.2
1685448.2
1685448.2
1685448.2
1685448.2
1685448.2
1685448.2
1685448.2
1685448.2
1685448.2
1685448.2
1685448.2
1685448.2
1685448.2
1685448.1
1685448.1
1685448
1685448
1685447.9
1685447.8
1685447.7
1685447.6
1685447.6
1685447.5
1685447.4
1685447.4
1685447.3
1685447.3
1685448.3
1685448.3
1685448.3
1685448.3
1685448.3
1685448.3
1685448.3
1685448.3
1685448.3
1685448.3
1685448.3
1685448.3
1685448.3
1685448.3
1685448.3
1685448.3
1685448.3
1685448.3
1685448.3
1685448.3
1685448.3
1685448.3
1685448.3
1685448.3
1685448.3
1685448.3
1685448.3
1685448.2
1685448.2
1685448.1
1685448
1685447.9
1685447.9
1685447.8
1685447.7
1685447.6
1685447.6
1685447.5
1685447.4
1685447.5
1685448.4
1685448.4
1685448.4
1685448.4
1685448.4
1685448.4
1685448.4
1685448.4
1685448.4
1685448.4
1685448.4
1685448.4
1685448.4
1685448.4
1685448.4
1685448.4
1685448.4
1685448.4
1685448.4
1685448.4
1685448.5
1685448.5
1685448.5
1685448.4
1685448.4
1685448.4
1685448.4
1685448.4
1685448.3
1685448.2
1685448.2
1685448.1
1685448
1685447.9
1685447.8
1685447.8
1685447.7
1685447.7
1685447.6
1685447.6
1685448.5
1685448.5
1685448.5
1685448.5
1685448.5
1685448.5
1685448.5
1685448.5
1685448.5
1685448.5
1685448.5
1685448.5
1685448.5
1685448.5
1685448.6
1685448.6
1685448.6
1685448.6
1685448.6
1685448.6
1685448.6
1685448.6
1685448.6
1685448.6
1685448.6
1685448.5
1685448.5
1685448.5
1685448.4
1685448.4
1685448.3
1685448.2
1685448.1
1685448
1685448
1685447.9
1685447.8
1685447.8
1685447.7
1685447.7
1685448.6
1685448.6
1685448.6
1685448.6
1685448.6
1685448.6
1685448.6
1685448.6
1685448.7
1685448.7
1685448.7
1685448.7
1685448.7
1685448.7
1685448.7
1685448.7
1685448.7
1685448.7
1685448.7
1685448.7
1685448.7
1685448.7
1685448.7
1685448.7
1685448.7
1685448.7
1685448.6
1685448.6
1685448.5
1685448.5
1685448.4
1685448.3
1685448.3
1685448.2
1685448.1
1685448
1685448
1685447.9
1685447.8
1685447.8
1685448.8
1685448.8
1685448.8
1685448.8
1685448.8
1685448.8
1685448.8
1685448.8
1685448.8
1685448.8
1685448.8
1685448.8
1685448.8
1685448.8
1685448.8
1685448.8
1685448.8
1685448.8
1685448.8
1685448.8
1685448.8
1685448.8
1685448.8
1685448.8
1685448.8
1685448.8
1685448.8
1685448.7
1685448.7
1685448.6
1685448.5
1685448.5
1685448.4
1685448.3
1685448.2
1685448.2
1685448.1
1685448
1685448
1685448
1685448.9
1685448.9
1685448.9
1685448.9
1685448.9
1685448.9
1685448.9
1685448.9
1685448.9
1685448.9
1685448.9
1685448.9
1685448.9
1685448.9
1685448.9
1685448.9
1685448.9
1685448.9
1685448.9
1685448.9
1685448.9
1685448.9
1685448.9
1685448.9
1685448.9
1685448.9
1685448.9
1685448.8
1685448.8
1685448.7
1685448.7
1685448.6
1685448.5
1685448.4
1685448.3
1685448.3
1685448.2
1685448.2
1685448.1
1685448.1
1685449
1685449
1685449
1685449
1685449
1685449
1685449
1685449
1685449
1685449
1685449
1685449
1685449
1685449
1685449
1685449
1685449
1685449
1685449
1685449
1685449
1685449
1685449
1685449
1685449
1685449
1685449
1685448.9
1685448.9
1685448.8
1685448.8
1685448.7
1685448.6
1685448.5
1685448.5
1685448.4
1685448.3
1685448.3
1685448.2
1685448.2
1685449.1
1685449.1
1685449.1
1685449.1
1685449.1
1685449.1
1685449.1
1685449.1
1685449.1
1685449.1
1685449.1
1685449.1
1685449.1
1685449.1
1685449.1
1685449.1
1685449.1
1685449.1
1685449.1
1685449.2
1685449.2
1685449.2
1685449.2
1685449.2
1685449.1
1685449.1
1685449.1
1685449.1
1685449
1685449
1685448.9
1685448.8
1685448.7
1685448.7
1685448.6
1685448.5
1685448.4
1685448.4
1685448.3
1685448.3
1685449.2
1685449.2
1685449.2
1685449.2
1685449.2
1685449.2
1685449.2
1685449.2
1685449.2
1685449.2
1685449.2
1685449.2
1685449.2
1685449.2
1685449.2
1685449.2
1685449.2
1685449.3
1685449.3
1685449.3
1685449.3
1685449.3
1685449.3
1685449.3
1685449.2
1685449.2
1685449.2
1685449.2
1685449.1
1685449.1
1685449
1685448.9
1685448.8
1685448.8
1685448.7
1685448.6
1685448.6
1685448.5
1685448.4
1685448.4
1685449.3
1685449.3
1685449.3
1685449.3
1685449.3
1685449.3
1685449.3
1685449.3
1685449.3
1685449.3
1685449.3
1685449.3
1685449.3
1685449.3
1685449.3
1685449.3
1685449.4
1685449.4
1685449.4
1685449.4
1685449.4
1685449.4
1685449.4
1685449.4
1685449.4
1685449.3
1685449.3
1685449.3
1685449.2
1685449.2
1685449.1
1685449
1685449
1685448.9
1685448.8
1685448.7
1685448.7
1685448.6
1685448.5
1685448.5
1685449.4
1685449.4
1685449.4
1685449.4
1685449.4
1685449.4
1685449.4
1685449.4
1685449.4
1685449.4
1685449.4
1685449.4
1685449.4
1685449.4
1685449.4
1685449.4
1685449.5
1685449.5
1685449.5
1685449.5
1685449.5
1685449.5
1685449.5
1685449.5
1685449.5
1685449.4
1685449.4
1685449.4
1685449.3
1685449.3
1685449.2
1685449.1
1685449.1
1685449
1685448.9
1685448.8
1685448.8
1685448.7
1685448.7
1685448.7
1685449.5
1685449.5
1685449.5
1685449.5
1685449.5
1685449.5
1685449.5
1685449.5
1685449.5
1685449.5
1685449.5
1685449.5
1685449.5
1685449.5
1685449.5
1685449.5
1685449.6
1685449.6
1685449.6
1685449.6
1685449.6
1685449.6
1685449.6
1685449.6
1685449.6
1685449.5
1685449.5
1685449.5
1685449.4
1685449.4
1685449.3
1685449.2
1685449.2
1685449.1
1685449
1685449
1685448.9
1685448.8
1685448.8
1685448.8
1685449.6
1685449.6
1685449.6
1685449.6
1685449.6
1685449.6
1685449.6
1685449.6
1685449.6
1685449.6
1685449.6
1685449.6
1685449.6
1685449.6
1685449.6
1685449.6
1685449.7
1685449.7
1685449.7
1685449.7
1685449.7
1685449.7
1685449.7
1685449.7
1685449.7
1685449.6
1685449.6
1685449.6
1685449.5
1685449.5
1685449.4
1685449.3
1685449.3
1685449.2
1685449.1
1685449.1
1685449
1685448.9
1685448.9
1685448.9
1685449.7
1685449.7
1685449.7
1685449.7
1685449.7
1685449.7
1685449.7
1685449.7
1685449.7
1685449.7
1685449.7
1685449.7
1685449.7
1685449.7
1685449.7
1685449.7
1685449.7
1685449.8
1685449.8
1685449.8
1685449.8
1685449.8
1685449.8
1685449.8
1685449.7
1685449.7
1685449.7
1685449.7
1685449.6
1685449.6
1685449.5
1685449.4
1685449.4
1685449.3
1685449.2
1685449.2
1685449.1
1685449
1685449
1685449
1685449.8
1685449.8
1685449.8
1685449.8
1685449.8
1685449.8
1685449.8
1685449.8
1685449.8
1685449.8
1685449.8
1685449.8
1685449.8
1685449.8
1685449.8
1685449.8
1685449.8
1685449.8
1685449.9
1685449.9
1685449.9
1685449.9
1685449.9
1685449.9
1685449.8
1685449.8
1685449.8
1685449.8
1685449.7
1685449.7
1685449.6
1685449.5
1685449.5
1685449.4
1685449.3
1685449.3
1685449.2
1685449.1
1685449.1
1685449.1
1685449.9
1685449.9
1685449.9
1685449.9
1685449.9
1685449.9
1685449.9
1685449.9
1685449.9
1685449.9
1685449.9
1685449.9
1685449.9
1685449.9
1685449.9
1685449.9
1685449.9
1685449.9
1685449.9
1685449.9
1685449.9
1685449.9
1685449.9
1685449.9
1685449.9
1685449.9
1685449.9
1685449.8
1685449.8
1685449.8
1685449.7
1685449.6
1685449.6
1685449.5
1685449.4
1685449.3
1685449.3
1685449.2
1685449.2
1685449.2
1685450
1685450
1685450
1685450
1685450
1685450
1685450
1685450
1685450
1685450
1685450
1685450
1685450
1685450
1685450
1685450
1685450
1685450
1685450
1685450
1685450
1685450
1685450
1685450
1685450
1685450
1685450
1685449.9
1685449.9
1685449.8
1685449.8
1685449.7
1685449.6
1685449.6
1685449.5
1685449.4
1685449.4
1685449.3
1685449.2
1685449.2
1685450
1685450
1685450
1685450
1685450
1685450
1685450
1685450.1
1685450.1
1685450.1
1685450.1
1685450.1
1685450.1
1685450.1
1685450.1
1685450.1
1685450.1
1685450.1
1685450.1
1685450.1
1685450.1
1685450.1
1685450.1
1685450.1
1685450.1
1685450.1
1685450.1
1685450
1685450
1685449.9
1685449.9
1685449.8
1685449.7
1685449.7
1685449.6
1685449.5
1685449.5
1685449.4
1685449.3
1685449.3
1685450.1
1685450.1
1685450.1
1685450.1
1685450.1
1685450.1
1685450.1
1685450.1
1685450.1
1685450.1
1685450.1
1685450.1
1685450.2
1685450.2
1685450.2
1685450.2
1685450.2
1685450.2
1685450.2
1685450.2
1685450.2
1685450.2
1685450.2
1685450.2
1685450.2
1685450.2
1685450.1
1685450.1
1685450.1
1685450
1685449.9
1685449.9
1685449.8
1685449.7
1685449.7
1685449.6
1685449.5
1685449.5
1685449.4
1685449.4
1685450.2
1685450.2
1685450.2
1685450.2
1685450.2
1685450.2
1685450.2
1685450.2
1685450.2
1685450.2
1685450.2
1685450.2
1685450.2
1685450.2
1685450.2
1685450.3
1685450.3
1685450.3
1685450.3
1685450.3
1685450.3
1685450.3
1685450.3
1685450.3
1685450.3
1685450.2
1685450.2
1685450.2
1685450.1
1685450.1
1685450
1685450
1685449.9
1685449.8
1685449.8
1685449.7
1685449.6
1685449.6
1685449.5
1685449.5
1685450.3
1685450.3
1685450.3
1685450.3
1685450.3
1685450.3
1685450.3
1685450.3
1685450.3
1685450.3
1685450.3
1685450.3
1685450.3
1685450.3
1685450.3
1685450.3
1685450.3
1685450.3
1685450.3
1685450.4
1685450.4
1685450.4
1685450.4
1685450.3
1685450.3
1685450.3
1685450.3
1685450.3
1685450.2
1685450.2
1685450.1
1685450
1685450
1685449.9
1685449.8
1685449.8
1685449.7
1685449.7
1685449.6
1685449.6
1685450.3
1685450.3
1685450.3
1685450.3
1685450.3
1685450.4
1685450.4
1685450.4
1685450.4
1685450.4
1685450.4
1685450.4
1685450.4
1685450.4
1685450.4
1685450.4
1685450.4
1685450.4
1685450.4
1685450.4
1685450.4
1685450.4
1685450.4
1685450.4
1685450.4
1685450.4
1685450.4
1685450.3
1685450.3
1685450.2
1685450.2
1685450.1
1685450
1685450
1685449.9
1685449.8
1685449.8
1685449.7
1685449.7
1685449.7
1685450.4
1685450.4
1685450.4
1685450.4
1685450.4
1685450.4
1685450.4
1685450.4
1685450.4
1685450.4
1685450.4
1685450.4
1685450.5
1685450.5
1685450.5
1685450.5
1685450.5
1685450.5
1685450.5
1685450.5
1685450.5
1685450.5
1685450.5
1685450.5
1685450.5
1685450.5
1685450.4
1685450.4
1685450.4
1685450.3
1685450.3
1685450.2
1685450.1
1685450.1
1685450
1685449.9
1685449.9
1685449.8
1685449.7
1685449.7
1685450.5
1685450.5
1685450.5
1685450.5
1685450.5
1685450.5
1685450.5
1685450.5
1685450.5
1685450.5
1685450.5
1685450.5
1685450.5
1685450.5
1685450.5
1685450.5
1685450.5
1685450.6
1685450.6
1685450.6
1685450.6
1685450.6
1685450.6
1685450.6
1685450.5
1685450.5
1685450.5
1685450.5
1685450.4
1685450.4
1685450.3
1685450.3
1685450.2
1685450.1
1685450.1
1685450
1685449.9
1685449.9
1685449.8
1685449.8
1685450.5
1685450.5
1685450.5
1685450.5
1685450.5
1685450.6
1685450.6
1685450.6
1685450.6
1685450.6
1685450.6
1685450.6
1685450.6
1685450.6
1685450.6
1685450.6
1685450.6
1685450.6
1685450.6
1685450.6
1685450.6
1685450.6
1685450.6
1685450.6
1685450.6
1685450.6
1685450.6
1685450.5
1685450.5
1685450.4
1685450.4
1685450.3
1685450.3
1685450.2
1685450.1
1685450.1
1685450
1685449.9
1685449.9
1685449.9
1685450.6
1685450.6
1685450.6
1685450.6
1685450.6
1685450.6
1685450.6
1685450.6
1685450.6
1685450.6
1685450.6
1685450.6
1685450.6
1685450.7
1685450.7
1685450.7
1685450.7
1685450.7
1685450.7
1685450.7
1685450.7
1685450.7
1685450.7
1685450.7
1685450.7
1685450.7
1685450.6
1685450.6
1685450.6
1685450.5
1685450.5
1685450.4
1685450.3
1685450.3
1685450.2
1685450.1
1685450.1
1685450
1685449.9
1685449.9
1685450.7
1685450.7
1685450.7
1685450.7
1685450.7
1685450.7
1685450.7
1685450.7
1685450.7
1685450.7
1685450.7
1685450.7
1685450.7
1685450.7
1685450.7
1685450.7
1685450.7
1685450.7
1685450.7
1685450.8
1685450.8
1685450.8
1685450.8
1685450.7
1685450.7
1685450.7
1685450.7
1685450.7
1685450.6
1685450.6
1685450.5
1685450.5
1685450.4
1685450.3
1685450.3
1685450.2
1685450.1
1685450.1
1685450
1685450
1685450.7
1685450.7
1685450.7
1685450.7
1685450.7
1685450.7
1685450.7
1685450.7
1685450.7
1685450.7
1685450.8
1685450.8
1685450.8
1685450.8
1685450.8
1685450.8
1685450.8
1685450.8
1685450.8
1685450.8
1685450.8
1685450.8
1685450.8
1685450.8
1685450.8
1685450.8
1685450.7
1685450.7
1685450.7
1685450.6
1685450.6
1685450.5
1685450.4
1685450.4
1685450.3
1685450.3
1685450.2
1685450.1
1685450.1
1685450.1
1685450.8
1685450.8
1685450.8
1685450.8
1685450.8
1685450.8
1685450.8
1685450.8
1685450.8
1685450.8
1685450.8
1685450.8
1685450.8
1685450.8
1685450.8
1685450.8
1685450.8
1685450.9
1685450.9
1685450.9
1685450.9
1685450.9
1685450.9
1685450.9
1685450.8
1685450.8
1685450.8
1685450.8
1685450.7
1685450.7
1685450.6
1685450.6
1685450.5
1685450.4
1685450.4
1685450.3
1685450.2
1685450.2
1685450.1
1685450.1
1685450.8
1685450.8
1685450.8
1685450.8
1685450.8
1685450.8
1685450.8
1685450.8
1685450.8
1685450.9
1685450.9
1685450.9
1685450.9
1685450.9
1685450.9
1685450.9
1685450.9
1685450.9
1685450.9
1685450.9
1685450.9
1685450.9
1685450.9
1685450.9
1685450.9
1685450.9
1685450.9
1685450.8
1685450.8
1685450.7
1685450.7
1685450.6
1685450.6
1685450.5
1685450.4
1685450.4
1685450.3
1685450.2
1685450.2
1685450.2
1685450.9
1685450.9
1685450.9
1685450.9
1685450.9
1685450.9
1685450.9
1685450.9
1685450.9
1685450.9
1685450.9
1685450.9
1685450.9
1685450.9
1685450.9
1685450.9
1685450.9
1685451
1685451
1685451
1685451
1685451
1685451
1685451
1685450.9
1685450.9
1685450.9
1685450.9
1685450.8
1685450.8
1685450.7
1685450.7
1685450.6
1685450.5
1685450.5
1685450.4
1685450.4
1685450.3
1685450.2
1685450.2
1685450.9
1685450.9
1685450.9
1685450.9
1685450.9
1685450.9
1685450.9
1685450.9
1685450.9
1685450.9
1685451
1685451
1685451
1685451
1685451
1685451
1685451
1685451
1685451
1685451
1685451
1685451
1685451
1685451
1685451
1685451
1685451
1685450.9
1685450.9
1685450.8
1685450.8
1685450.7
1685450.7
1685450.6
1685450.5
1685450.5
1685450.4
1685450.3
1685450.3
1685450.3
1685451
1685451
1685451
1685451
1685451
1685451
1685451
1685451
1685451
1685451
1685451
1685451
1685451
1685451
1685451
1685451
1685451
1685451
1685451.1
1685451.1
1685451.1
1685451.1
1685451.1
1685451.1
1685451
1685451
1685451
1685451
1685450.9
1685450.9
1685450.8
1685450.8
1685450.7
1685450.6
1685450.6
1685450.5
1685450.4
1685450.4
1685450.3
1685450.3
1685451
1685451
1685451
1685451
1685451
1685451
1685451
1685451
1685451
1685451
1685451
1685451
1685451.1
1685451.1
1685451.1
1685451.1
1685451.1
1685451.1
1685451.1
1685451.1
1685451.1
1685451.1
1685451.1
1685451.1
1685451.1
1685451.1
1685451
1685451
1685451
1685450.9
1685450.9
1685450.8
1685450.7
1685450.7
1685450.6
1685450.6
1685450.5
1685450.4
1685450.4
1685450.3
1685451
1685451
1685451
1685451
1685451
1685451.1
1685451.1
1685451.1
1685451.1
1685451.1
1685451.1
1685451.1
1685451.1
1685451.1
1685451.1
1685451.1
1685451.1
1685451.1
1685451.1
1685451.1
1685451.1
1685451.1
1685451.1
1685451.1
1685451.1
1685451.1
1685451.1
1685451
1685451
1685451
1685450.9
1685450.8
1685450.8
1685450.7
1685450.7
1685450.6
1685450.5
1685450.5
1685450.4
1685450.4
1685451.1
1685451.1
1685451.1
1685451.1
1685451.1
1685451.1
1685451.1
1685451.1
1685451.1
1685451.1
1685451.1
1685451.1
1685451.1
1685451.1
1685451.1
1685451.1
1685451.2
1685451.2
1685451.2
1685451.2
1685451.2
1685451.2
1685451.2
1685451.2
1685451.2
1685451.1
1685451.1
1685451.1
1685451
1685451
1685450.9
1685450.9
1685450.8
1685450.8
1685450.7
1685450.6
1685450.6
1685450.5
1685450.4
1685450.4
1685451.1
1685451.1
1685451.1
1685451.1
1685451.1
1685451.1
1685451.1
1685451.1
1685451.1
1685451.1
1685451.1
1685451.2
1685451.2
1685451.2
1685451.2
1685451.2
1685451.2
1685451.2
1685451.2
1685451.2
1685451.2
1685451.2
1685451.2
1685451.2
1685451.2
1685451.2
1685451.1
1685451.1
1685451.1
1685451
1685451
1685450.9
1685450.9
1685450.8
1685450.7
1685450.7
1685450.6
1685450.5
1685450.5
1685450.5
1685451.1
1685451.1
1685451.1
1685451.1
1685451.1
1685451.1
1685451.2
1685451.2
1685451.2
1685451.2
1685451.2
1685451.2
1685451.2
1685451.2
1685451.2
1685451.2
1685451.2
1685451.2
1685451.2
1685451.2
1685451.2
1685451.2
1685451.2
1685451.2
1685451.2
1685451.2
1685451.2
1685451.1
1685451.1
1685451.1
1685451
1685450.9
1685450.9
1685450.8
1685450.8
1685450.7
1685450.6
1685450.6
1685450.5
1685450.5
1685451.2
1685451.2
1685451.2
1685451.2
1685451.2
1685451.2
1685451.2
1685451.2
1685451.2
1685451.2
1685451.2
1685451.2
1685451.2
1685451.2
1685451.2
1685451.2
1685451.2
1685451.3
1685451.3
1685451.3
1685451.3
1685451.3
1685451.3
1685451.3
1685451.2
1685451.2
1685451.2
1685451.2
1685451.1
1685451.1
1685451
1685451
1685450.9
1685450.9
1685450.8
1685450.7
1685450.7
1685450.6
1685450.5
1685450.5
1685451.2
1685451.2
1685451.2
1685451.2
1685451.2
1685451.2
1685451.2
1685451.2
1685451.2
1685451.2
1685451.2
1685451.2
1685451.2
1685451.2
1685451.3
1685451.3
1685451.3
1685451.3
1685451.3
1685451.3
1685451.3
1685451.3
1685451.3
1685451.3
1685451.3
1685451.3
1685451.2
1685451.2
1685451.2
1685451.1
1685451.1
1685451
1685450.9
1685450.9
1685450.8
1685450.8
1685450.7
1685450.6
1685450.6
1685450.5
1685451.2
1685451.2
1685451.2
1685451.2
1685451.2
1685451.2
1685451.2
1685451.2
1685451.2
1685451.2
1685451.2
1685451.3
1685451.3
1685451.3
1685451.3
1685451.3
1685451.3
1685451.3
1685451.3
1685451.3
1685451.3
1685451.3
1685451.3
1685451.3
1685451.3
1685451.3
1685451.3
1685451.2
1685451.2
1685451.1
1685451.1
1685451
1685451
1685450.9
1685450.8
1685450.8
1685450.7
1685450.7
1685450.6
1685450.6
1685451.2
1685451.2
1685451.2
1685451.2
1685451.2
1685451.2
1685451.2
1685451.3
1685451.3
1685451.3
1685451.3
1685451.3
1685451.3
1685451.3
1685451.3
1685451.3
1685451.3
1685451.3
1685451.3
1685451.3
1685451.3
1685451.3
1685451.3
1685451.3
1685451.3
1685451.3
1685451.3
1685451.2
1685451.2
1685451.2
1685451.1
1685451
1685451
1685450.9
1685450.9
1685450.8
1685450.7
1685450.7
1685450.6
1685450.6
1685451.3
1685451.3
1685451.3
1685451.3
1685451.3
1685451.3
1685451.3
1685451.3
1685451.3
1685451.3
1685451.3
1685451.3
1685451.3
1685451.3
1685451.3
1685451.3
1685451.3
1685451.3
1685451.3
1685451.4
1685451.4
1685451.4
1685451.4
1685451.3
1685451.3
1685451.3
1685451.3
1685451.3
1685451.2
1685451.2
1685451.1
1685451.1
1685451
1685450.9
1685450.9
1685450.8
1685450.8
1685450.7
1685450.6
1685450.6
1685451.3
1685451.3
1685451.3
1685451.3
1685451.3
1685451.3
1685451.3
1685451.3
1685451.3
1685451.3
1685451.3
1685451.3
1685451.3
1685451.3
1685451.3
1685451.3
1685451.3
1685451.4
1685451.4
1685451.4
1685451.4
1685451.4
1685451.4
1685451.4
1685451.3
1685451.3
1685451.3
1685451.3
1685451.2
1685451.2
1685451.1
1685451.1
1685451
1685451
1685450.9
1685450.8
1685450.8
1685450.7
1685450.6
1685450.6
1685451.3
1685451.3
1685451.3
1685451.3
1685451.3
1685451.3
1685451.3
1685451.3
1685451.3
1685451.3
1685451.3
1685451.3
1685451.3
1685451.3
1685451.3
1685451.4
1685451.4
1685451.4
1685451.4
1685451.4
1685451.4
1685451.4
1685451.4
1685451.4
1685451.4
1685451.3
1685451.3
1685451.3
1685451.2
1685451.2
1685451.1
1685451.1
1685451
1685451
1685450.9
1685450.8
1685450.8
1685450.7
1685450.6
1685450.6
1685451.3
1685451.3
1685451.3
1685451.3
1685451.3
1685451.3
1685451.3
1685451.3
1685451.3
1685451.3
1685451.3
1685451.3
1685451.3
1685451.3
1685451.4
1685451.4
1685451.4
1685451.4
1685451.4
1685451.4
1685451.4
1685451.4
1685451.4
1685451.4
1685451.4
1685451.4
1685451.3
1685451.3
1685451.3
1685451.2
1685451.2
1685451.1
1685451
1685451
1685450.9
1685450.8
1685450.8
1685450.7
1685450.7
1685450.6
1685451.3
1685451.3
1685451.3
1685451.3
1685451.3
1685451.3
1685451.3
1685451.3
1685451.3
1685451.3
1685451.3
1685451.3
1685451.3
1685451.4
1685451.4
1685451.4
1685451.4
1685451.4
1685451.4
1685451.4
1685451.4
1685451.4
1685451.4
1685451.4
1685451.4
1685451.4
1685451.3
1685451.3
1685451.3
1685451.2
1685451.2
1685451.1
1685451
1685451
1685450.9
1685450.9
1685450.8
1685450.7
1685450.7
1685450.6
1685451.3
1685451.3
1685451.3
1685451.3
1685451.3
1685451.3
1685451.3
1685451.3
1685451.3
1685451.3
1685451.3
1685451.3
1685451.3
1685451.4
1685451.4
1685451.4
1685451.4
1685451.4
1685451.4
1685451.4
1685451.4
1685451.4
1685451.4
1685451.4
1685451.4
1685451.4
1685451.3
1685451.3
1685451.3
1685451.2
1685451.2
1685451.1
1685451.1
1685451
1685450.9
1685450.9
1685450.8
1685450.7
1685450.7
1685450.6
)
;

boundaryField
{
    piston
    {
        type            zeroGradient;
    }
    cylinderHead
    {
        type            zeroGradient;
    }
    cylinderWall
    {
        type            zeroGradient;
    }
    wedgeFront
    {
        type            wedge;
    }
    wedgeBack
    {
        type            wedge;
    }
    axis
    {
        type            empty;
    }
}


// ************************************************************************* //
