/*--------------------------------*- C++ -*----------------------------------*\
  =========                 |
  \\      /  F ield         | OpenFOAM: The Open Source CFD Toolbox
   \\    /   O peration     | Website:  https://openfoam.org
    \\  /    A nd           | Version:  13
     \\/     M anipulation  |
\*---------------------------------------------------------------------------*/
FoamFile
{
    format      ascii;
    class       volScalarField;
    location    "-20";
    object      rho;
}
// * * * * * * * * * * * * * * * * * * * * * * * * * * * * * * * * * * * * * //

dimensions      [1 -3 0 0 0 0 0];

internalField   nonuniform List<scalar> 
4800
(
10.226804
10.226021
10.225857
10.225931
10.225938
10.22591
10.225874
10.225834
10.225793
10.225755
10.22572
10.225695
10.225684
10.225696
10.225742
10.225844
10.226021
10.226309
10.226764
10.227473
10.228586
10.230329
10.233025
10.237131
10.243032
10.249583
10.247271
10.220236
10.20574
10.299939
10.367227
10.399969
10.357635
10.264642
10.156117
10.034915
9.8855983
9.6828214
9.4083126
9.1153018
8.7118627
8.7120915
8.7122991
8.7120602
8.7117247
8.7113439
8.7108972
8.7103665
8.7097382
8.7089995
8.7081357
8.7071296
8.7059593
8.7045968
8.7030077
8.7011475
8.6989577
8.6963632
8.6932675
8.6895509
8.6850604
8.6795749
8.6726284
8.6634315
8.6499185
8.6259341
8.5743704
8.4982091
8.4870762
8.6843128
9.0300374
9.1265965
9.0275367
8.8518992
8.7098871
8.6196693
8.563598
8.5164252
8.4801853
8.4514811
8.4984635
8.4991271
8.4994901
8.4991531
8.4987299
8.4982671
8.4977274
8.4970844
8.4963195
8.4954156
8.4943525
8.4931059
8.4916451
8.4899302
8.4879114
8.4855223
8.4826757
8.4792555
8.4751083
8.4700335
8.463772
8.4559687
8.4458632
8.4321056
8.4114933
8.3757296
8.3099602
8.2204153
8.2187052
8.4131412
8.6569087
8.7064571
8.609907
8.4811369
8.4033126
8.3710073
8.3636349
8.3696887
8.3819817
8.4056937
8.4908769
8.4917751
8.4922162
8.4918309
8.4913688
8.4908702
8.4902901
8.4895981
8.4887732
8.4877948
8.4866411
8.4852835
8.4836859
8.4818023
8.4795732
8.4769189
8.4737333
8.469873
8.4651413
8.4592742
8.451922
8.4426079
8.4303266
8.4132268
8.3869357
8.3406368
8.2536109
8.1361524
8.115478
8.2760652
8.4602758
8.4906258
8.4171577
8.3409879
8.3140589
8.3167565
8.3369455
8.3574673
8.3786793
8.4058129
8.5096704
8.5106772
8.5111506
8.5107463
8.510272
8.5097628
8.509171
8.5084644
8.507621
8.5066194
8.5054363
8.5040415
8.502397
8.5004536
8.4981476
8.4953938
8.4920777
8.4880432
8.483075
8.476881
8.4690736
8.4591436
8.4460059
8.42761
8.3991343
8.3492511
8.2563873
8.1191761
8.0639863
8.1854002
8.3377583
8.3650605
8.3192256
8.2853446
8.2871804
8.3127862
8.3399622
8.3627739
8.3851222
8.408641
8.5746967
8.5759716
8.5765192
8.5760725
8.5755754
8.5750479
8.574436
8.5737034
8.5728258
8.5717799
8.5705385
8.5690674
8.5673231
8.5652486
8.5627689
8.559783
8.5561533
8.5516881
8.5461187
8.5390711
8.5300477
8.5184695
8.5029698
8.4804845
8.4454184
8.3851035
8.2765797
8.1229291
8.0366653
8.1177098
8.2530278
8.2852932
8.2646805
8.2563792
8.2786168
8.3160035
8.3531751
8.3804016
8.4023697
8.4125495
8.7198208
8.7214687
8.7221021
8.7216132
8.7211103
8.7205852
8.7199772
8.7192459
8.7183639
8.7173051
8.7160374
8.7145208
8.7127031
8.7105154
8.7078644
8.7046234
8.7006149
8.6955845
8.6891658
8.6808313
8.6698745
8.6557669
8.6353569
8.6044254
8.5556667
8.4735641
8.3328774
8.1434734
8.0264712
8.0645206
8.1876975
8.228964
8.2272083
8.2354047
8.2707967
8.3240262
8.3823821
8.4102704
8.4226418
8.4154132
8.8221859
8.8229208
8.8231964
8.8229695
8.8227302
8.8224747
8.8221771
8.8218184
8.821385
8.8208633
8.8202369
8.8194847
8.8185785
8.817481
8.8161405
8.8144846
8.8124087
8.8097564
8.8062878
8.8016318
8.7953058
8.7848919
8.7686407
8.742528
8.6973762
8.6126426
8.4511088
8.1980225
8.0278086
8.0237269
8.1311827
8.1832033
8.1934782
8.2098842
8.2525539
8.3196707
8.4025223
8.435062
8.4416464
8.4180989
8.8654804
8.865753
8.8658524
8.8657647
8.8656701
8.8655671
8.8654465
8.8653009
8.8651247
8.8649123
8.8646567
8.864349
8.8639769
8.8635241
8.8629676
8.8622744
8.8613951
8.8602526
8.8587198
8.8565907
8.8531225
8.8472282
8.8377439
8.8213967
8.7900348
8.7224359
8.5720645
8.2983078
8.0417131
7.9959258
8.0789423
8.1394145
8.1556974
8.1707814
8.2129924
8.2998113
8.4144297
8.4610194
8.4608379
8.4205274
8.8805883
8.8806754
8.8807061
8.880677
8.8806449
8.8806093
8.8805674
8.8805168
8.8804554
8.8803813
8.880292
8.880184
8.8800528
8.8798923
8.8796933
8.8794426
8.8791194
8.8786891
8.8780881
8.8771628
8.8755107
8.8727904
8.8681996
8.8596598
8.8414035
8.7958518
8.6753265
8.4122016
8.0843483
7.9830421
8.030846
8.093724
8.1105778
8.1160255
8.145143
8.2539881
8.4214181
8.489811
8.4798866
8.4227658
8.885077
8.8851017
8.88511
8.8851014
8.8850917
8.8850807
8.8850678
8.8850522
8.8850333
8.8850104
8.8849828
8.8849493
8.8849084
8.8848579
8.8847947
8.8847138
8.8846069
8.8844592
8.8842427
8.8838541
8.8831976
8.8821026
8.8801504
8.8762187
8.866828
8.839644
8.7538047
8.5268363
8.1703047
7.9840521
7.9900406
8.0461581
8.0606765
8.0573081
8.0819915
8.2208763
8.4294176
8.5222948
8.4986369
8.424855
8.8862587
8.8862651
8.8862671
8.8862647
8.8862619
8.8862588
8.8862551
8.8862507
8.8862454
8.8862389
8.8862312
8.8862218
8.8862103
8.886196
8.8861778
8.8861539
8.8861212
8.8860733
8.8859944
8.8858527
8.8856186
8.8852166
8.8844589
8.8828072
8.8783983
8.8636066
8.8080876
8.6301144
8.278634
7.9993845
7.962673
8.0000068
8.0119456
8.0074358
8.050614
8.2235741
8.4457598
8.5601041
8.5168264
8.4268255
8.886547
8.8865486
8.8865489
8.8865482
8.8865475
8.8865466
8.8865455
8.8865443
8.8865428
8.8865412
8.8865392
8.8865368
8.886534
8.8865304
8.8865258
8.8865195
8.8865101
8.886495
8.8864669
8.886419
8.8863394
8.8861991
8.8859221
8.8852723
8.8833403
8.8758574
8.8427475
8.7152868
8.4015586
8.0474052
7.955394
7.9624003
7.9713203
7.9756008
8.0535655
8.2460227
8.4813422
8.6043304
8.5342279
8.4286995
8.8866187
8.8866191
8.8866191
8.8866189
8.8866186
8.8866182
8.8866179
8.8866175
8.8866171
8.8866167
8.8866163
8.8866158
8.8866153
8.8866147
8.8866139
8.8866126
8.8866101
8.8866051
8.8865952
8.8865781
8.8865498
8.8865003
8.8864011
8.8861558
8.8853521
8.8817853
8.8633752
8.7794326
8.5254473
8.1461168
7.9625903
7.9437762
7.9474008
7.9715259
8.0754517
8.3118471
8.555817
8.653365
8.5506119
8.4304941
8.8866424
8.8866425
8.8866424
8.8866422
8.8866421
8.8866419
8.8866417
8.8866415
8.8866414
8.8866413
8.8866413
8.8866413
8.8866414
8.8866416
8.8866418
8.8866418
8.8866413
8.8866394
8.8866351
8.8866273
8.8866148
8.8865948
8.8865573
8.8864653
8.8861427
8.8845254
8.8749055
8.8237188
8.6361205
8.2737131
7.9948655
7.9448969
7.9462323
7.9814859
8.14092
8.4439542
8.6483349
8.6970732
8.5657221
8.4322223
8.8866561
8.8866561
8.886656
8.8866559
8.8866558
8.8866556
8.8866555
8.8866554
8.8866553
8.8866552
8.8866553
8.8866554
8.8866557
8.8866561
8.8866565
8.8866569
8.8866569
8.8866559
8.8866531
8.8866479
8.88664
8.8866291
8.886612
8.8865751
8.8864472
8.8857439
8.8809938
8.8519172
8.7251465
8.4153827
8.0772184
7.9623312
7.9588977
8.0211237
8.2780072
8.5591009
8.7234343
8.7353823
8.5793146
8.4338953
8.8866677
8.8866677
8.8866675
8.8866674
8.8866673
8.8866672
8.886667
8.8866669
8.8866669
8.8866669
8.8866669
8.8866671
8.8866674
8.8866678
8.8866684
8.8866689
8.886669
8.8866683
8.8866659
8.8866613
8.8866547
8.8866465
8.8866358
8.8866179
8.8865652
8.8862688
8.8840433
8.868584
8.7898273
8.5514941
8.2065736
8.0164363
8.0049238
8.1181701
8.4237075
8.6575396
8.7792453
8.7669532
8.5912212
8.4355235
8.8866782
8.8866782
8.8866781
8.886678
8.8866778
8.8866777
8.8866776
8.8866775
8.8866775
8.8866775
8.8866776
8.8866778
8.8866781
8.8866786
8.8866792
8.8866798
8.88668
8.8866793
8.886677
8.8866727
8.8866664
8.8866589
8.8866503
8.8866387
8.8866141
8.8864905
8.885497
8.8777777
8.8325716
8.6654489
8.3535634
8.1337391
8.1142219
8.2738932
8.555715
8.736115
8.817518
8.7897539
8.6013465
8.4371174
8.8866878
8.8866878
8.8866877
8.8866876
8.8866874
8.8866873
8.8866872
8.8866872
8.8866871
8.8866872
8.8866873
8.8866875
8.8866879
8.8866884
8.8866891
8.8866897
8.88669
8.8866894
8.8866873
8.886683
8.8866769
8.8866697
8.8866618
8.8866524
8.8866379
8.8865846
8.8861593
8.8825293
8.8584491
8.7508312
8.4992665
8.2826548
8.2685383
8.4324034
8.6653989
8.7939418
8.8420565
8.8038801
8.6097608
8.4386868
8.8866964
8.8866964
8.8866963
8.8866961
8.886696
8.8866959
8.8866959
8.8866958
8.8866958
8.8866959
8.886696
8.8866963
8.8866967
8.8866973
8.886698
8.8866987
8.8866991
8.8866986
8.8866966
8.8866924
8.8866865
8.8866795
8.8866719
8.8866634
8.8866527
8.886627
8.8864498
8.8848375
8.8728901
8.8090778
8.6265258
8.4379095
8.4290091
8.5744808
8.7488515
8.8328388
8.8568876
8.8124492
8.615688
8.4402387
8.886704
8.886704
8.8867039
8.8867038
8.8867037
8.8867036
8.8867035
8.8867035
8.8867035
8.8867036
8.8867038
8.8867041
8.8867046
8.8867052
8.886706
8.8867068
8.8867073
8.8867069
8.8867049
8.8867009
8.8866951
8.8866884
8.8866811
8.8866732
8.886664
8.8866489
8.8865747
8.885895
8.8803525
8.8454068
8.7255276
8.5789969
8.5742689
8.6879639
8.8066733
8.8568551
8.8653897
8.8172855
8.6193713
8.4417758
8.8867107
8.8867107
8.8867106
8.8867105
8.8867104
8.8867103
8.8867103
8.8867103
8.8867103
8.8867105
8.8867107
8.886711
8.8867116
8.8867123
8.8867131
8.886714
8.8867145
8.8867143
8.8867124
8.8867085
8.8867029
8.8866964
8.8866895
8.886682
8.8866737
8.8866629
8.8866296
8.8863548
8.8839316
8.8662153
8.7946
8.6924492
8.6903001
8.7694128
8.8432612
8.8705763
8.8700782
8.8196868
8.622103
8.4431294
8.8867167
8.8867166
8.8867165
8.8867164
8.8867163
8.8867163
8.8867162
8.8867163
8.8867163
8.8867165
8.8867167
8.8867171
8.8867177
8.8867184
8.8867194
8.8867203
8.8867209
8.8867208
8.8867191
8.8867153
8.8867098
8.8867036
8.886697
8.8866899
8.8866823
8.8866735
8.886656
8.886547
8.8855446
8.877194
8.8380799
8.7738733
8.7729455
8.8223827
8.8645352
8.8778622
8.8725358
8.8206533
8.6242736
8.4442705
8.8867218
8.8867218
8.8867217
8.8867216
8.8867215
8.8867215
8.8867215
8.8867215
8.8867216
8.8867218
8.8867221
8.8867225
8.8867231
8.8867239
8.8867249
8.8867259
8.8867266
8.8867265
8.8867249
8.8867213
8.886716
8.8867099
8.8867036
8.886697
8.88669
8.8866823
8.8866711
8.8866266
8.8862313
8.8825571
8.8629272
8.8263627
8.8258889
8.8538428
8.8759559
8.8815501
8.8736877
8.8209047
8.6260226
8.4452328
8.8867263
8.8867263
8.8867262
8.8867261
8.886726
8.886726
8.886726
8.8867261
8.8867262
8.8867264
8.8867267
8.8867272
8.8867278
8.8867286
8.8867297
8.8867307
8.8867316
8.8867316
8.8867301
8.8867266
8.8867214
8.8867156
8.8867096
8.8867034
8.8866969
8.8866901
8.8866816
8.8866612
8.8865105
8.8849953
8.8758996
8.8569353
8.8566236
8.8710221
8.8817065
8.8833524
8.8741547
8.8208824
8.6274498
8.4460447
8.8867302
8.8867302
8.8867301
8.88673
8.88673
8.8867299
8.88673
8.88673
8.8867302
8.8867304
8.8867307
8.8867312
8.8867319
8.8867328
8.8867339
8.886735
8.8867359
8.886736
8.8867346
8.8867312
8.8867262
8.8867206
8.8867148
8.886709
8.8867031
8.886697
8.88669
8.8866787
8.8866212
8.8860328
8.882127
8.873118
8.8729015
8.8796955
8.884423
8.8842027
8.8742881
8.8206845
8.6286259
8.4467305
8.8867336
8.8867336
8.8867335
8.8867334
8.8867334
8.8867334
8.8867334
8.8867335
8.8867336
8.8867339
8.8867342
8.8867348
8.8867355
8.8867364
8.8867375
8.8867387
8.8867397
8.8867399
8.8867386
8.8867353
8.8867304
8.8867249
8.8867195
8.886714
8.8867085
8.8867031
8.8866971
8.8866895
8.8866663
8.8864497
8.8848902
8.8809506
8.8808142
8.8837632
8.8856289
8.8845762
8.8742935
8.8203246
8.6296086
8.4473106
8.8867365
8.8867365
8.8867364
8.8867363
8.8867363
8.8867363
8.8867363
8.8867364
8.8867366
8.8867369
8.8867373
8.8867378
8.8867386
8.8867395
8.8867407
8.8867419
8.886743
8.8867432
8.886742
8.8867388
8.886734
8.8867288
8.8867235
8.8867183
8.8867133
8.8867084
8.8867033
8.8866975
8.8866868
8.8866104
8.8860299
8.884438
8.8843637
8.8855424
8.8861383
8.8847179
8.8742619
8.820131
8.6304382
8.4478019
8.8867391
8.886739
8.8867389
8.8867389
8.8867388
8.8867388
8.8867389
8.886739
8.8867392
8.8867394
8.8867399
8.8867404
8.8867412
8.8867422
8.8867434
8.8867447
8.8867458
8.8867461
8.886745
8.8867419
8.8867372
8.8867321
8.8867271
8.8867222
8.8867175
8.8867132
8.8867088
8.8867041
8.8866981
8.8866719
8.8864704
8.8858751
8.8858411
8.8862708
8.8863457
8.8847589
8.8741626
8.8200362
8.631139
8.4482186
8.8867412
8.8867411
8.8867411
8.886741
8.886741
8.886741
8.8867411
8.8867412
8.8867414
8.8867417
8.8867421
8.8867427
8.8867435
8.8867445
8.8867458
8.8867471
8.8867482
8.8867486
8.8867476
8.8867445
8.88674
8.886735
8.8867302
8.8867255
8.8867212
8.8867173
8.8867135
8.8867096
8.8867059
8.8866971
8.8866324
8.8864272
8.8864152
8.886551
8.8864287
8.8847624
8.8740715
8.8200062
8.6317312
8.4485723
8.886743
8.886743
8.8867429
8.8867429
8.8867428
8.8867429
8.8867429
8.886743
8.8867432
8.8867436
8.886744
8.8867446
8.8867455
8.8867465
8.8867478
8.8867492
8.8867503
8.8867508
8.8867498
8.8867468
8.8867423
8.8867375
8.8867329
8.8867285
8.8867245
8.8867209
8.8867176
8.8867145
8.8867119
8.8867092
8.8866909
8.8866273
8.8866254
8.8866545
8.8864591
8.8847586
8.8740045
8.8200187
8.632232
8.4488728
8.8867446
8.8867445
8.8867445
8.8867444
8.8867444
8.8867444
8.8867445
8.8867446
8.8867449
8.8867452
8.8867457
8.8867463
8.8867471
8.8867482
8.8867495
8.8867509
8.8867522
8.8867527
8.8867517
8.8867488
8.8867444
8.8867397
8.8867352
8.886731
8.8867273
8.8867241
8.8867212
8.8867187
8.886717
8.8867165
8.8867132
8.8866974
8.8866993
8.8866923
8.8864694
8.884744
8.8739476
8.8200497
8.6326556
8.4491284
8.8867459
8.8867459
8.8867458
8.8867458
8.8867458
8.8867458
8.8867459
8.886746
8.8867462
8.8867466
8.8867471
8.8867477
8.8867486
8.8867497
8.886751
8.8867524
8.8867537
8.8867543
8.8867533
8.8867505
8.8867462
8.8867415
8.8867373
8.8867332
8.8867297
8.8867268
8.8867244
8.8867223
8.8867213
8.8867218
8.8867232
8.8867224
8.8867253
8.8867065
8.8864724
8.8847271
8.8738985
8.8201018
8.6330141
8.4493457
8.8867471
8.886747
8.8867469
8.8867469
8.8867469
8.8867469
8.886747
8.8867471
8.8867474
8.8867477
8.8867482
8.8867489
8.8867498
8.8867509
8.8867522
8.8867537
8.886755
8.8867556
8.8867547
8.886752
8.8867477
8.8867432
8.886739
8.8867352
8.8867318
8.8867292
8.8867271
8.8867254
8.886725
8.8867261
8.8867289
8.8867325
8.8867354
8.8867125
8.8864734
8.8847135
8.8738559
8.8201622
8.6333176
8.4495306
8.886748
8.886748
8.8867479
8.8867479
8.8867479
8.8867479
8.886748
8.8867481
8.8867484
8.8867488
8.8867493
8.8867499
8.8867508
8.886752
8.8867533
8.8867548
8.8867561
8.8867568
8.8867559
8.8867532
8.886749
8.8867445
8.8867405
8.8867368
8.8867337
8.8867313
8.8867294
8.8867281
8.8867281
8.8867296
8.8867329
8.8867376
8.8867401
8.8867157
8.8864735
8.8847016
8.8738188
8.8202261
8.6335745
8.4496878
8.8867488
8.8867488
8.8867487
8.8867487
8.8867487
8.8867487
8.8867488
8.886749
8.8867492
8.8867496
8.8867501
8.8867508
8.8867517
8.8867529
8.8867542
8.8867557
8.8867571
8.8867578
8.886757
8.8867543
8.8867501
8.8867457
8.8867418
8.8867383
8.8867353
8.8867331
8.8867314
8.8867305
8.8867308
8.8867326
8.886736
8.8867408
8.8867429
8.8867177
8.886473
8.884691
8.8737863
8.8202906
8.633792
8.4498214
8.8867495
8.8867495
8.8867494
8.8867494
8.8867494
8.8867494
8.8867495
8.8867497
8.88675
8.8867503
8.8867509
8.8867516
8.8867525
8.8867536
8.886755
8.8867565
8.8867579
8.8867586
8.8867579
8.8867552
8.8867511
8.8867468
8.8867429
8.8867395
8.8867367
8.8867346
8.8867332
8.8867325
8.8867331
8.8867351
8.8867385
8.8867433
8.886745
8.8867192
8.8864725
8.8846815
8.873758
8.8203534
8.633976
8.4499348
8.8867501
8.88675
8.88675
8.88675
8.88675
8.88675
8.8867501
8.8867503
8.8867506
8.886751
8.8867515
8.8867522
8.8867531
8.8867543
8.8867557
8.8867572
8.8867586
8.8867593
8.8867586
8.886756
8.8867519
8.8867477
8.8867439
8.8867406
8.8867379
8.886736
8.8867347
8.8867343
8.8867351
8.8867372
8.8867406
8.8867452
8.8867466
8.8867203
8.8864719
8.8846731
8.8737332
8.8204132
8.6341317
8.4500308
8.8867506
8.8867505
8.8867505
8.8867504
8.8867505
8.8867505
8.8867506
8.8867508
8.8867511
8.8867515
8.886752
8.8867527
8.8867536
8.8867548
8.8867562
8.8867578
8.8867592
8.8867599
8.8867592
8.8867566
8.8867526
8.8867484
8.8867448
8.8867415
8.8867389
8.8867372
8.8867361
8.8867359
8.8867368
8.886739
8.8867424
8.8867468
8.8867478
8.8867213
8.8864713
8.8846656
8.8737115
8.8204692
8.6342634
8.4501118
8.886751
8.8867509
8.8867509
8.8867509
8.8867509
8.8867509
8.886751
8.8867512
8.8867515
8.8867519
8.8867524
8.8867532
8.8867541
8.8867553
8.8867567
8.8867583
8.8867597
8.8867605
8.8867598
8.8867572
8.8867532
8.8867491
8.8867455
8.8867423
8.8867398
8.8867382
8.8867373
8.8867372
8.8867383
8.8867405
8.8867438
8.8867481
8.8867489
8.886722
8.8864708
8.884659
8.8736925
8.820521
8.6343748
8.4501799
8.8867514
8.8867513
8.8867512
8.8867512
8.8867512
8.8867513
8.8867514
8.8867516
8.8867519
8.8867523
8.8867528
8.8867535
8.8867545
8.8867556
8.8867571
8.8867587
8.8867601
8.8867609
8.8867602
8.8867577
8.8867537
8.8867496
8.8867461
8.8867431
8.8867406
8.8867391
8.8867383
8.8867384
8.8867396
8.8867418
8.8867451
8.8867491
8.8867498
8.8867226
8.8864703
8.8846532
8.873676
8.8205683
8.634469
8.4502367
8.8867517
8.8867516
8.8867515
8.8867515
8.8867515
8.8867516
8.8867517
8.8867519
8.8867522
8.8867526
8.8867531
8.8867538
8.8867548
8.886756
8.8867574
8.886759
8.8867605
8.8867613
8.8867606
8.8867581
8.8867541
8.8867501
8.8867467
8.8867437
8.8867413
8.8867399
8.8867393
8.8867394
8.8867407
8.8867429
8.8867461
8.88675
8.8867505
8.8867231
8.8864698
8.8846482
8.8736616
8.8206114
8.6345485
8.4502838
8.8867519
8.8867518
8.8867518
8.8867518
8.8867518
8.8867518
8.886752
8.8867521
8.8867524
8.8867528
8.8867534
8.8867541
8.886755
8.8867562
8.8867577
8.8867593
8.8867608
8.8867616
8.886761
8.8867584
8.8867545
8.8867505
8.8867472
8.8867442
8.8867419
8.8867406
8.8867401
8.8867404
8.8867416
8.8867439
8.886747
8.8867508
8.8867511
8.8867235
8.8864694
8.8846437
8.873649
8.8206501
8.6346156
8.4503224
8.8867521
8.886752
8.886752
8.886752
8.886752
8.8867521
8.8867522
8.8867524
8.8867526
8.886753
8.8867536
8.8867543
8.8867553
8.8867565
8.8867579
8.8867595
8.886761
8.8867619
8.8867613
8.8867588
8.8867548
8.8867509
8.8867476
8.8867447
8.8867425
8.8867413
8.8867408
8.8867412
8.8867425
8.8867447
8.8867477
8.8867514
8.8867516
8.8867239
8.886469
8.8846399
8.8736382
8.8206847
8.6346722
8.4503535
8.8867523
8.8867522
8.8867521
8.8867521
8.8867522
8.8867522
8.8867524
8.8867525
8.8867528
8.8867532
8.8867538
8.8867545
8.8867555
8.8867567
8.8867581
8.8867597
8.8867612
8.8867621
8.8867615
8.886759
8.8867551
8.8867512
8.8867479
8.8867451
8.886743
8.8867419
8.8867415
8.8867419
8.8867432
8.8867454
8.8867484
8.8867519
8.886752
8.8867241
8.8864687
8.8846366
8.8736288
8.8207155
8.6347197
8.450378
8.8867524
8.8867523
8.8867523
8.8867523
8.8867523
8.8867524
8.8867525
8.8867527
8.886753
8.8867534
8.8867539
8.8867547
8.8867556
8.8867568
8.8867583
8.8867599
8.8867614
8.8867623
8.8867617
8.8867592
8.8867554
8.8867515
8.8867482
8.8867455
8.8867435
8.8867424
8.8867421
8.8867425
8.8867438
8.886746
8.8867489
8.8867524
8.8867523
8.8867244
8.8864684
8.8846337
8.8736208
8.8207432
8.6347595
8.4503968
8.8867525
8.8867525
8.8867524
8.8867524
8.8867524
8.8867525
8.8867526
8.8867528
8.8867531
8.8867535
8.886754
8.8867548
8.8867557
8.8867569
8.8867584
8.88676
8.8867616
8.8867624
8.8867619
8.8867594
8.8867556
8.8867517
8.8867485
8.8867458
8.8867439
8.8867429
8.8867426
8.886743
8.8867443
8.8867465
8.8867494
8.8867527
8.8867526
8.8867246
8.8864682
8.8846313
8.8736139
8.8207678
8.6347927
8.4504104
8.8867526
8.8867525
8.8867525
8.8867525
8.8867525
8.8867526
8.8867527
8.8867529
8.8867532
8.8867536
8.8867541
8.8867549
8.8867558
8.886757
8.8867585
8.8867601
8.8867617
8.8867625
8.886762
8.8867596
8.8867557
8.8867519
8.8867488
8.8867461
8.8867442
8.8867433
8.886743
8.8867435
8.8867448
8.8867469
8.8867497
8.886753
8.8867528
8.8867247
8.886468
8.8846292
8.8736081
8.8207895
8.63482
8.4504194
8.8867527
8.8867526
8.8867526
8.8867526
8.8867526
8.8867526
8.8867528
8.886753
8.8867532
8.8867537
8.8867542
8.886755
8.8867559
8.8867571
8.8867586
8.8867602
8.8867618
8.8867627
8.8867621
8.8867597
8.8867559
8.8867521
8.886749
8.8867464
8.8867445
8.8867436
8.8867434
8.8867439
8.8867452
8.8867473
8.8867501
8.8867533
8.886753
8.8867248
8.8864678
8.8846275
8.8736033
8.8208086
8.6348422
8.450424
8.8867528
8.8867527
8.8867526
8.8867526
8.8867526
8.8867527
8.8867528
8.886753
8.8867533
8.8867537
8.8867543
8.886755
8.886756
8.8867572
8.8867587
8.8867603
8.8867618
8.8867627
8.8867622
8.8867598
8.886756
8.8867523
8.8867492
8.8867466
8.8867448
8.8867439
8.8867437
8.8867442
8.8867456
8.8867476
8.8867503
8.8867535
8.8867532
8.886725
8.8864677
8.8846261
8.8735992
8.8208252
8.6348599
8.4504255
8.8867528
8.8867527
8.8867527
8.8867527
8.8867527
8.8867528
8.8867529
8.8867531
8.8867534
8.8867538
8.8867543
8.8867551
8.886756
8.8867573
8.8867587
8.8867604
8.8867619
8.8867628
8.8867623
8.8867599
8.8867562
8.8867524
8.8867494
8.8867469
8.8867451
8.8867442
8.886744
8.8867445
8.8867459
8.8867479
8.8867506
8.8867537
8.8867533
8.886725
8.8864676
8.8846249
8.8735959
8.8208398
8.6348736
8.4504237
8.8867528
8.8867528
8.8867527
8.8867527
8.8867527
8.8867528
8.8867529
8.8867531
8.8867534
8.8867538
8.8867544
8.8867551
8.8867561
8.8867573
8.8867588
8.8867604
8.886762
8.8867629
8.8867624
8.88676
8.8867563
8.8867526
8.8867496
8.8867471
8.8867453
8.8867445
8.8867443
8.8867448
8.8867461
8.8867481
8.8867508
8.8867538
8.8867534
8.8867251
8.8864676
8.884624
8.8735933
8.8208526
8.6348837
8.4504181
8.8867529
8.8867528
8.8867527
8.8867527
8.8867528
8.8867528
8.886753
8.8867532
8.8867534
8.8867539
8.8867544
8.8867552
8.8867561
8.8867573
8.8867588
8.8867605
8.886762
8.8867629
8.8867625
8.8867601
8.8867564
8.8867527
8.8867497
8.8867472
8.8867455
8.8867447
8.8867446
8.8867451
8.8867464
8.8867484
8.886751
8.8867539
8.8867535
8.8867252
8.8864675
8.8846232
8.8735912
8.8208637
8.6348903
8.45041
8.8867529
8.8867528
8.8867528
8.8867528
8.8867528
8.8867529
8.886753
8.8867532
8.8867535
8.8867539
8.8867545
8.8867552
8.8867562
8.8867574
8.8867589
8.8867605
8.8867621
8.886763
8.8867625
8.8867602
8.8867565
8.8867528
8.8867499
8.8867474
8.8867457
8.8867449
8.8867448
8.8867453
8.8867466
8.8867486
8.8867511
8.886754
8.8867535
8.8867252
8.8864675
8.8846227
8.8735896
8.8208733
8.634894
8.4503993
8.8867529
8.8867529
8.8867528
8.8867528
8.8867528
8.8867529
8.886753
8.8867532
8.8867535
8.8867539
8.8867545
8.8867552
8.8867562
8.8867574
8.8867589
8.8867605
8.8867621
8.886763
8.8867626
8.8867602
8.8867565
8.8867529
8.88675
8.8867476
8.8867459
8.8867451
8.886745
8.8867455
8.8867468
8.8867487
8.8867512
8.8867541
8.8867536
8.8867253
8.8864676
8.8846223
8.8735885
8.8208816
8.634895
8.4503862
8.8867529
8.8867529
8.8867528
8.8867528
8.8867528
8.8867529
8.8867531
8.8867532
8.8867535
8.8867539
8.8867545
8.8867553
8.8867562
8.8867575
8.8867589
8.8867606
8.8867621
8.8867631
8.8867626
8.8867603
8.8867566
8.886753
8.8867501
8.8867477
8.8867461
8.8867453
8.8867452
8.8867457
8.886747
8.8867489
8.8867513
8.8867542
8.8867537
8.8867253
8.8864676
8.8846221
8.8735878
8.8208888
8.6348934
8.4503707
8.886753
8.8867529
8.8867528
8.8867528
8.8867529
8.8867529
8.8867531
8.8867533
8.8867536
8.886754
8.8867545
8.8867553
8.8867563
8.8867575
8.886759
8.8867606
8.8867622
8.8867631
8.8867627
8.8867603
8.8867567
8.8867531
8.8867502
8.8867478
8.8867462
8.8867455
8.8867454
8.8867459
8.8867471
8.886749
8.8867514
8.8867542
8.8867537
8.8867254
8.8864677
8.884622
8.8735874
8.8208948
8.634889
8.4503531
8.886753
8.8867529
8.8867528
8.8867528
8.8867529
8.886753
8.8867531
8.8867533
8.8867536
8.886754
8.8867546
8.8867553
8.8867563
8.8867575
8.886759
8.8867606
8.8867622
8.8867631
8.8867627
8.8867604
8.8867567
8.8867531
8.8867503
8.886748
8.8867464
8.8867456
8.8867455
8.8867461
8.8867473
8.8867491
8.8867515
8.8867543
8.8867537
8.8867254
8.8864677
8.8846221
8.8735873
8.8209
8.6348826
8.4503334
8.886753
8.8867529
8.8867529
8.8867529
8.8867529
8.886753
8.8867531
8.8867533
8.8867536
8.886754
8.8867546
8.8867553
8.8867563
8.8867575
8.886759
8.8867607
8.8867622
8.8867632
8.8867627
8.8867604
8.8867568
8.8867532
8.8867504
8.8867481
8.8867465
8.8867458
8.8867457
8.8867462
8.8867474
8.8867492
8.8867516
8.8867544
8.8867538
8.8867254
8.8864678
8.8846222
8.8735874
8.8209042
8.6348742
8.4503117
8.886753
8.8867529
8.8867529
8.8867529
8.8867529
8.886753
8.8867531
8.8867533
8.8867536
8.886754
8.8867546
8.8867553
8.8867563
8.8867575
8.886759
8.8867607
8.8867622
8.8867632
8.8867627
8.8867605
8.8867568
8.8867533
8.8867505
8.8867482
8.8867466
8.8867459
8.8867459
8.8867464
8.8867476
8.8867494
8.8867517
8.8867544
8.8867538
8.8867255
8.886468
8.8846224
8.8735877
8.8209075
8.6348639
8.450288
8.886753
8.8867529
8.8867529
8.8867529
8.8867529
8.886753
8.8867532
8.8867533
8.8867536
8.8867541
8.8867546
8.8867554
8.8867563
8.8867576
8.886759
8.8867607
8.8867623
8.8867632
8.8867628
8.8867605
8.8867569
8.8867533
8.8867505
8.8867483
8.8867467
8.8867461
8.886746
8.8867465
8.8867477
8.8867495
8.8867518
8.8867544
8.8867538
8.8867255
8.8864681
8.8846226
8.8735882
8.82091
8.6348518
8.4502624
8.886753
8.8867529
8.8867529
8.8867529
8.8867529
8.886753
8.8867532
8.8867534
8.8867537
8.8867541
8.8867546
8.8867554
8.8867564
8.8867576
8.886759
8.8867607
8.8867623
8.8867632
8.8867628
8.8867605
8.8867569
8.8867534
8.8867506
8.8867484
8.8867469
8.8867462
8.8867461
8.8867466
8.8867478
8.8867496
8.8867518
8.8867545
8.8867539
8.8867256
8.8864682
8.8846229
8.8735887
8.8209117
8.634838
8.4502348
8.886753
8.886753
8.8867529
8.8867529
8.886753
8.886753
8.8867532
8.8867534
8.8867537
8.8867541
8.8867547
8.8867554
8.8867564
8.8867576
8.8867591
8.8867607
8.8867623
8.8867632
8.8867628
8.8867605
8.8867569
8.8867535
8.8867507
8.8867485
8.886747
8.8867463
8.8867463
8.8867468
8.8867479
8.8867496
8.8867519
8.8867545
8.8867539
8.8867256
8.8864684
8.8846233
8.8735894
8.8209126
8.6348225
8.4502054
8.886753
8.886753
8.8867529
8.8867529
8.886753
8.8867531
8.8867532
8.8867534
8.8867537
8.8867541
8.8867547
8.8867554
8.8867564
8.8867576
8.8867591
8.8867607
8.8867623
8.8867632
8.8867628
8.8867605
8.886757
8.8867535
8.8867508
8.8867486
8.8867471
8.8867465
8.8867464
8.8867469
8.886748
8.8867497
8.886752
8.8867546
8.8867539
8.8867257
8.8864685
8.8846237
8.87359
8.8209129
8.6348055
8.450174
8.886753
8.886753
8.8867529
8.8867529
8.886753
8.8867531
8.8867532
8.8867534
8.8867537
8.8867541
8.8867547
8.8867554
8.8867564
8.8867576
8.8867591
8.8867607
8.8867623
8.8867632
8.8867628
8.8867606
8.886757
8.8867535
8.8867508
8.8867486
8.8867472
8.8867466
8.8867465
8.886747
8.8867481
8.8867498
8.886752
8.8867546
8.8867539
8.8867257
8.8864687
8.8846241
8.8735907
8.8209126
8.6347869
8.4501407
8.8867531
8.886753
8.8867529
8.8867529
8.886753
8.8867531
8.8867532
8.8867534
8.8867537
8.8867541
8.8867547
8.8867554
8.8867564
8.8867576
8.8867591
8.8867607
8.8867623
8.8867632
8.8867628
8.8867606
8.886757
8.8867536
8.8867509
8.8867487
8.8867473
8.8867467
8.8867466
8.8867471
8.8867482
8.8867499
8.8867521
8.8867546
8.886754
8.8867258
8.8864689
8.8846246
8.8735914
8.8209116
8.6347668
8.4501053
8.8867531
8.886753
8.8867529
8.886753
8.886753
8.8867531
8.8867532
8.8867534
8.8867537
8.8867541
8.8867547
8.8867555
8.8867564
8.8867576
8.8867591
8.8867607
8.8867623
8.8867632
8.8867628
8.8867606
8.8867571
8.8867536
8.8867509
8.8867488
8.8867474
8.8867468
8.8867467
8.8867472
8.8867483
8.88675
8.8867521
8.8867547
8.886754
8.8867258
8.886469
8.884625
8.8735921
8.82091
8.6347451
8.4500679
8.8867531
8.886753
8.8867529
8.886753
8.886753
8.8867531
8.8867532
8.8867534
8.8867537
8.8867542
8.8867547
8.8867555
8.8867564
8.8867576
8.8867591
8.8867607
8.8867623
8.8867632
8.8867628
8.8867606
8.8867571
8.8867537
8.886751
8.8867489
8.8867475
8.8867469
8.8867469
8.8867473
8.8867484
8.88675
8.8867522
8.8867547
8.886754
8.8867259
8.8864692
8.8846255
8.8735927
8.8209079
8.6347219
8.4500283
8.8867531
8.886753
8.886753
8.886753
8.886753
8.8867531
8.8867533
8.8867535
8.8867538
8.8867542
8.8867547
8.8867555
8.8867564
8.8867576
8.8867591
8.8867607
8.8867623
8.8867632
8.8867628
8.8867606
8.8867571
8.8867537
8.886751
8.8867489
8.8867475
8.886747
8.886747
8.8867474
8.8867485
8.8867501
8.8867522
8.8867547
8.8867541
8.8867259
8.8864694
8.8846259
8.8735933
8.8209053
8.634697
8.4499865
8.8867531
8.886753
8.886753
8.886753
8.886753
8.8867531
8.8867533
8.8867535
8.8867538
8.8867542
8.8867547
8.8867555
8.8867564
8.8867576
8.8867591
8.8867607
8.8867623
8.8867632
8.8867628
8.8867606
8.8867571
8.8867537
8.8867511
8.886749
8.8867476
8.8867471
8.886747
8.8867475
8.8867486
8.8867502
8.8867523
8.8867548
8.8867541
8.886726
8.8864695
8.8846264
8.8735938
8.820902
8.6346705
8.4499423
8.8867531
8.886753
8.886753
8.886753
8.886753
8.8867531
8.8867533
8.8867535
8.8867538
8.8867542
8.8867547
8.8867555
8.8867564
8.8867576
8.8867591
8.8867607
8.8867623
8.8867632
8.8867628
8.8867606
8.8867571
8.8867537
8.8867511
8.886749
8.8867477
8.8867471
8.8867471
8.8867476
8.8867487
8.8867502
8.8867523
8.8867548
8.8867541
8.886726
8.8864697
8.8846268
8.8735943
8.8208981
8.6346423
8.4498957
8.886753
8.886753
8.886753
8.886753
8.886753
8.8867531
8.8867533
8.8867535
8.8867538
8.8867542
8.8867547
8.8867555
8.8867564
8.8867576
8.8867591
8.8867607
8.8867622
8.8867632
8.8867628
8.8867605
8.8867571
8.8867537
8.8867511
8.8867491
8.8867478
8.8867472
8.8867472
8.8867477
8.8867487
8.8867503
8.8867524
8.8867548
8.8867541
8.8867261
8.8864698
8.8846272
8.8735946
8.8208936
8.6346123
8.4498464
8.886753
8.886753
8.8867529
8.886753
8.886753
8.8867531
8.8867532
8.8867535
8.8867537
8.8867542
8.8867547
8.8867554
8.8867564
8.8867576
8.8867591
8.8867607
8.8867622
8.8867631
8.8867627
8.8867605
8.8867571
8.8867537
8.8867512
8.8867491
8.8867478
8.8867473
8.8867473
8.8867478
8.8867488
8.8867503
8.8867524
8.8867548
8.8867542
8.8867261
8.88647
8.8846276
8.8735948
8.8208884
8.6345803
8.4497945
8.886753
8.886753
8.8867529
8.8867529
8.886753
8.8867531
8.8867532
8.8867534
8.8867537
8.8867541
8.8867547
8.8867554
8.8867564
8.8867576
8.886759
8.8867607
8.8867622
8.8867631
8.8867627
8.8867605
8.8867571
8.8867537
8.8867512
8.8867492
8.8867479
8.8867473
8.8867473
8.8867478
8.8867488
8.8867504
8.8867524
8.8867549
8.8867542
8.8867261
8.8864701
8.8846279
8.8735948
8.8208824
8.6345463
8.4497396
8.886753
8.8867529
8.8867529
8.8867529
8.886753
8.8867531
8.8867532
8.8867534
8.8867537
8.8867541
8.8867547
8.8867554
8.8867564
8.8867576
8.886759
8.8867606
8.8867621
8.8867631
8.8867626
8.8867604
8.886757
8.8867537
8.8867512
8.8867492
8.8867479
8.8867474
8.8867474
8.8867479
8.8867489
8.8867504
8.8867524
8.8867549
8.8867542
8.8867261
8.8864702
8.8846283
8.8735946
8.8208756
8.6345101
8.4496815
8.886753
8.8867529
8.8867529
8.8867529
8.886753
8.886753
8.8867532
8.8867534
8.8867537
8.8867541
8.8867547
8.8867554
8.8867563
8.8867575
8.886759
8.8867606
8.8867621
8.886763
8.8867626
8.8867604
8.886757
8.8867537
8.8867512
8.8867492
8.8867479
8.8867474
8.8867475
8.8867479
8.8867489
8.8867504
8.8867525
8.8867549
8.8867542
8.8867262
8.8864703
8.8846285
8.8735942
8.8208679
8.6344716
8.4496202
8.8867529
8.8867529
8.8867529
8.8867529
8.8867529
8.886753
8.8867532
8.8867534
8.8867537
8.8867541
8.8867546
8.8867553
8.8867563
8.8867575
8.8867589
8.8867605
8.886762
8.886763
8.8867625
8.8867604
8.886757
8.8867537
8.8867512
8.8867492
8.886748
8.8867475
8.8867475
8.886748
8.8867489
8.8867505
8.8867525
8.8867549
8.8867542
8.8867262
8.8864704
8.8846287
8.8735936
8.8208593
8.6344306
8.4495553
8.8867529
8.8867529
8.8867528
8.8867528
8.8867529
8.886753
8.8867531
8.8867533
8.8867536
8.886754
8.8867546
8.8867553
8.8867562
8.8867574
8.8867589
8.8867605
8.886762
8.8867629
8.8867625
8.8867603
8.8867569
8.8867537
8.8867512
8.8867492
8.886748
8.8867475
8.8867475
8.886748
8.886749
8.8867505
8.8867525
8.8867549
8.8867542
8.8867262
8.8864705
8.8846289
8.8735927
8.8208497
8.6343869
8.4494865
8.8867529
8.8867528
8.8867528
8.8867528
8.8867528
8.8867529
8.8867531
8.8867533
8.8867536
8.886754
8.8867545
8.8867553
8.8867562
8.8867574
8.8867588
8.8867604
8.8867619
8.8867628
8.8867624
8.8867602
8.8867569
8.8867536
8.8867511
8.8867492
8.886748
8.8867475
8.8867475
8.886748
8.886749
8.8867505
8.8867524
8.8867549
8.8867542
8.8867262
8.8864705
8.884629
8.8735915
8.8208389
8.6343403
8.4494135
8.8867528
8.8867528
8.8867527
8.8867527
8.8867528
8.8867529
8.886753
8.8867532
8.8867535
8.8867539
8.8867545
8.8867552
8.8867561
8.8867573
8.8867587
8.8867603
8.8867618
8.8867627
8.8867623
8.8867601
8.8867568
8.8867536
8.8867511
8.8867492
8.886748
8.8867475
8.8867476
8.886748
8.886749
8.8867505
8.8867524
8.8867548
8.8867541
8.8867261
8.8864706
8.884629
8.87359
8.8208269
8.6342905
8.4493361
8.8867527
8.8867527
8.8867527
8.8867527
8.8867527
8.8867528
8.886753
8.8867532
8.8867535
8.8867539
8.8867544
8.8867551
8.8867561
8.8867572
8.8867587
8.8867603
8.8867617
8.8867626
8.8867622
8.88676
8.8867567
8.8867535
8.8867511
8.8867492
8.886748
8.8867475
8.8867476
8.886748
8.886749
8.8867504
8.8867524
8.8867548
8.8867541
8.8867261
8.8864706
8.8846289
8.8735881
8.8208137
8.6342374
8.4492537
8.8867527
8.8867526
8.8867526
8.8867526
8.8867526
8.8867527
8.8867529
8.8867531
8.8867534
8.8867538
8.8867543
8.8867551
8.886756
8.8867572
8.8867586
8.8867602
8.8867616
8.8867625
8.8867621
8.8867599
8.8867566
8.8867534
8.886751
8.8867491
8.886748
8.8867475
8.8867475
8.886748
8.8867489
8.8867504
8.8867524
8.8867547
8.886754
8.8867261
8.8864706
8.8846288
8.8735859
8.820799
8.6341805
8.449166
8.8867526
8.8867525
8.8867525
8.8867525
8.8867526
8.8867527
8.8867528
8.886753
8.8867533
8.8867537
8.8867543
8.886755
8.8867559
8.8867571
8.8867585
8.8867601
8.8867615
8.8867624
8.886762
8.8867598
8.8867565
8.8867534
8.886751
8.8867491
8.8867479
8.8867475
8.8867475
8.886748
8.8867489
8.8867504
8.8867523
8.8867547
8.886754
8.886726
8.8864705
8.8846285
8.8735832
8.8207827
8.6341196
8.4490725
8.8867525
8.8867524
8.8867524
8.8867524
8.8867525
8.8867526
8.8867527
8.8867529
8.8867532
8.8867536
8.8867542
8.8867549
8.8867558
8.886757
8.8867584
8.8867599
8.8867614
8.8867623
8.8867619
8.8867597
8.8867564
8.8867533
8.8867509
8.886749
8.8867479
8.8867475
8.8867475
8.8867479
8.8867489
8.8867503
8.8867523
8.8867546
8.8867539
8.886726
8.8864705
8.8846282
8.8735801
8.8207647
8.6340543
8.4489726
8.8867524
8.8867523
8.8867523
8.8867523
8.8867524
8.8867525
8.8867526
8.8867528
8.8867531
8.8867535
8.8867541
8.8867548
8.8867557
8.8867568
8.8867583
8.8867598
8.8867613
8.8867621
8.8867617
8.8867596
8.8867563
8.8867532
8.8867508
8.886749
8.8867478
8.8867474
8.8867474
8.8867479
8.8867488
8.8867503
8.8867522
8.8867546
8.8867538
8.8867259
8.8864704
8.8846278
8.8735765
8.8207449
8.6339841
8.4488657
8.8867523
8.8867522
8.8867522
8.8867522
8.8867523
8.8867524
8.8867525
8.8867527
8.886753
8.8867534
8.8867539
8.8867546
8.8867556
8.8867567
8.8867581
8.8867597
8.8867611
8.886762
8.8867616
8.8867594
8.8867562
8.8867531
8.8867507
8.8867489
8.8867478
8.8867473
8.8867474
8.8867478
8.8867487
8.8867502
8.8867521
8.8867545
8.8867538
8.8867258
8.8864703
8.8846272
8.8735724
8.820723
8.6339085
8.4487509
8.8867521
8.8867521
8.886752
8.8867521
8.8867521
8.8867522
8.8867524
8.8867526
8.8867529
8.8867533
8.8867538
8.8867545
8.8867554
8.8867566
8.886758
8.8867595
8.886761
8.8867618
8.8867614
8.8867593
8.886756
8.8867529
8.8867506
8.8867488
8.8867477
8.8867473
8.8867473
8.8867477
8.8867486
8.8867501
8.886752
8.8867544
8.8867536
8.8867257
8.8864701
8.8846265
8.8735677
8.8206989
8.6338268
8.4486276
8.886752
8.8867519
8.8867519
8.8867519
8.886752
8.8867521
8.8867522
8.8867524
8.8867527
8.8867531
8.8867537
8.8867544
8.8867553
8.8867564
8.8867578
8.8867594
8.8867608
8.8867616
8.8867612
8.8867591
8.8867559
8.8867528
8.8867505
8.8867487
8.8867476
8.8867472
8.8867472
8.8867477
8.8867486
8.88675
8.8867519
8.8867543
8.8867535
8.8867255
8.8864699
8.8846257
8.8735624
8.8206725
8.6337385
8.4484945
8.8867518
8.8867518
8.8867517
8.8867518
8.8867518
8.8867519
8.8867521
8.8867523
8.8867526
8.886753
8.8867535
8.8867542
8.8867551
8.8867563
8.8867576
8.8867592
8.8867606
8.8867614
8.886761
8.8867589
8.8867557
8.8867526
8.8867503
8.8867486
8.8867475
8.8867471
8.8867471
8.8867476
8.8867484
8.8867499
8.8867518
8.8867541
8.8867534
8.8867254
8.8864697
8.8846248
8.8735564
8.8206433
8.6336428
8.4483506
8.8867516
8.8867516
8.8867515
8.8867516
8.8867516
8.8867517
8.8867519
8.8867521
8.8867524
8.8867528
8.8867533
8.886754
8.8867549
8.8867561
8.8867574
8.886759
8.8867604
8.8867612
8.8867608
8.8867587
8.8867555
8.8867525
8.8867502
8.8867484
8.8867474
8.886747
8.886747
8.8867474
8.8867483
8.8867498
8.8867517
8.886754
8.8867532
8.8867252
8.8864695
8.8846237
8.8735496
8.8206112
8.6335389
8.4481945
8.8867514
8.8867514
8.8867513
8.8867514
8.8867514
8.8867515
8.8867517
8.8867519
8.8867522
8.8867526
8.8867531
8.8867538
8.8867547
8.8867559
8.8867572
8.8867587
8.8867602
8.886761
8.8867605
8.8867585
8.8867553
8.8867523
8.88675
8.8867483
8.8867472
8.8867468
8.8867469
8.8867473
8.8867482
8.8867496
8.8867515
8.8867538
8.8867531
8.8867251
8.8864692
8.8846225
8.8735421
8.8205757
8.633426
8.4480243
8.8867512
8.8867512
8.8867511
8.8867512
8.8867512
8.8867513
8.8867515
8.8867517
8.886752
8.8867524
8.8867529
8.8867536
8.8867545
8.8867556
8.886757
8.8867585
8.8867599
8.8867607
8.8867603
8.8867582
8.886755
8.886752
8.8867498
8.8867481
8.8867471
8.8867467
8.8867467
8.8867471
8.886748
8.8867494
8.8867514
8.8867536
8.8867529
8.8867248
8.8864688
8.884621
8.8735336
8.8205364
8.6333031
8.447838
8.886751
8.8867509
8.8867509
8.8867509
8.886751
8.8867511
8.8867512
8.8867515
8.8867517
8.8867521
8.8867527
8.8867534
8.8867543
8.8867554
8.8867567
8.8867582
8.8867597
8.8867605
8.88676
8.8867579
8.8867548
8.8867518
8.8867496
8.8867479
8.8867469
8.8867465
8.8867465
8.886747
8.8867478
8.8867493
8.8867512
8.8867534
8.8867527
8.8867246
8.8864684
8.8846193
8.873524
8.820493
8.633169
8.4476326
8.8867507
8.8867507
8.8867506
8.8867507
8.8867507
8.8867508
8.886751
8.8867512
8.8867515
8.8867519
8.8867524
8.8867531
8.886754
8.8867551
8.8867565
8.886758
8.8867594
8.8867602
8.8867597
8.8867576
8.8867545
8.8867516
8.8867494
8.8867477
8.8867467
8.8867463
8.8867463
8.8867468
8.8867476
8.886749
8.886751
8.8867532
8.8867524
8.8867244
8.886468
8.8846175
8.8735133
8.8204449
8.6330223
8.4474047
8.8867504
8.8867504
8.8867503
8.8867504
8.8867504
8.8867505
8.8867507
8.8867509
8.8867512
8.8867516
8.8867521
8.8867528
8.8867537
8.8867548
8.8867562
8.8867577
8.8867591
8.8867598
8.8867594
8.8867573
8.8867542
8.8867513
8.8867491
8.8867475
8.8867465
8.8867461
8.8867461
8.8867465
8.8867474
8.8867488
8.8867507
8.8867529
8.8867521
8.8867241
8.8864675
8.8846154
8.8735014
8.8203918
8.6328615
8.4471495
8.8867501
8.8867501
8.88675
8.8867501
8.8867501
8.8867502
8.8867504
8.8867506
8.8867509
8.8867513
8.8867518
8.8867525
8.8867534
8.8867545
8.8867559
8.8867573
8.8867587
8.8867595
8.886759
8.886757
8.8867539
8.886751
8.8867488
8.8867472
8.8867462
8.8867459
8.8867459
8.8867463
8.8867472
8.8867486
8.8867505
8.8867527
8.8867519
8.8867237
8.886467
8.884613
8.8734881
8.8203328
8.6326849
8.4468607
8.8867498
8.8867498
8.8867497
8.8867497
8.8867498
8.8867499
8.8867501
8.8867503
8.8867506
8.886751
8.8867515
8.8867522
8.8867531
8.8867542
8.8867555
8.886757
8.8867584
8.8867591
8.8867587
8.8867566
8.8867535
8.8867506
8.8867485
8.8867469
8.886746
8.8867456
8.8867456
8.886746
8.8867469
8.8867483
8.8867502
8.8867524
8.8867515
8.8867234
8.8864664
8.8846103
8.8734732
8.8202674
8.6324902
8.4465294
8.8867494
8.8867494
8.8867494
8.8867494
8.8867495
8.8867496
8.8867497
8.8867499
8.8867502
8.8867506
8.8867512
8.8867518
8.8867527
8.8867538
8.8867552
8.8867566
8.886758
8.8867588
8.8867583
8.8867562
8.8867531
8.8867503
8.8867482
8.8867466
8.8867457
8.8867453
8.8867453
8.8867457
8.8867466
8.886748
8.8867499
8.886752
8.8867512
8.886723
8.8864657
8.8846073
8.8734567
8.8201947
8.6322752
8.4461438
8.8867491
8.886749
8.886749
8.886749
8.8867491
8.8867492
8.8867494
8.8867496
8.8867499
8.8867503
8.8867508
8.8867515
8.8867524
8.8867535
8.8867548
8.8867562
8.8867576
8.8867583
8.8867579
8.8867558
8.8867528
8.8867499
8.8867478
8.8867463
8.8867454
8.886745
8.886745
8.8867454
8.8867463
8.8867477
8.8867495
8.8867517
8.8867508
8.8867226
8.8864649
8.884604
8.8734382
8.8201135
8.6320368
8.4456866
8.8867487
8.8867487
8.8867486
8.8867487
8.8867487
8.8867488
8.886749
8.8867492
8.8867495
8.8867499
8.8867504
8.8867511
8.886752
8.8867531
8.8867544
8.8867558
8.8867572
8.8867579
8.8867574
8.8867554
8.8867524
8.8867495
8.8867475
8.886746
8.8867451
8.8867447
8.8867447
8.8867451
8.886746
8.8867473
8.8867492
8.8867513
8.8867505
8.8867222
8.8864641
8.8846003
8.8734176
8.8200227
8.6317718
8.4451337
8.8867483
8.8867483
8.8867483
8.8867483
8.8867483
8.8867485
8.8867486
8.8867488
8.8867491
8.8867495
8.8867501
8.8867507
8.8867516
8.8867527
8.886754
8.8867554
8.8867568
8.8867575
8.886757
8.886755
8.8867519
8.8867492
8.8867471
8.8867456
8.8867447
8.8867443
8.8867443
8.8867448
8.8867456
8.886747
8.8867488
8.886751
8.8867501
8.8867217
8.8864632
8.8845962
8.8733945
8.8199209
8.6314762
8.4444503
8.8867479
8.8867479
8.8867479
8.8867479
8.886748
8.8867481
8.8867482
8.8867485
8.8867488
8.8867491
8.8867497
8.8867503
8.8867512
8.8867523
8.8867536
8.886755
8.8867564
8.8867571
8.8867566
8.8867546
8.8867515
8.8867488
8.8867468
8.8867453
8.8867444
8.886744
8.886744
8.8867444
8.8867453
8.8867466
8.8867485
8.8867506
8.8867497
8.8867213
8.8864623
8.8845916
8.8733685
8.8198063
8.6311453
8.443586
8.8867475
8.8867475
8.8867474
8.8867475
8.8867475
8.8867477
8.8867478
8.886748
8.8867483
8.8867487
8.8867492
8.8867499
8.8867508
8.8867519
8.8867532
8.8867546
8.8867559
8.8867566
8.8867561
8.8867541
8.8867511
8.8867483
8.8867464
8.8867449
8.886744
8.8867437
8.8867436
8.8867441
8.8867449
8.8867462
8.8867481
8.8867502
8.8867492
8.8867208
8.8864612
8.8845865
8.8733393
8.8196768
8.6307733
8.4424676
8.8867468
8.8867468
8.8867467
8.8867468
8.8867468
8.8867469
8.8867471
8.8867473
8.8867476
8.886748
8.8867485
8.8867492
8.8867501
8.8867512
8.8867525
8.8867539
8.8867552
8.8867559
8.8867554
8.8867534
8.8867504
8.8867477
8.8867457
8.8867443
8.8867434
8.8867431
8.8867431
8.8867435
8.8867444
8.8867457
8.8867475
8.8867496
8.8867486
8.8867201
8.8864599
8.8845806
8.8733064
8.8195299
8.6303532
8.4409881
8.8867448
8.8867448
8.8867448
8.8867448
8.8867449
8.886745
8.8867452
8.8867454
8.8867457
8.8867461
8.8867467
8.8867474
8.8867482
8.8867493
8.8867506
8.8867521
8.8867534
8.8867541
8.8867536
8.8867517
8.8867487
8.886746
8.8867441
8.8867427
8.8867419
8.8867416
8.8867416
8.886742
8.8867429
8.8867442
8.886746
8.8867481
8.8867471
8.8867184
8.8864577
8.8845735
8.8732686
8.8193622
8.6298758
8.4389913
8.8867389
8.8867389
8.8867389
8.8867389
8.886739
8.8867392
8.8867394
8.8867396
8.88674
8.8867404
8.886741
8.8867417
8.8867426
8.8867438
8.8867451
8.8867466
8.886748
8.8867488
8.8867484
8.8867465
8.8867436
8.8867411
8.8867393
8.886738
8.8867372
8.886737
8.886737
8.8867375
8.8867385
8.8867397
8.8867415
8.8867436
8.8867425
8.8867137
8.8864521
8.8845626
8.8732236
8.8191686
8.6293276
8.4362481
8.88672
8.8867199
8.8867199
8.88672
8.8867201
8.8867203
8.8867206
8.8867209
8.8867214
8.8867219
8.8867226
8.8867235
8.8867246
8.8867259
8.8867274
8.8867291
8.8867307
8.8867317
8.8867315
8.8867298
8.8867273
8.886725
8.8867235
8.8867224
8.8867219
8.8867219
8.8867221
8.8867228
8.8867238
8.8867252
8.8867269
8.8867289
8.8867277
8.8866985
8.8864356
8.8845392
8.8731635
8.8189385
8.6286838
8.4324245
8.8866591
8.886659
8.8866591
8.8866592
8.8866595
8.8866599
8.8866603
8.8866609
8.8866616
8.8866625
8.8866636
8.8866648
8.8866664
8.8866682
8.8866702
8.8866725
8.8866747
8.8866764
8.8866769
8.886676
8.8866742
8.8866727
8.886672
8.8866717
8.8866719
8.8866725
8.8866733
8.8866745
8.8866759
8.8866774
8.8866791
8.886681
8.8866794
8.8866494
8.8863844
8.8844787
8.8730597
8.8186433
8.6278883
8.4270348
8.8864693
8.8864691
8.8864692
8.8864697
8.8864703
8.8864712
8.8864722
8.8864735
8.886475
8.8864768
8.8864789
8.8864813
8.8864841
8.8864873
8.8864909
8.8864949
8.8864989
8.8865024
8.886505
8.8865062
8.8865066
8.8865073
8.8865088
8.8865107
8.8865129
8.8865154
8.8865178
8.8865203
8.8865227
8.8865248
8.8865267
8.8865281
8.8865255
8.8864932
8.8862238
8.8843042
8.8728276
8.8181941
8.6267963
8.4193808
8.8858993
8.8858985
8.8858989
8.8859002
8.8859018
8.8859039
8.8859065
8.8859096
8.8859133
8.8859175
8.8859223
8.8859278
8.8859341
8.8859411
8.8859488
8.8859573
8.8859661
8.8859749
8.8859829
8.8859898
8.8859961
8.8860028
8.8860103
8.886018
8.8860258
8.8860334
8.8860403
8.8860465
8.8860516
8.8860553
8.8860574
8.8860577
8.8860522
8.8860141
8.8857345
8.8837897
8.8722352
8.8173184
8.6250289
8.4084787
8.8842607
8.8842584
8.8842594
8.8842625
8.8842667
8.8842721
8.8842786
8.8842863
8.8842953
8.8843057
8.8843176
8.8843309
8.8843459
8.8843625
8.8843808
8.8844006
8.8844218
8.8844437
8.8844657
8.8844872
8.8845085
8.8845306
8.8845534
8.884576
8.884598
8.8846186
8.884637
8.8846527
8.8846648
8.8846728
8.8846757
8.8846731
8.8846599
8.8846065
8.8843021
8.882305
8.870635
8.8153408
8.6216503
8.3929926
8.8797897
8.8797833
8.8797854
8.8797932
8.8798034
8.8798164
8.8798321
8.8798507
8.8798724
8.8798974
8.8799257
8.8799575
8.879993
8.8800324
8.8800756
8.8801225
8.8801729
8.8802261
8.8802811
8.8803372
8.8803944
8.8804529
8.8805121
8.8805704
8.8806263
8.8806781
8.880724
8.8807625
8.8807915
8.8808097
8.8808143
8.8808048
8.8807727
8.8806818
8.8803184
8.8782047
8.8663436
8.8105412
8.6146154
8.3712362
8.8683436
8.8683269
8.868331
8.868349
8.8683721
8.8684016
8.8684373
8.8684795
8.8685285
8.8685848
8.8686487
8.8687205
8.8688005
8.868889
8.8689861
8.8690917
8.8692054
8.8693263
8.8694531
8.8695846
8.8697196
8.8698575
8.869996
8.8701319
8.870262
8.8703821
8.8704882
8.8705766
8.8706426
8.8706832
8.8706912
8.8706663
8.8705912
8.870415
8.86992
8.8675504
8.8553526
8.7988729
8.5996472
8.3413897
8.841319
8.8412796
8.8412867
8.8413244
8.8413726
8.8414339
8.8415078
8.8415953
8.8416971
8.8418137
8.8419461
8.8420947
8.8422603
8.8424433
8.8426442
8.8428627
8.8430983
8.8433498
8.8436152
8.8438919
8.8441775
8.8444687
8.8447607
8.8450471
8.8453211
8.8455738
8.8457968
8.8459823
8.8461198
8.8462036
8.846217
8.8461604
8.8459979
8.8456468
8.8448868
8.8419975
8.8292186
8.7719201
8.5685712
8.3022983
8.7840329
8.7839517
8.7839617
8.7840322
8.7841213
8.784235
8.7843716
8.7845333
8.7847212
8.7849366
8.7851807
8.7854549
8.7857602
8.7860977
8.7864678
8.7868705
8.7873051
8.7877697
8.7882611
8.7887752
8.7893066
8.7898485
8.7903914
8.7909243
8.791434
8.791904
8.7923186
8.7926631
8.7929173
8.7930704
8.7930889
8.7929748
8.7926575
8.7919948
8.7907746
8.7869633
8.7733008
8.7153397
8.5088901
8.2556425
8.6817551
8.6816179
8.6816273
8.681735
8.6818704
8.6820428
8.6822496
8.6824941
8.682778
8.6831031
8.6834714
8.6838845
8.6843442
8.6848518
8.6854081
8.6860132
8.6866659
8.6873636
8.6881022
8.6888756
8.6896757
8.6904913
8.6913083
8.6921102
8.6928776
8.693585
8.6942084
8.6947254
8.6951038
8.6953267
8.6953378
8.6951421
8.6946188
8.6935433
8.691739
8.686736
8.6722611
8.6152171
8.4144171
8.2122223
8.5505924
8.5504135
8.5504165
8.5505428
8.5507006
8.5509017
8.551142
8.5514257
8.5517542
8.5521298
8.5525541
8.5530291
8.5535563
8.554137
8.5547718
8.5554605
8.5562018
8.5569924
8.5578279
8.5587014
8.5596036
8.5605216
8.5614397
8.5623395
8.5631994
8.5639904
8.5646851
8.5652575
8.565669
8.5658984
8.5658736
8.5655987
8.5649103
8.5635243
8.5613078
8.5555074
8.5411988
8.4886595
8.3107814
8.2008418
8.4816961
8.4815219
8.4815142
8.4816211
8.4817544
8.4819244
8.4821262
8.4823632
8.4826363
8.4829466
8.4832951
8.4836824
8.4841094
8.4845762
8.4850825
8.4856276
8.4862094
8.486825
8.4874699
8.4881387
8.4888243
8.4895177
8.4902069
8.4908777
8.4915142
8.4920962
8.4926021
8.4930106
8.4932897
8.4934195
8.4933304
8.4930202
8.492311
8.4909507
8.488787
8.4833301
8.4708535
8.4273039
8.289937
8.279081
8.6706454
8.6705205
8.6705034
8.670566
8.6706435
8.6707425
8.6708584
8.6709924
8.6711444
8.671314
8.6715006
8.6717034
8.6719215
8.6721535
8.6723981
8.6726532
8.6729165
8.6731848
8.6734543
8.6737216
8.6739849
8.6742439
8.6744936
8.6747257
8.6749366
8.6751255
8.6752816
8.6753936
8.6754483
8.675432
8.6752905
8.6750202
8.6744457
8.6734611
8.6717621
8.6677549
8.658176
8.6256087
8.5333118
8.5990239
9.585032
9.5849868
9.5849684
9.5849811
9.5849956
9.5850146
9.5850347
9.5850554
9.5850757
9.5850942
9.5851092
9.5851191
9.5851221
9.5851159
9.5850986
9.5850679
9.5850218
9.5849574
9.5848712
9.5847617
9.5846337
9.584496
9.5843486
9.5841859
9.584017
9.5838602
9.5837133
9.5835747
9.5834532
9.5833429
9.5832165
9.5830778
9.582782
9.5824386
9.5815562
9.5799651
9.5749309
9.5585618
9.5203763
9.6128995
)
;

boundaryField
{
    piston
    {
        type            calculated;
        value           nonuniform List<scalar> 
40
(
12.053355
12.053355
12.053355
12.053355
12.053355
12.053355
12.053355
12.053355
12.053355
12.053355
12.053355
12.053355
12.053355
12.053355
12.053355
12.053355
12.053355
12.053355
12.053354
12.053354
12.053354
12.053354
12.053354
12.053354
12.053354
12.053355
12.053355
12.053355
12.053354
12.053352
12.053349
12.053344
12.05334
12.053338
12.053341
12.053346
12.05335
12.053358
12.053381
12.053418
)
;
    }
    cylinderHead
    {
        type            calculated;
        value           nonuniform List<scalar> 
40
(
11.135479
11.135479
11.135479
11.135479
11.135479
11.135479
11.135479
11.135479
11.135479
11.135479
11.135479
11.135479
11.135479
11.135479
11.135479
11.135479
11.135479
11.135479
11.135479
11.135479
11.135479
11.135479
11.135479
11.135479
11.135479
11.135479
11.135479
11.135479
11.135478
11.135478
11.135478
11.135477
11.135477
11.135476
11.135476
11.135476
11.135475
11.135475
11.135474
11.135474
)
;
    }
    cylinderWall
    {
        type            calculated;
        value           nonuniform List<scalar> 
120
(
13.597578
13.597578
13.597577
13.597575
13.597573
13.597571
13.597568
13.597566
13.597564
13.597561
13.597559
13.597557
13.597556
13.597555
13.597554
13.597553
13.597552
13.597552
13.597552
13.597553
13.597553
13.597554
13.597555
13.597556
13.597557
13.597558
13.59756
13.597561
13.597563
13.597564
13.597566
13.597568
13.597569
13.597571
13.597573
13.597574
13.597576
13.597578
13.59758
13.597581
13.597583
13.597585
13.597586
13.597588
13.59759
13.597591
13.597593
13.597595
13.597596
13.597598
13.597599
13.597601
13.597602
13.597604
13.597605
13.597607
13.597608
13.59761
13.597611
13.597612
13.597614
13.597615
13.597616
13.597618
13.597619
13.59762
13.597622
13.597623
13.597624
13.597625
13.597626
13.597627
13.597628
13.597629
13.597631
13.597632
13.597633
13.597634
13.597634
13.597635
13.597636
13.597637
13.597638
13.597639
13.59764
13.597641
13.597641
13.597642
13.597643
13.597644
13.597644
13.597645
13.597646
13.597646
13.597647
13.597647
13.597648
13.597648
13.597649
13.597649
13.59765
13.59765
13.597651
13.597651
13.597651
13.597652
13.597652
13.597652
13.597653
13.597653
13.597653
13.597653
13.597653
13.597654
13.597654
13.597654
13.597654
13.597654
13.597654
13.597654
)
;
    }
    wedgeFront
    {
        type            wedge;
    }
    wedgeBack
    {
        type            wedge;
    }
    axis
    {
        type            empty;
    }
}


// ************************************************************************* //
