/*--------------------------------*- C++ -*----------------------------------*\
  =========                 |
  \\      /  F ield         | OpenFOAM: The Open Source CFD Toolbox
   \\    /   O peration     | Website:  https://openfoam.org
    \\  /    A nd           | Version:  13
     \\/     M anipulation  |
\*---------------------------------------------------------------------------*/
FoamFile
{
    format      ascii;
    class       volScalarField;
    location    "-20";
    object      T;
}
// * * * * * * * * * * * * * * * * * * * * * * * * * * * * * * * * * * * * * //

dimensions      [0 0 0 1 0 0 0];

internalField   nonuniform List<scalar> 
4800
(
571.85879
571.90257
571.91175
571.90761
571.90722
571.90882
571.9108
571.91303
571.91532
571.91748
571.91944
571.92084
571.92144
571.92076
571.91815
571.91247
571.90257
571.88643
571.86102
571.82134
571.75915
571.66171
571.51111
571.28191
570.95279
570.58789
570.71662
572.22632
573.03905
567.79819
564.11276
562.33657
564.63473
569.75
575.83826
582.7935
591.59653
603.98609
621.60992
641.59351
671.30183
671.28419
671.2682
671.28661
671.31246
671.34181
671.37623
671.41713
671.46557
671.52252
671.58913
671.66672
671.75701
671.86215
671.98483
672.12848
672.29767
672.49825
672.73772
673.02545
673.37343
673.799
674.33869
675.05456
676.10914
677.98907
682.06632
688.17903
689.0817
673.43128
647.64808
640.79576
647.82701
660.68096
671.4533
678.48133
682.92404
686.70721
689.64307
691.98736
688.15856
688.10483
688.07545
688.10272
688.13699
688.17446
688.21817
688.27025
688.33221
688.40544
688.49159
688.59265
688.7111
688.85021
689.01405
689.20804
689.43931
689.7174
690.0549
690.46834
690.97915
691.61679
692.44432
693.57409
695.2737
698.24247
703.76875
711.43491
711.58289
695.13739
675.56304
671.71818
679.25045
689.56348
695.94977
698.63585
699.25194
698.74658
697.72296
695.75671
688.77355
688.70069
688.66493
688.69617
688.73364
688.77409
688.82115
688.87729
688.94424
689.02365
689.11731
689.22757
689.35735
689.51044
689.69169
689.90765
690.167
690.48155
690.8675
691.34666
691.94805
692.71142
693.72057
695.13055
697.30963
701.18041
708.57366
718.80308
720.6342
706.65105
691.26453
688.79333
694.80509
701.14994
703.4211
703.19321
701.49059
699.76847
697.99794
695.74676
687.25252
687.17122
687.133
687.16564
687.20394
687.24505
687.29284
687.34992
687.41806
687.499
687.59463
687.7074
687.84041
687.99767
688.18435
688.40742
688.67624
689.00357
689.40709
689.91083
690.54684
691.35745
692.43285
693.94431
696.297
700.45709
708.33551
720.30614
725.23585
714.47835
701.4223
699.13269
702.98429
705.85887
705.70266
703.52918
701.23695
699.32449
697.46158
695.51265
682.04085
681.93946
681.89591
681.93143
681.97096
682.01291
682.06158
682.11986
682.18968
682.27292
682.37175
682.48889
682.62783
682.79316
682.9909
683.22914
683.51897
683.87586
684.32153
684.88632
685.61082
686.54269
687.79416
689.61779
692.48115
697.46225
706.60749
719.97346
727.70145
720.43622
708.62364
705.86375
707.62392
708.3353
706.43277
703.25711
700.12785
697.85357
696.02985
695.1894
670.68975
670.56302
670.51433
670.55191
670.59058
670.63096
670.67771
670.73396
670.80181
670.88329
670.98087
671.09763
671.23764
671.40622
671.61062
671.86067
672.17021
672.55905
673.05587
673.70207
674.55347
675.65289
677.24982
679.68442
683.55795
690.18113
701.83371
718.15724
728.6258
725.18796
714.27792
710.69565
710.84701
710.13944
707.10082
702.57943
697.68847
695.37521
694.35456
694.95271
662.90775
662.85254
662.83183
662.84887
662.86686
662.88605
662.90841
662.93536
662.96793
663.00714
663.05422
663.11077
663.17891
663.26145
663.3623
663.48691
663.6432
663.843
664.10446
664.45577
664.93367
665.7219
666.9557
668.94781
672.42061
679.03608
692.01514
713.37879
728.50454
728.87503
719.24254
714.66998
713.77345
712.34701
708.66402
702.94736
696.01627
693.33149
692.79131
694.73086
659.67056
659.65028
659.64288
659.6494
659.65644
659.66411
659.67308
659.68391
659.69702
659.71282
659.73184
659.75475
659.78244
659.81614
659.85756
659.90917
659.97465
660.05974
660.17395
660.33265
660.59133
661.03143
661.74083
662.96712
665.33252
670.48886
682.25061
704.75769
727.24504
731.40938
723.89344
718.5149
717.08007
715.7562
712.07773
704.62945
695.03142
691.20448
691.21983
694.53037
658.54842
658.54197
658.53969
658.54185
658.54423
658.54687
658.54997
658.55372
658.55827
658.56376
658.57039
658.57839
658.58812
658.60002
658.61478
658.63337
658.65734
658.68926
658.73384
658.8025
658.92513
659.12714
659.46835
660.10401
661.46704
664.89264
674.12993
695.21601
723.40982
732.58991
728.22891
722.57115
721.06933
720.58526
718.00949
708.54142
694.45476
688.86046
689.66709
694.34569
658.21584
658.21402
658.2134
658.21404
658.21475
658.21556
658.21652
658.21767
658.21907
658.22076
658.22281
658.22529
658.22831
658.23205
658.23673
658.24272
658.25064
658.26157
658.27761
658.3064
658.35505
658.43621
658.58096
658.87268
659.57048
661.59883
668.08643
685.86965
715.79923
732.49735
731.94812
726.84284
725.53337
725.83662
723.62003
711.39538
693.79582
686.23484
688.14548
694.1734
658.12842
658.12795
658.1278
658.12798
658.12818
658.12841
658.12868
658.12901
658.1294
658.12988
658.13045
658.13114
658.13199
658.13305
658.13439
658.13615
658.13858
658.14212
658.14796
658.15845
658.17578
658.20556
658.26169
658.38409
658.71104
659.81031
663.96923
677.66183
706.43282
731.09348
734.46393
731.03603
729.94639
730.35744
726.44049
711.16211
692.45346
683.20387
686.67579
694.01098
658.10718
658.10707
658.10704
658.10709
658.10715
658.10721
658.10729
658.10738
658.10748
658.1076
658.10775
658.10792
658.10813
658.10839
658.10872
658.10919
658.10988
658.11099
658.11307
658.11661
658.12251
658.13289
658.15341
658.20154
658.3447
658.89973
661.36685
671.03932
696.09699
726.73099
735.13606
734.48884
733.66664
733.27283
726.17438
709.22619
689.54846
679.69228
685.27565
693.85659
658.10198
658.10195
658.10195
658.10197
658.10199
658.10201
658.10204
658.10206
658.10209
658.10212
658.10215
658.10218
658.10221
658.10225
658.10231
658.1024
658.10258
658.10295
658.10368
658.10494
658.10704
658.1107
658.11805
658.13621
658.19574
658.46008
659.82776
666.13656
685.98167
717.92485
734.47178
736.21097
735.87491
733.64779
724.20642
703.60969
683.54633
675.84086
683.96261
693.70883
658.10034
658.10033
658.10033
658.10035
658.10036
658.10037
658.10038
658.10039
658.1004
658.10041
658.10041
658.1004
658.10039
658.10037
658.10036
658.10035
658.10038
658.10052
658.10084
658.10141
658.10233
658.10381
658.10658
658.1134
658.13729
658.25711
658.97062
662.79333
677.19083
706.8532
731.50683
736.10724
735.98326
732.73242
718.38255
692.6017
676.23401
672.44443
682.75613
693.5666
658.09943
658.09942
658.09943
658.09944
658.09945
658.09946
658.09947
658.09948
658.09948
658.09948
658.09947
658.09946
658.09944
658.09941
658.09937
658.09934
658.09933
658.0994
658.09961
658.09999
658.10057
658.10138
658.10264
658.10538
658.11485
658.16695
658.51898
660.68206
670.28129
694.95372
724.04873
734.4956
734.8122
729.11163
706.48597
683.28415
670.41246
669.49552
681.67447
693.42899
658.09868
658.09868
658.09869
658.09869
658.0987
658.09871
658.09872
658.09873
658.09873
658.09873
658.09872
658.0987
658.09868
658.09864
658.0986
658.09856
658.09854
658.0986
658.09877
658.0991
658.09959
658.1002
658.10099
658.10232
658.10622
658.12817
658.29305
659.44054
665.34907
683.89247
712.63612
729.53842
730.58737
720.39581
694.26639
675.51512
666.15064
667.08469
680.72979
693.29512
658.098
658.098
658.09801
658.09802
658.09803
658.09804
658.09804
658.09805
658.09805
658.09805
658.09804
658.09802
658.09799
658.09795
658.09791
658.09786
658.09784
658.09788
658.09805
658.09837
658.09883
658.09938
658.10002
658.10088
658.10271
658.11186
658.18545
658.75773
662.12928
674.89907
700.09664
719.01734
720.74655
706.83737
683.55457
669.43943
663.2593
665.35437
679.92853
693.16414
658.0974
658.0974
658.09741
658.09741
658.09742
658.09743
658.09743
658.09744
658.09744
658.09743
658.09742
658.0974
658.09737
658.09733
658.09728
658.09723
658.0972
658.09724
658.0974
658.09771
658.09816
658.09869
658.09928
658.09997
658.10105
658.105
658.1365
658.40544
660.19516
668.31415
688.09499
706.09009
707.29534
693.55057
674.90248
665.03747
661.41871
664.28688
679.26413
693.03523
658.09686
658.09687
658.09687
658.09688
658.09689
658.09689
658.0969
658.0969
658.0969
658.09689
658.09688
658.09685
658.09682
658.09677
658.09672
658.09666
658.09663
658.09666
658.09681
658.09712
658.09755
658.09807
658.09863
658.09926
658.10005
658.10196
658.11509
658.2345
659.12076
663.89529
677.94427
693.09841
693.83005
682.05871
668.46491
662.10896
660.31125
663.64105
678.79692
692.90782
658.0964
658.0964
658.09641
658.09642
658.09642
658.09643
658.09643
658.09643
658.09643
658.09642
658.0964
658.09638
658.09634
658.09629
658.09623
658.09617
658.09613
658.09615
658.09629
658.09659
658.09702
658.09751
658.09805
658.09864
658.09932
658.10044
658.10593
658.15626
658.567
661.16871
670.25228
681.70006
682.07577
673.14973
664.07611
660.3137
659.67809
663.27714
678.50695
692.78168
658.096
658.09601
658.09601
658.09602
658.09603
658.09603
658.09603
658.09603
658.09603
658.09602
658.096
658.09597
658.09593
658.09587
658.09581
658.09574
658.09569
658.09571
658.09584
658.09613
658.09654
658.09702
658.09754
658.09809
658.0987
658.09951
658.10197
658.12231
658.30178
659.61709
664.98826
672.80277
672.96897
666.89776
661.3287
659.29241
659.32951
663.09665
678.29208
692.67064
658.09567
658.09567
658.09568
658.09568
658.09569
658.09569
658.09569
658.09569
658.09568
658.09567
658.09565
658.09562
658.09557
658.09551
658.09544
658.09537
658.09532
658.09533
658.09545
658.09573
658.09613
658.09659
658.09708
658.09761
658.09817
658.09883
658.10012
658.10817
658.18237
658.80143
661.71689
666.55909
666.62941
662.89381
659.7417
658.75145
659.14698
663.0241
678.12147
692.57708
658.09538
658.09539
658.09539
658.0954
658.0954
658.09541
658.09541
658.0954
658.09539
658.09538
658.09535
658.09532
658.09527
658.09521
658.09514
658.09506
658.095
658.095
658.09512
658.09538
658.09578
658.09622
658.09669
658.09718
658.0977
658.09827
658.0991
658.10238
658.13161
658.40375
659.86187
662.59526
662.63066
660.53851
658.89293
658.47802
659.06151
663.00531
677.98408
692.49822
658.09515
658.09515
658.09516
658.09516
658.09517
658.09517
658.09517
658.09516
658.09515
658.09514
658.09511
658.09507
658.09502
658.09496
658.09488
658.0948
658.09473
658.09473
658.09484
658.09509
658.09547
658.0959
658.09635
658.09681
658.09729
658.09779
658.09842
658.09991
658.11103
658.22318
658.89757
660.30821
660.33129
659.25946
658.46643
658.34453
659.02693
663.00708
677.87202
692.43172
658.09495
658.09496
658.09497
658.09497
658.09497
658.09497
658.09497
658.09497
658.09495
658.09494
658.09491
658.09487
658.09482
658.09475
658.09467
658.09458
658.09451
658.0945
658.0946
658.09485
658.09522
658.09563
658.09606
658.09649
658.09693
658.09738
658.09789
658.09872
658.10293
658.14643
658.43571
659.10407
659.12
658.61564
658.26521
658.28162
659.01712
663.02206
677.77973
692.37556
658.0948
658.0948
658.09481
658.09481
658.09482
658.09482
658.09481
658.09481
658.09479
658.09477
658.09475
658.0947
658.09465
658.09458
658.09449
658.0944
658.09433
658.09431
658.0944
658.09464
658.09501
658.09541
658.09581
658.09622
658.09662
658.09703
658.09746
658.09801
658.09969
658.11565
658.23105
658.52289
658.53286
658.3142
658.17599
658.25405
659.01682
663.0492
677.70265
692.32809
658.09468
658.09468
658.09469
658.09469
658.09469
658.09469
658.09469
658.09468
658.09467
658.09465
658.09462
658.09457
658.09452
658.09444
658.09435
658.09426
658.09418
658.09416
658.09424
658.09448
658.09483
658.09522
658.09561
658.09599
658.09637
658.09673
658.0971
658.09751
658.09827
658.10385
658.14673
658.26451
658.26988
658.1825
658.13838
658.24366
659.01926
663.06385
677.63761
692.28789
658.09459
658.09459
658.0946
658.0946
658.0946
658.0946
658.0946
658.09459
658.09457
658.09455
658.09452
658.09447
658.09441
658.09434
658.09425
658.09415
658.09406
658.09404
658.09412
658.09435
658.09469
658.09507
658.09544
658.0958
658.09615
658.09647
658.09679
658.09712
658.09752
658.09939
658.11421
658.15816
658.16055
658.12867
658.12312
658.24072
659.02674
663.07108
677.58269
692.25383
658.09452
658.09453
658.09453
658.09453
658.09454
658.09453
658.09453
658.09452
658.0945
658.09448
658.09445
658.0944
658.09434
658.09426
658.09417
658.09406
658.09398
658.09394
658.09402
658.09424
658.09458
658.09495
658.0953
658.09565
658.09597
658.09626
658.09653
658.0968
658.09704
658.09763
658.10232
658.11738
658.11815
658.10802
658.11709
658.24057
659.03359
663.07343
677.5363
692.22493
658.09448
658.09448
658.09449
658.09449
658.09449
658.09449
658.09448
658.09447
658.09446
658.09443
658.0944
658.09435
658.09428
658.0942
658.09411
658.09401
658.09391
658.09388
658.09395
658.09417
658.0945
658.09486
658.0952
658.09552
658.09582
658.09608
658.09632
658.09654
658.09669
658.09683
658.09808
658.10266
658.10269
658.10047
658.11494
658.24095
659.03867
663.07259
677.49709
692.20039
658.09445
658.09446
658.09446
658.09447
658.09447
658.09446
658.09446
658.09445
658.09443
658.0944
658.09437
658.09432
658.09425
658.09417
658.09407
658.09397
658.09387
658.09383
658.0939
658.09411
658.09444
658.09479
658.09512
658.09543
658.09571
658.09594
658.09614
658.09632
658.0964
658.09638
658.09653
658.09758
658.09733
658.09779
658.11428
658.24213
659.04299
663.07035
677.46395
692.17954
658.09444
658.09445
658.09446
658.09446
658.09446
658.09445
658.09445
658.09444
658.09442
658.09439
658.09435
658.0943
658.09424
658.09415
658.09405
658.09395
658.09385
658.09381
658.09387
658.09408
658.0944
658.09474
658.09506
658.09536
658.09562
658.09583
658.096
658.09614
658.09618
658.09608
658.09589
658.09583
658.09551
658.09684
658.11417
658.24348
659.04673
663.06652
677.43591
692.16182
658.09445
658.09446
658.09446
658.09446
658.09446
658.09446
658.09445
658.09444
658.09442
658.09439
658.09435
658.0943
658.09424
658.09415
658.09405
658.09394
658.09384
658.0938
658.09386
658.09406
658.09438
658.09471
658.09502
658.0953
658.09555
658.09574
658.09589
658.096
658.096
658.09586
658.09556
658.09519
658.09487
658.0965
658.1142
658.24458
659.04999
663.06208
677.41219
692.14676
658.09447
658.09447
658.09448
658.09448
658.09448
658.09447
658.09447
658.09445
658.09444
658.09441
658.09437
658.09432
658.09425
658.09416
658.09406
658.09395
658.09385
658.0938
658.09386
658.09406
658.09437
658.0947
658.095
658.09527
658.0955
658.09568
658.09581
658.09588
658.09585
658.09569
658.09536
658.09491
658.09462
658.09637
658.11429
658.24556
659.05284
663.05736
677.39213
692.13397
658.09449
658.0945
658.0945
658.09451
658.0945
658.0945
658.09449
658.09448
658.09446
658.09443
658.09439
658.09434
658.09427
658.09418
658.09408
658.09397
658.09386
658.09381
658.09387
658.09407
658.09438
658.0947
658.09499
658.09525
658.09547
658.09563
658.09575
658.0958
658.09574
658.09556
658.09522
658.09477
658.09452
658.09633
658.11443
658.24644
659.05534
663.0526
677.37516
692.12312
658.09453
658.09453
658.09454
658.09454
658.09454
658.09453
658.09453
658.09451
658.09449
658.09446
658.09442
658.09437
658.0943
658.09421
658.09411
658.09399
658.09389
658.09384
658.09389
658.09409
658.09439
658.09471
658.09499
658.09525
658.09546
658.0956
658.0957
658.09573
658.09566
658.09546
658.09513
658.09468
658.09446
658.09632
658.11457
658.24724
659.05754
663.04797
677.36082
692.11392
658.09457
658.09458
658.09458
658.09458
658.09458
658.09458
658.09457
658.09455
658.09453
658.0945
658.09446
658.09441
658.09434
658.09425
658.09415
658.09403
658.09392
658.09387
658.09392
658.09412
658.09442
658.09473
658.09501
658.09526
658.09545
658.09559
658.09568
658.09569
658.0956
658.09539
658.09506
658.09463
658.09445
658.09633
658.1147
658.24796
659.05947
663.04357
677.34869
692.10614
658.09462
658.09462
658.09463
658.09463
658.09463
658.09462
658.09461
658.0946
658.09458
658.09455
658.09451
658.09445
658.09439
658.0943
658.09419
658.09407
658.09397
658.09391
658.09396
658.09415
658.09445
658.09476
658.09503
658.09527
658.09546
658.09559
658.09566
658.09566
658.09556
658.09534
658.09502
658.09461
658.09445
658.09636
658.11484
658.2486
659.06118
663.03944
677.33845
692.0996
658.09467
658.09468
658.09468
658.09468
658.09468
658.09468
658.09467
658.09465
658.09463
658.0946
658.09456
658.09451
658.09444
658.09435
658.09424
658.09412
658.09401
658.09396
658.094
658.0942
658.09449
658.0948
658.09506
658.09529
658.09548
658.0956
658.09566
658.09564
658.09553
658.09532
658.095
658.09461
658.09446
658.0964
658.11497
658.24918
659.06267
663.03564
677.3298
692.09411
658.09473
658.09473
658.09474
658.09474
658.09474
658.09473
658.09472
658.09471
658.09469
658.09466
658.09462
658.09456
658.09449
658.0944
658.09429
658.09418
658.09407
658.09401
658.09405
658.09424
658.09454
658.09484
658.0951
658.09533
658.0955
658.09561
658.09566
658.09564
658.09552
658.09531
658.095
658.09462
658.09449
658.09645
658.11511
658.2497
659.06399
663.03216
677.32251
692.08954
658.09479
658.09479
658.0948
658.0948
658.0948
658.09479
658.09478
658.09477
658.09475
658.09472
658.09467
658.09462
658.09455
658.09446
658.09435
658.09423
658.09412
658.09406
658.09411
658.0943
658.09459
658.09489
658.09514
658.09536
658.09553
658.09564
658.09567
658.09564
658.09552
658.09531
658.09501
658.09464
658.09453
658.0965
658.11523
658.25017
659.06515
663.02901
677.31635
692.08577
658.09485
658.09485
658.09486
658.09486
658.09486
658.09485
658.09484
658.09483
658.09481
658.09478
658.09474
658.09468
658.09461
658.09452
658.09441
658.09429
658.09418
658.09412
658.09416
658.09435
658.09464
658.09494
658.09519
658.0954
658.09557
658.09566
658.09569
658.09566
658.09553
658.09532
658.09503
658.09467
658.09458
658.09657
658.11535
658.25058
659.06617
663.02619
677.31118
692.0827
658.09491
658.09492
658.09492
658.09492
658.09492
658.09492
658.09491
658.09489
658.09487
658.09484
658.0948
658.09474
658.09467
658.09458
658.09447
658.09435
658.09424
658.09418
658.09422
658.09441
658.0947
658.09499
658.09524
658.09545
658.09561
658.09569
658.09572
658.09568
658.09555
658.09534
658.09505
658.09471
658.09463
658.09663
658.11547
658.25095
659.06706
663.02367
677.30683
692.08024
658.09498
658.09498
658.09499
658.09499
658.09499
658.09498
658.09497
658.09496
658.09494
658.09491
658.09486
658.09481
658.09474
658.09465
658.09454
658.09442
658.0943
658.09424
658.09428
658.09447
658.09476
658.09504
658.09529
658.0955
658.09565
658.09573
658.09575
658.0957
658.09558
658.09537
658.09509
658.09476
658.09469
658.0967
658.11558
658.25129
659.06784
663.02143
677.30319
692.07831
658.09505
658.09505
658.09506
658.09506
658.09505
658.09505
658.09504
658.09502
658.095
658.09497
658.09493
658.09487
658.0948
658.09471
658.0946
658.09448
658.09437
658.09431
658.09435
658.09453
658.09482
658.0951
658.09534
658.09555
658.0957
658.09577
658.09578
658.09574
658.09561
658.09541
658.09513
658.09481
658.09475
658.09677
658.11569
658.25158
659.06852
663.01944
677.30015
692.07686
658.09511
658.09512
658.09512
658.09512
658.09512
658.09512
658.09511
658.09509
658.09507
658.09504
658.095
658.09494
658.09487
658.09478
658.09467
658.09455
658.09444
658.09437
658.09441
658.09459
658.09488
658.09516
658.0954
658.0956
658.09574
658.09581
658.09582
658.09577
658.09565
658.09545
658.09518
658.09487
658.09481
658.09684
658.11579
658.25184
659.06911
663.01766
677.29763
692.07582
658.09518
658.09519
658.09519
658.09519
658.09519
658.09518
658.09517
658.09516
658.09514
658.09511
658.09507
658.09501
658.09494
658.09485
658.09474
658.09462
658.0945
658.09444
658.09448
658.09466
658.09494
658.09522
658.09546
658.09565
658.09579
658.09586
658.09587
658.09582
658.09569
658.09549
658.09523
658.09492
658.09488
658.09691
658.11589
658.25208
659.06962
663.01611
677.29557
692.07517
658.09525
658.09526
658.09526
658.09526
658.09526
658.09525
658.09524
658.09523
658.09521
658.09518
658.09513
658.09508
658.09501
658.09492
658.09481
658.09469
658.09457
658.09451
658.09454
658.09472
658.09501
658.09529
658.09552
658.09571
658.09584
658.09591
658.09591
658.09586
658.09573
658.09554
658.09528
658.09499
658.09495
658.09698
658.11598
658.25229
659.07006
663.01476
677.29391
692.07487
658.09532
658.09532
658.09533
658.09533
658.09533
658.09532
658.09531
658.0953
658.09528
658.09525
658.0952
658.09515
658.09508
658.09499
658.09488
658.09475
658.09464
658.09457
658.09461
658.09479
658.09507
658.09535
658.09558
658.09577
658.0959
658.09596
658.09596
658.09591
658.09578
658.09559
658.09534
658.09505
658.09502
658.09706
658.11607
658.25248
659.07044
663.01358
677.2926
692.07483
658.09539
658.09539
658.0954
658.0954
658.09539
658.09539
658.09538
658.09537
658.09534
658.09531
658.09527
658.09522
658.09514
658.09505
658.09494
658.09482
658.09471
658.09464
658.09468
658.09486
658.09513
658.09541
658.09564
658.09582
658.09595
658.09601
658.09601
658.09596
658.09583
658.09564
658.0954
658.09511
658.09509
658.09713
658.11616
658.25264
659.07077
663.01256
677.2916
692.07506
658.09546
658.09546
658.09546
658.09546
658.09546
658.09546
658.09545
658.09543
658.09541
658.09538
658.09534
658.09528
658.09521
658.09512
658.09501
658.09489
658.09477
658.09471
658.09474
658.09492
658.0952
658.09547
658.0957
658.09588
658.09601
658.09606
658.09606
658.09601
658.09588
658.0957
658.09546
658.09518
658.09516
658.0972
658.11624
658.25279
659.07104
663.01168
677.29089
692.0756
658.09552
658.09553
658.09553
658.09553
658.09553
658.09552
658.09552
658.0955
658.09548
658.09545
658.09541
658.09535
658.09528
658.09519
658.09508
658.09496
658.09484
658.09477
658.09481
658.09499
658.09526
658.09553
658.09576
658.09594
658.09606
658.09612
658.09612
658.09606
658.09594
658.09576
658.09552
658.09525
658.09523
658.09728
658.11632
658.25292
659.07127
663.01092
677.29044
692.07634
658.09559
658.09559
658.0956
658.0956
658.0956
658.09559
658.09558
658.09557
658.09555
658.09552
658.09547
658.09542
658.09535
658.09526
658.09515
658.09502
658.09491
658.09484
658.09488
658.09505
658.09533
658.0956
658.09582
658.09599
658.09612
658.09617
658.09617
658.09611
658.09599
658.09581
658.09558
658.09531
658.0953
658.09735
658.1164
658.25303
659.07146
663.01027
677.29023
692.07729
658.09566
658.09566
658.09567
658.09567
658.09566
658.09566
658.09565
658.09563
658.09561
658.09558
658.09554
658.09548
658.09541
658.09532
658.09521
658.09509
658.09497
658.09491
658.09494
658.09511
658.09539
658.09566
658.09588
658.09605
658.09617
658.09622
658.09622
658.09617
658.09605
658.09587
658.09564
658.09538
658.09537
658.09742
658.11647
658.25313
659.07162
663.00972
677.29023
692.07844
658.09572
658.09573
658.09573
658.09573
658.09573
658.09572
658.09571
658.0957
658.09568
658.09565
658.0956
658.09555
658.09548
658.09539
658.09528
658.09516
658.09504
658.09497
658.09501
658.09518
658.09545
658.09572
658.09594
658.09611
658.09623
658.09628
658.09628
658.09622
658.0961
658.09593
658.0957
658.09544
658.09544
658.09749
658.11654
658.25322
659.07174
663.00926
677.29043
692.07978
658.09579
658.09579
658.0958
658.0958
658.09579
658.09579
658.09578
658.09576
658.09574
658.09571
658.09567
658.09561
658.09554
658.09545
658.09534
658.09522
658.0951
658.09504
658.09507
658.09524
658.09551
658.09578
658.09599
658.09617
658.09628
658.09633
658.09633
658.09627
658.09616
658.09599
658.09576
658.09551
658.0955
658.09756
658.11661
658.2533
659.07184
663.00887
677.29085
692.0813
658.09585
658.09585
658.09586
658.09586
658.09586
658.09585
658.09584
658.09583
658.09581
658.09577
658.09573
658.09568
658.09561
658.09552
658.09541
658.09528
658.09517
658.0951
658.09513
658.09531
658.09558
658.09584
658.09605
658.09623
658.09634
658.09639
658.09638
658.09633
658.09621
658.09604
658.09583
658.09558
658.09557
658.09763
658.11668
658.25337
659.07192
663.00855
677.29142
692.08298
658.09591
658.09592
658.09592
658.09592
658.09592
658.09591
658.0959
658.09589
658.09587
658.09584
658.0958
658.09574
658.09567
658.09558
658.09547
658.09535
658.09523
658.09516
658.0952
658.09537
658.09564
658.0959
658.09611
658.09628
658.09639
658.09644
658.09644
658.09638
658.09627
658.0961
658.09589
658.09564
658.09564
658.09769
658.11674
658.25343
659.07198
663.00831
677.29215
692.08483
658.09598
658.09598
658.09598
658.09598
658.09598
658.09598
658.09597
658.09595
658.09593
658.0959
658.09586
658.0958
658.09573
658.09564
658.09553
658.09541
658.09529
658.09522
658.09526
658.09543
658.0957
658.09596
658.09617
658.09634
658.09645
658.09649
658.09649
658.09643
658.09632
658.09616
658.09595
658.0957
658.0957
658.09776
658.1168
658.25348
659.07203
663.00813
677.29303
692.08684
658.09604
658.09604
658.09605
658.09605
658.09604
658.09604
658.09603
658.09601
658.09599
658.09596
658.09592
658.09586
658.09579
658.0957
658.09559
658.09547
658.09536
658.09529
658.09532
658.09549
658.09576
658.09602
658.09623
658.09639
658.0965
658.09655
658.09654
658.09649
658.09638
658.09621
658.09601
658.09577
658.09577
658.09782
658.11686
658.25353
659.07206
663.008
677.29404
692.08901
658.0961
658.0961
658.09611
658.09611
658.0961
658.0961
658.09609
658.09607
658.09605
658.09602
658.09598
658.09592
658.09585
658.09576
658.09565
658.09553
658.09542
658.09535
658.09538
658.09555
658.09582
658.09608
658.09628
658.09645
658.09656
658.0966
658.09659
658.09654
658.09643
658.09627
658.09606
658.09583
658.09583
658.09789
658.11691
658.25357
659.07208
663.00794
677.29519
692.09133
658.09616
658.09616
658.09616
658.09616
658.09616
658.09616
658.09614
658.09613
658.09611
658.09608
658.09604
658.09598
658.09591
658.09582
658.09571
658.09559
658.09548
658.09541
658.09544
658.09561
658.09588
658.09613
658.09634
658.0965
658.09661
658.09665
658.09664
658.09659
658.09648
658.09633
658.09612
658.09589
658.09589
658.09795
658.11697
658.25361
659.0721
663.00794
677.29647
692.09381
658.09621
658.09622
658.09622
658.09622
658.09622
658.09621
658.0962
658.09619
658.09617
658.09614
658.0961
658.09604
658.09597
658.09588
658.09577
658.09565
658.09554
658.09547
658.0955
658.09567
658.09593
658.09619
658.09639
658.09656
658.09666
658.0967
658.09669
658.09664
658.09653
658.09638
658.09618
658.09595
658.09595
658.09801
658.11702
658.25365
659.07212
663.00798
677.29787
692.09645
658.09627
658.09628
658.09628
658.09628
658.09628
658.09627
658.09626
658.09624
658.09622
658.09619
658.09615
658.0961
658.09603
658.09594
658.09583
658.09571
658.09559
658.09552
658.09556
658.09573
658.09599
658.09625
658.09645
658.09661
658.09671
658.09675
658.09674
658.09669
658.09659
658.09643
658.09623
658.09601
658.09601
658.09807
658.11707
658.25368
659.07213
663.00807
677.29939
692.09924
658.09633
658.09633
658.09634
658.09634
658.09633
658.09633
658.09632
658.0963
658.09628
658.09625
658.09621
658.09615
658.09608
658.09599
658.09589
658.09577
658.09565
658.09558
658.09561
658.09578
658.09605
658.0963
658.0965
658.09666
658.09676
658.0968
658.09679
658.09674
658.09664
658.09649
658.09629
658.09606
658.09607
658.09813
658.11712
658.25371
659.07214
663.0082
677.30103
692.1022
658.09638
658.09639
658.09639
658.09639
658.09639
658.09638
658.09637
658.09636
658.09633
658.0963
658.09626
658.09621
658.09614
658.09605
658.09594
658.09582
658.09571
658.09564
658.09567
658.09584
658.0961
658.09636
658.09655
658.09671
658.09681
658.09685
658.09684
658.09679
658.09669
658.09654
658.09634
658.09612
658.09613
658.09818
658.11717
658.25373
659.07215
663.00838
677.30279
692.10533
658.09644
658.09644
658.09645
658.09645
658.09644
658.09644
658.09643
658.09641
658.09639
658.09636
658.09632
658.09626
658.09619
658.09611
658.096
658.09588
658.09576
658.09569
658.09573
658.09589
658.09616
658.09641
658.09661
658.09676
658.09686
658.0969
658.09689
658.09684
658.09674
658.09659
658.0964
658.09617
658.09619
658.09824
658.11722
658.25376
659.07216
663.00859
677.30468
692.10864
658.09649
658.0965
658.0965
658.0965
658.0965
658.09649
658.09648
658.09646
658.09644
658.09641
658.09637
658.09632
658.09625
658.09616
658.09605
658.09593
658.09582
658.09575
658.09578
658.09595
658.09621
658.09646
658.09666
658.09681
658.09691
658.09695
658.09694
658.09688
658.09678
658.09664
658.09645
658.09623
658.09624
658.09829
658.11726
658.25378
659.07217
663.00885
677.30668
692.11212
658.09654
658.09655
658.09655
658.09655
658.09655
658.09654
658.09653
658.09652
658.0965
658.09647
658.09643
658.09637
658.0963
658.09621
658.09611
658.09599
658.09587
658.0958
658.09584
658.096
658.09626
658.09651
658.09671
658.09686
658.09696
658.09699
658.09698
658.09693
658.09683
658.09669
658.0965
658.09628
658.0963
658.09835
658.11731
658.25381
659.07219
663.00915
677.30882
692.1158
658.0966
658.0966
658.0966
658.0966
658.0966
658.09659
658.09658
658.09657
658.09655
658.09652
658.09648
658.09642
658.09635
658.09627
658.09616
658.09604
658.09593
658.09586
658.09589
658.09606
658.09632
658.09656
658.09676
658.09691
658.09701
658.09704
658.09703
658.09698
658.09688
658.09674
658.09655
658.09633
658.09635
658.0984
658.11735
658.25383
659.07221
663.0095
677.31109
692.11967
658.09665
658.09665
658.09665
658.09665
658.09665
658.09664
658.09663
658.09662
658.0966
658.09657
658.09653
658.09647
658.09641
658.09632
658.09621
658.09609
658.09598
658.09591
658.09594
658.09611
658.09637
658.09662
658.09681
658.09696
658.09705
658.09708
658.09707
658.09702
658.09693
658.09679
658.0966
658.09639
658.0964
658.09845
658.11739
658.25386
659.07225
663.0099
677.31351
692.12376
658.0967
658.0967
658.09671
658.0967
658.0967
658.09669
658.09668
658.09667
658.09665
658.09662
658.09658
658.09653
658.09646
658.09637
658.09626
658.09614
658.09603
658.09596
658.096
658.09616
658.09642
658.09667
658.09686
658.09701
658.0971
658.09713
658.09712
658.09707
658.09697
658.09683
658.09665
658.09644
658.09645
658.0985
658.11744
658.25388
659.07229
663.01034
677.31607
692.12808
658.09675
658.09675
658.09675
658.09675
658.09675
658.09674
658.09673
658.09672
658.0967
658.09667
658.09663
658.09658
658.09651
658.09642
658.09631
658.0962
658.09608
658.09602
658.09605
658.09621
658.09647
658.09672
658.0969
658.09705
658.09714
658.09718
658.09716
658.09711
658.09702
658.09688
658.0967
658.09649
658.0965
658.09855
658.11748
658.25391
659.07234
663.01085
677.31879
692.13263
658.0968
658.0968
658.0968
658.0968
658.0968
658.09679
658.09678
658.09677
658.09675
658.09672
658.09668
658.09663
658.09656
658.09647
658.09636
658.09625
658.09613
658.09607
658.0961
658.09627
658.09652
658.09676
658.09695
658.0971
658.09719
658.09722
658.09721
658.09716
658.09706
658.09693
658.09675
658.09654
658.09655
658.0986
658.11752
658.25394
659.0724
663.01141
677.32168
692.13743
658.09685
658.09685
658.09685
658.09685
658.09685
658.09684
658.09683
658.09682
658.0968
658.09677
658.09673
658.09667
658.09661
658.09652
658.09641
658.0963
658.09619
658.09612
658.09615
658.09632
658.09657
658.09681
658.097
658.09714
658.09723
658.09726
658.09725
658.0972
658.09711
658.09697
658.0968
658.09658
658.0966
658.09865
658.11757
658.25397
659.07248
663.01203
677.32475
692.14251
658.09689
658.0969
658.0969
658.0969
658.0969
658.09689
658.09688
658.09687
658.09684
658.09682
658.09678
658.09672
658.09665
658.09657
658.09646
658.09635
658.09624
658.09617
658.0962
658.09637
658.09662
658.09686
658.09705
658.09719
658.09728
658.09731
658.0973
658.09725
658.09715
658.09702
658.09684
658.09663
658.09665
658.0987
658.11761
658.254
659.07258
663.01273
677.32802
692.14788
658.09694
658.09694
658.09695
658.09695
658.09694
658.09694
658.09693
658.09691
658.09689
658.09686
658.09682
658.09677
658.0967
658.09662
658.09651
658.0964
658.09629
658.09622
658.09625
658.09642
658.09667
658.09691
658.09709
658.09724
658.09732
658.09735
658.09734
658.09729
658.0972
658.09706
658.09689
658.09668
658.0967
658.09874
658.11765
658.25404
659.07269
663.0135
677.33149
692.15356
658.09699
658.09699
658.09699
658.09699
658.09699
658.09698
658.09697
658.09696
658.09694
658.09691
658.09687
658.09682
658.09675
658.09666
658.09656
658.09644
658.09633
658.09627
658.0963
658.09647
658.09672
658.09696
658.09714
658.09728
658.09737
658.09739
658.09738
658.09733
658.09724
658.09711
658.09693
658.09673
658.09675
658.09879
658.11769
658.25408
659.07283
663.01436
677.3352
692.15959
658.09703
658.09704
658.09704
658.09704
658.09704
658.09703
658.09702
658.09701
658.09699
658.09696
658.09692
658.09687
658.0968
658.09671
658.09661
658.09649
658.09638
658.09632
658.09635
658.09652
658.09676
658.097
658.09719
658.09732
658.09741
658.09744
658.09742
658.09738
658.09729
658.09715
658.09698
658.09677
658.0968
658.09884
658.11774
658.25412
659.07299
663.0153
677.33915
692.16598
658.09708
658.09708
658.09709
658.09709
658.09708
658.09708
658.09707
658.09705
658.09703
658.097
658.09696
658.09691
658.09684
658.09676
658.09666
658.09654
658.09643
658.09637
658.0964
658.09656
658.09681
658.09705
658.09723
658.09737
658.09745
658.09748
658.09747
658.09742
658.09733
658.0972
658.09703
658.09682
658.09684
658.09888
658.11778
658.25417
659.07317
663.01635
677.34336
692.17277
658.09713
658.09713
658.09713
658.09713
658.09713
658.09712
658.09711
658.0971
658.09708
658.09705
658.09701
658.09696
658.09689
658.09681
658.0967
658.09659
658.09648
658.09642
658.09645
658.09661
658.09686
658.0971
658.09728
658.09741
658.09749
658.09752
658.09751
658.09746
658.09737
658.09724
658.09707
658.09687
658.09689
658.09893
658.11782
658.25423
659.07338
663.0175
677.34787
692.18
658.09717
658.09718
658.09718
658.09718
658.09717
658.09717
658.09716
658.09714
658.09712
658.0971
658.09706
658.09701
658.09694
658.09685
658.09675
658.09664
658.09653
658.09647
658.0965
658.09666
658.09691
658.09714
658.09732
658.09746
658.09754
658.09756
658.09755
658.0975
658.09742
658.09728
658.09711
658.09691
658.09693
658.09898
658.11787
658.25429
659.07362
663.01876
677.35269
692.18771
658.09722
658.09722
658.09722
658.09722
658.09722
658.09721
658.0972
658.09719
658.09717
658.09714
658.0971
658.09705
658.09698
658.0969
658.0968
658.09668
658.09658
658.09652
658.09655
658.09671
658.09695
658.09719
658.09736
658.0975
658.09758
658.0976
658.09759
658.09754
658.09746
658.09733
658.09716
658.09696
658.09698
658.09902
658.11791
658.25435
659.07389
663.02015
677.35785
692.19594
658.09726
658.09727
658.09727
658.09727
658.09727
658.09726
658.09725
658.09723
658.09721
658.09719
658.09715
658.0971
658.09703
658.09695
658.09685
658.09673
658.09663
658.09656
658.0966
658.09676
658.097
658.09723
658.09741
658.09754
658.09762
658.09765
658.09763
658.09759
658.0975
658.09737
658.0972
658.097
658.09702
658.09907
658.11796
658.25442
659.0742
663.02168
677.3634
692.20474
658.09731
658.09731
658.09732
658.09731
658.09731
658.0973
658.09729
658.09728
658.09726
658.09723
658.09719
658.09714
658.09708
658.09699
658.09689
658.09678
658.09667
658.09661
658.09665
658.09681
658.09705
658.09728
658.09745
658.09758
658.09766
658.09769
658.09767
658.09763
658.09754
658.09741
658.09725
658.09705
658.09707
658.09911
658.11801
658.2545
659.07454
663.02337
677.36937
692.21418
658.09735
658.09736
658.09736
658.09736
658.09736
658.09735
658.09734
658.09732
658.0973
658.09728
658.09724
658.09719
658.09712
658.09704
658.09694
658.09683
658.09672
658.09666
658.0967
658.09685
658.0971
658.09732
658.0975
658.09763
658.0977
658.09773
658.09772
658.09767
658.09759
658.09746
658.09729
658.09709
658.09711
658.09916
658.11806
658.25459
659.07493
663.02522
677.37582
692.22433
658.0974
658.0974
658.09741
658.09741
658.0974
658.09739
658.09738
658.09737
658.09735
658.09732
658.09728
658.09723
658.09717
658.09709
658.09699
658.09687
658.09677
658.09671
658.09674
658.0969
658.09714
658.09737
658.09754
658.09767
658.09775
658.09777
658.09776
658.09771
658.09763
658.0975
658.09733
658.09713
658.09716
658.0992
658.11811
658.25469
659.07536
663.02724
677.38279
692.23527
658.09745
658.09745
658.09745
658.09745
658.09745
658.09744
658.09743
658.09742
658.0974
658.09737
658.09733
658.09728
658.09721
658.09713
658.09703
658.09692
658.09682
658.09676
658.09679
658.09695
658.09719
658.09742
658.09759
658.09771
658.09779
658.09781
658.0978
658.09775
658.09767
658.09754
658.09737
658.09718
658.09721
658.09925
658.11816
658.25479
659.07584
663.02947
677.39034
692.24709
658.09749
658.09749
658.0975
658.0975
658.09749
658.09749
658.09747
658.09746
658.09744
658.09741
658.09738
658.09733
658.09726
658.09718
658.09708
658.09697
658.09687
658.09681
658.09684
658.097
658.09724
658.09746
658.09763
658.09776
658.09783
658.09785
658.09784
658.09779
658.09771
658.09758
658.09742
658.09722
658.09725
658.0993
658.11821
658.25491
659.07638
663.03191
677.39852
692.25992
658.09754
658.09754
658.09754
658.09754
658.09754
658.09753
658.09752
658.09751
658.09749
658.09746
658.09742
658.09737
658.09731
658.09723
658.09713
658.09702
658.09691
658.09686
658.09689
658.09705
658.09728
658.09751
658.09767
658.0978
658.09787
658.09789
658.09788
658.09784
658.09775
658.09763
658.09746
658.09727
658.0973
658.09934
658.11827
658.25503
659.07697
663.03462
677.40741
692.2739
658.09758
658.09759
658.09759
658.09759
658.09758
658.09758
658.09757
658.09755
658.09753
658.0975
658.09747
658.09742
658.09735
658.09727
658.09717
658.09706
658.09696
658.0969
658.09694
658.0971
658.09733
658.09755
658.09772
658.09784
658.09791
658.09794
658.09792
658.09788
658.0978
658.09767
658.09751
658.09731
658.09734
658.09939
658.11832
658.25517
659.07764
663.0376
677.41709
692.28921
658.09763
658.09763
658.09764
658.09764
658.09763
658.09762
658.09761
658.0976
658.09758
658.09755
658.09751
658.09747
658.0974
658.09732
658.09722
658.09711
658.09701
658.09695
658.09699
658.09715
658.09738
658.0976
658.09777
658.09789
658.09796
658.09798
658.09797
658.09792
658.09784
658.09772
658.09755
658.09736
658.09739
658.09944
658.11838
658.25533
659.07838
663.0409
677.42765
692.30607
658.09768
658.09768
658.09768
658.09768
658.09768
658.09767
658.09766
658.09765
658.09763
658.0976
658.09756
658.09751
658.09745
658.09737
658.09727
658.09716
658.09706
658.09701
658.09704
658.0972
658.09743
658.09765
658.09781
658.09793
658.098
658.09802
658.09801
658.09796
658.09788
658.09776
658.09759
658.09741
658.09744
658.09949
658.11845
658.2555
659.0792
663.04454
677.43919
692.32478
658.09773
658.09773
658.09773
658.09773
658.09773
658.09772
658.09771
658.0977
658.09768
658.09765
658.09761
658.09756
658.0975
658.09742
658.09732
658.09721
658.09711
658.09706
658.09709
658.09725
658.09748
658.0977
658.09786
658.09798
658.09804
658.09807
658.09805
658.09801
658.09793
658.0978
658.09764
658.09745
658.09749
658.09954
658.11851
658.25568
659.08012
663.04857
677.45183
692.34573
658.09778
658.09778
658.09778
658.09778
658.09778
658.09777
658.09776
658.09774
658.09772
658.0977
658.09766
658.09761
658.09755
658.09747
658.09737
658.09726
658.09716
658.09711
658.09715
658.0973
658.09753
658.09775
658.09791
658.09802
658.09809
658.09811
658.0981
658.09805
658.09797
658.09785
658.09769
658.0975
658.09753
658.09959
658.11858
658.25589
659.08113
663.05303
677.46572
692.36943
658.09783
658.09783
658.09783
658.09783
658.09783
658.09782
658.09781
658.09779
658.09777
658.09775
658.09771
658.09766
658.0976
658.09752
658.09742
658.09732
658.09722
658.09716
658.0972
658.09735
658.09758
658.0978
658.09795
658.09807
658.09813
658.09816
658.09814
658.0981
658.09802
658.0979
658.09773
658.09755
658.09758
658.09964
658.11865
658.25611
659.08226
663.05797
677.48103
692.39661
658.09787
658.09788
658.09788
658.09788
658.09787
658.09787
658.09786
658.09784
658.09782
658.0978
658.09776
658.09771
658.09765
658.09757
658.09747
658.09737
658.09727
658.09721
658.09725
658.09741
658.09764
658.09785
658.098
658.09812
658.09818
658.0982
658.09819
658.09814
658.09807
658.09794
658.09778
658.0976
658.09764
658.0997
658.11873
658.25636
659.08352
663.06347
677.49793
692.42825
658.09792
658.09793
658.09793
658.09793
658.09792
658.09792
658.09791
658.09789
658.09787
658.09785
658.09781
658.09776
658.0977
658.09762
658.09752
658.09742
658.09732
658.09727
658.09731
658.09746
658.09769
658.0979
658.09805
658.09816
658.09823
658.09825
658.09824
658.09819
658.09811
658.09799
658.09783
658.09765
658.09769
658.09975
658.11881
658.25663
659.08491
663.0696
677.51667
692.46576
658.09797
658.09798
658.09798
658.09798
658.09797
658.09797
658.09796
658.09794
658.09792
658.09789
658.09786
658.09781
658.09775
658.09767
658.09758
658.09747
658.09737
658.09732
658.09736
658.09751
658.09774
658.09795
658.0981
658.09821
658.09827
658.09829
658.09828
658.09824
658.09816
658.09804
658.09788
658.0977
658.09774
658.09981
658.11889
658.25693
659.08647
663.07644
677.53749
692.51112
658.09802
658.09803
658.09803
658.09803
658.09802
658.09802
658.09801
658.09799
658.09797
658.09794
658.09791
658.09786
658.0978
658.09772
658.09763
658.09752
658.09743
658.09737
658.09741
658.09757
658.09779
658.098
658.09815
658.09826
658.09832
658.09834
658.09833
658.09828
658.0982
658.09809
658.09793
658.09775
658.09779
658.09986
658.11898
658.25725
659.08821
663.08412
677.56072
692.56718
658.09807
658.09807
658.09808
658.09808
658.09807
658.09806
658.09805
658.09804
658.09802
658.09799
658.09796
658.09791
658.09785
658.09777
658.09768
658.09757
658.09748
658.09743
658.09746
658.09762
658.09784
658.09805
658.0982
658.0983
658.09836
658.09838
658.09838
658.09833
658.09825
658.09813
658.09798
658.09779
658.09784
658.09992
658.11907
658.25762
659.09016
663.09276
677.58672
692.6381
658.09812
658.09812
658.09813
658.09813
658.09812
658.09812
658.0981
658.09809
658.09807
658.09804
658.09801
658.09796
658.0979
658.09782
658.09773
658.09762
658.09753
658.09748
658.09752
658.09767
658.09789
658.0981
658.09824
658.09835
658.09841
658.09843
658.09842
658.09838
658.0983
658.09818
658.09802
658.09784
658.09789
658.09997
658.11917
658.25802
659.09234
663.10251
677.61594
692.72988
658.09819
658.0982
658.0982
658.0982
658.09819
658.09819
658.09818
658.09816
658.09814
658.09811
658.09808
658.09803
658.09797
658.09789
658.0978
658.09769
658.0976
658.09755
658.09759
658.09774
658.09796
658.09816
658.09831
658.09841
658.09847
658.09849
658.09848
658.09844
658.09836
658.09824
658.09809
658.09791
658.09795
658.10004
658.11928
658.25847
659.09481
663.11357
677.64895
692.85131
658.09835
658.09836
658.09836
658.09836
658.09835
658.09835
658.09833
658.09832
658.0983
658.09827
658.09823
658.09818
658.09812
658.09804
658.09795
658.09785
658.09775
658.0977
658.09774
658.09789
658.09811
658.0983
658.09844
658.09855
658.0986
658.09862
658.09861
658.09856
658.09848
658.09837
658.09822
658.09804
658.09809
658.10018
658.11947
658.25902
659.09764
663.1262
677.68645
693.01528
658.09881
658.09881
658.09881
658.09881
658.0988
658.09879
658.09878
658.09876
658.09874
658.09871
658.09867
658.09862
658.09855
658.09847
658.09837
658.09826
658.09817
658.09811
658.09814
658.09829
658.0985
658.09869
658.09882
658.09892
658.09897
658.09898
658.09896
658.09891
658.09883
658.09872
658.09856
658.09839
658.09844
658.10055
658.1199
658.25984
659.10099
663.14078
677.72952
693.24064
658.10023
658.10023
658.10023
658.10023
658.10022
658.1002
658.10019
658.10016
658.10013
658.10009
658.10004
658.09998
658.09991
658.09981
658.0997
658.09958
658.09946
658.09939
658.09941
658.09953
658.09973
658.0999
658.10001
658.10008
658.10011
658.10011
658.10008
658.10002
658.09993
658.09981
658.09966
658.09949
658.09955
658.10169
658.12113
658.26158
659.10548
663.15809
677.7801
693.555
658.10475
658.10476
658.10475
658.10474
658.10472
658.1047
658.10466
658.10462
658.10457
658.10451
658.10443
658.10434
658.10423
658.1041
658.10395
658.10378
658.10362
658.1035
658.10346
658.10354
658.10367
658.10378
658.10383
658.10385
658.10383
658.10378
658.10371
658.10361
658.10349
658.10336
658.10321
658.10305
658.10314
658.10534
658.12495
658.26608
659.1132
663.18031
677.84261
693.99859
658.11881
658.11883
658.11882
658.11879
658.11874
658.11868
658.11861
658.11851
658.1184
658.11827
658.11812
658.11794
658.11774
658.11751
658.11724
658.11695
658.11666
658.1164
658.11621
658.11613
658.1161
658.11604
658.11593
658.11579
658.11562
658.11543
658.11524
658.11504
658.11485
658.11467
658.11452
658.11439
658.11456
658.11692
658.13685
658.27903
659.13046
663.21411
677.92843
694.62951
658.16104
658.1611
658.16107
658.16098
658.16086
658.16071
658.16052
658.16029
658.16002
658.15971
658.15935
658.15895
658.15849
658.15797
658.1574
658.15678
658.15613
658.15548
658.15489
658.15438
658.15392
658.15342
658.15286
658.15229
658.15171
658.15114
658.15062
658.15015
658.14975
658.14946
658.14928
658.14924
658.14962
658.15242
658.1731
658.31716
659.17448
663.27998
678.06736
695.53015
658.28245
658.28262
658.28254
658.28231
658.282
658.28161
658.28113
658.28055
658.27989
658.27912
658.27825
658.27726
658.27615
658.27493
658.27357
658.27211
658.27054
658.26892
658.26729
658.2657
658.26412
658.26249
658.2608
658.25912
658.25749
658.25595
658.25458
658.25341
658.25249
658.25188
658.25165
658.25182
658.25277
658.2567
658.27923
658.42721
659.2934
663.4288
678.33309
696.81351
658.6139
658.61438
658.61422
658.61365
658.61289
658.61193
658.61076
658.60938
658.60777
658.60593
658.60383
658.60147
658.59884
658.59593
658.59273
658.58925
658.58551
658.58157
658.57749
658.57333
658.56909
658.56476
658.56037
658.55604
658.55189
658.54804
658.54463
658.54176
658.53959
658.53823
658.53787
658.53855
658.5409
658.54762
658.57455
658.73131
659.61252
663.79021
678.88704
698.6245
659.46396
659.46521
659.4649
659.46357
659.46185
659.45965
659.45701
659.45387
659.45022
659.44604
659.44129
659.43595
659.43001
659.42343
659.41622
659.40837
659.39992
659.39093
659.3815
659.37174
659.3617
659.35145
659.34115
659.33105
659.32137
659.31243
659.30454
659.29796
659.29304
659.29
659.28939
659.29122
659.29677
659.30985
659.34662
659.52278
660.43122
664.67048
680.06869
701.12427
661.47971
661.48265
661.48212
661.4793
661.4757
661.47111
661.46559
661.45904
661.45143
661.4427
661.43281
661.42169
661.40931
661.39562
661.3806
661.36426
661.34664
661.32784
661.308
661.2873
661.26595
661.24418
661.22235
661.20093
661.18045
661.16155
661.14487
661.131
661.12071
661.11443
661.11341
661.11761
661.12973
661.15595
661.21273
661.42877
662.38607
666.71277
682.53513
704.42552
665.79363
665.79978
665.79903
665.79369
665.78693
665.77832
665.76797
665.75571
665.74148
665.72515
665.70666
665.68588
665.66275
665.63719
665.60915
665.57865
665.54573
665.51055
665.47334
665.43442
665.39419
665.35317
665.31207
665.27174
665.23316
665.19759
665.16621
665.14014
665.1209
665.1093
665.10788
665.11648
665.14046
665.19058
665.28288
665.57142
666.60788
671.04111
687.32242
708.40651
673.6372
673.64785
673.64712
673.63876
673.62826
673.61488
673.59884
673.57987
673.55785
673.53263
673.50407
673.47203
673.43638
673.39703
673.3539
673.307
673.25641
673.20234
673.14511
673.08519
673.02323
672.96006
672.8968
672.83472
672.77532
672.72057
672.67232
672.63231
672.60302
672.58576
672.58488
672.6
672.64046
672.72364
672.86327
673.25077
674.37447
678.83968
695.03935
712.15205
683.97054
683.98485
683.9846
683.9745
683.96188
683.9458
683.92658
683.90389
683.87762
683.84759
683.81366
683.77569
683.73355
683.68714
683.63641
683.58138
683.52216
683.45901
683.39229
683.32254
683.25052
683.17725
683.10399
683.0322
682.96361
682.90052
682.84512
682.79947
682.76665
682.74834
682.7503
682.7722
682.82704
682.93753
683.11432
683.57743
684.72256
688.96053
703.70652
713.14033
689.52639
689.54055
689.54117
689.53248
689.52165
689.50783
689.49143
689.47216
689.44997
689.42475
689.39644
689.36496
689.33027
689.29235
689.25122
689.20695
689.1597
689.10972
689.05736
689.00307
688.94742
688.89116
688.83523
688.78081
688.72917
688.68197
688.64093
688.60779
688.58515
688.57461
688.58181
688.60694
688.66442
688.77472
688.95026
689.39339
690.40877
693.97655
705.47594
706.40099
674.50034
674.51006
674.51139
674.50652
674.5005
674.49279
674.48378
674.47336
674.46154
674.44835
674.43384
674.41807
674.40111
674.38307
674.36405
674.34422
674.32375
674.3029
674.28194
674.26117
674.2407
674.22057
674.20116
674.18312
674.16672
674.15204
674.1399
674.13118
674.12692
674.12816
674.13914
674.16012
674.20475
674.28125
674.41334
674.7251
675.47155
678.02187
685.35537
680.11801
610.1548
610.15768
610.15885
610.15805
610.15712
610.15591
610.15464
610.15332
610.15203
610.15086
610.1499
610.14927
610.14909
610.14948
610.15059
610.15254
610.15548
610.15959
610.16508
610.17205
610.1802
610.18896
610.19835
610.20871
610.21945
610.22943
610.23877
610.24759
610.25531
610.26232
610.27035
610.27916
610.29798
610.31982
610.37601
610.47736
610.79831
611.84428
614.29831
608.38574
)
;

boundaryField
{
    piston
    {
        type            fixedValue;
        value           uniform 485.2;
    }
    cylinderHead
    {
        type            fixedValue;
        value           uniform 525.2;
    }
    cylinderWall
    {
        type            fixedValue;
        value           uniform 430.1;
    }
    wedgeFront
    {
        type            wedge;
    }
    wedgeBack
    {
        type            wedge;
    }
    axis
    {
        type            empty;
    }
}


// ************************************************************************* //
