/*--------------------------------*- C++ -*----------------------------------*\
  =========                 |
  \\      /  F ield         | OpenFOAM: The Open Source CFD Toolbox
   \\    /   O peration     | Website:  https://openfoam.org
    \\  /    A nd           | Version:  13
     \\/     M anipulation  |
\*---------------------------------------------------------------------------*/
FoamFile
{
    format      ascii;
    class       volScalarField;
    location    "30";
    object      p;
}
// * * * * * * * * * * * * * * * * * * * * * * * * * * * * * * * * * * * * * //

dimensions      [1 -1 -2 0 0 0 0];

internalField   nonuniform List<scalar> 
4800
(
6294972
6294972
6294972
6294972
6294972
6294972
6294972.1
6294972.1
6294972.1
6294972.1
6294972.1
6294972.2
6294972.2
6294972.2
6294972.3
6294972.3
6294972.3
6294972.4
6294972.4
6294972.5
6294972.5
6294972.5
6294972.5
6294972.5
6294972.3
6294972
6294971.7
6294971.6
6294971.3
6294971
6294971
6294971
6294971
6294971
6294970.9
6294970.9
6294970.9
6294971
6294971.1
6294971.1
6294972.5
6294972.5
6294972.5
6294972.5
6294972.5
6294972.5
6294972.6
6294972.6
6294972.6
6294972.6
6294972.6
6294972.7
6294972.7
6294972.7
6294972.8
6294972.8
6294972.8
6294972.9
6294972.9
6294973
6294973
6294973.1
6294973
6294973
6294972.8
6294972.5
6294972.3
6294972.3
6294972
6294971.6
6294971.5
6294971.5
6294971.5
6294971.5
6294971.4
6294971.4
6294971.4
6294971.4
6294971.4
6294971.4
6294972.9
6294972.9
6294972.9
6294972.9
6294972.9
6294972.9
6294972.9
6294972.9
6294972.9
6294973
6294973
6294973
6294973
6294973.1
6294973.1
6294973.2
6294973.2
6294973.2
6294973.3
6294973.3
6294973.4
6294973.4
6294973.4
6294973.3
6294973.1
6294972.9
6294972.7
6294972.7
6294972.4
6294972
6294971.8
6294971.8
6294971.8
6294971.8
6294971.8
6294971.7
6294971.7
6294971.7
6294971.7
6294971.7
6294973.2
6294973.2
6294973.2
6294973.2
6294973.2
6294973.2
6294973.2
6294973.2
6294973.3
6294973.3
6294973.3
6294973.3
6294973.4
6294973.4
6294973.4
6294973.5
6294973.5
6294973.6
6294973.6
6294973.7
6294973.7
6294973.7
6294973.7
6294973.6
6294973.5
6294973.2
6294973
6294973.1
6294972.7
6294972.3
6294972.1
6294972.1
6294972.1
6294972.1
6294972.1
6294972
6294972
6294972
6294972
6294972
6294973.5
6294973.5
6294973.5
6294973.5
6294973.5
6294973.5
6294973.5
6294973.5
6294973.5
6294973.6
6294973.6
6294973.6
6294973.6
6294973.7
6294973.7
6294973.8
6294973.8
6294973.8
6294973.9
6294974
6294974
6294974
6294974
6294973.9
6294973.8
6294973.5
6294973.4
6294973.3
6294973
6294972.6
6294972.4
6294972.4
6294972.4
6294972.4
6294972.3
6294972.3
6294972.3
6294972.3
6294972.3
6294972.2
6294973.7
6294973.7
6294973.7
6294973.8
6294973.8
6294973.8
6294973.8
6294973.8
6294973.8
6294973.8
6294973.9
6294973.9
6294973.9
6294973.9
6294974
6294974
6294974.1
6294974.1
6294974.2
6294974.2
6294974.3
6294974.3
6294974.3
6294974.2
6294974
6294973.8
6294973.7
6294973.5
6294973.2
6294972.8
6294972.6
6294972.6
6294972.7
6294972.6
6294972.6
6294972.6
6294972.5
6294972.5
6294972.5
6294972.5
6294974
6294974
6294974
6294974
6294974
6294974
6294974
6294974.1
6294974.1
6294974.1
6294974.1
6294974.1
6294974.2
6294974.2
6294974.2
6294974.3
6294974.3
6294974.4
6294974.4
6294974.5
6294974.5
6294974.6
6294974.5
6294974.5
6294974.3
6294974.1
6294973.9
6294973.7
6294973.3
6294973
6294972.9
6294972.9
6294972.9
6294972.9
6294972.9
6294972.8
6294972.8
6294972.8
6294972.8
6294972.8
6294974.3
6294974.3
6294974.3
6294974.3
6294974.3
6294974.3
6294974.3
6294974.3
6294974.3
6294974.4
6294974.4
6294974.4
6294974.4
6294974.5
6294974.5
6294974.5
6294974.6
6294974.6
6294974.7
6294974.7
6294974.8
6294974.8
6294974.8
6294974.7
6294974.6
6294974.4
6294974.2
6294973.9
6294973.5
6294973.2
6294973.1
6294973.1
6294973.2
6294973.2
6294973.1
6294973.1
6294973
6294973
6294973
6294973
6294974.5
6294974.5
6294974.5
6294974.5
6294974.5
6294974.5
6294974.6
6294974.6
6294974.6
6294974.6
6294974.6
6294974.7
6294974.7
6294974.7
6294974.7
6294974.8
6294974.8
6294974.9
6294974.9
6294975
6294975
6294975.1
6294975.1
6294975
6294974.8
6294974.6
6294974.4
6294974.1
6294973.7
6294973.4
6294973.3
6294973.4
6294973.4
6294973.4
6294973.4
6294973.3
6294973.3
6294973.3
6294973.3
6294973.3
6294974.8
6294974.8
6294974.8
6294974.8
6294974.8
6294974.8
6294974.8
6294974.8
6294974.8
6294974.9
6294974.9
6294974.9
6294974.9
6294975
6294975
6294975
6294975.1
6294975.1
6294975.2
6294975.2
6294975.3
6294975.3
6294975.3
6294975.2
6294975.1
6294974.9
6294974.6
6294974.3
6294973.9
6294973.6
6294973.6
6294973.6
6294973.7
6294973.7
6294973.6
6294973.6
6294973.5
6294973.5
6294973.5
6294973.5
6294975
6294975
6294975
6294975
6294975
6294975
6294975
6294975.1
6294975.1
6294975.1
6294975.1
6294975.1
6294975.2
6294975.2
6294975.2
6294975.3
6294975.3
6294975.4
6294975.4
6294975.5
6294975.5
6294975.5
6294975.5
6294975.5
6294975.3
6294975.1
6294974.8
6294974.5
6294974.1
6294973.8
6294973.8
6294973.9
6294973.9
6294973.9
6294973.9
6294973.8
6294973.8
6294973.8
6294973.8
6294973.8
6294975.3
6294975.3
6294975.3
6294975.3
6294975.3
6294975.3
6294975.3
6294975.3
6294975.3
6294975.3
6294975.4
6294975.4
6294975.4
6294975.4
6294975.5
6294975.5
6294975.6
6294975.6
6294975.6
6294975.7
6294975.7
6294975.8
6294975.8
6294975.7
6294975.6
6294975.3
6294975
6294974.6
6294974.3
6294974
6294974
6294974.1
6294974.2
6294974.2
6294974.1
6294974.1
6294974
6294974
6294974.1
6294974.1
6294975.5
6294975.5
6294975.5
6294975.5
6294975.5
6294975.5
6294975.5
6294975.5
6294975.6
6294975.6
6294975.6
6294975.6
6294975.6
6294975.7
6294975.7
6294975.7
6294975.8
6294975.8
6294975.9
6294975.9
6294976
6294976
6294976
6294975.9
6294975.8
6294975.5
6294975.2
6294974.8
6294974.4
6294974.2
6294974.2
6294974.4
6294974.4
6294974.4
6294974.4
6294974.3
6294974.3
6294974.3
6294974.3
6294974.3
6294975.7
6294975.7
6294975.7
6294975.7
6294975.7
6294975.8
6294975.8
6294975.8
6294975.8
6294975.8
6294975.8
6294975.9
6294975.9
6294975.9
6294975.9
6294976
6294976
6294976.1
6294976.1
6294976.1
6294976.2
6294976.2
6294976.2
6294976.1
6294976
6294975.7
6294975.4
6294975
6294974.6
6294974.4
6294974.5
6294974.6
6294974.6
6294974.7
6294974.6
6294974.6
6294974.6
6294974.6
6294974.6
6294974.6
6294976
6294976
6294976
6294976
6294976
6294976
6294976
6294976
6294976
6294976.1
6294976.1
6294976.1
6294976.1
6294976.1
6294976.2
6294976.2
6294976.2
6294976.3
6294976.3
6294976.4
6294976.4
6294976.4
6294976.4
6294976.4
6294976.2
6294975.9
6294975.6
6294975.2
6294974.8
6294974.6
6294974.7
6294974.8
6294974.9
6294974.9
6294974.9
6294974.8
6294974.8
6294974.8
6294974.8
6294974.8
6294976.2
6294976.2
6294976.2
6294976.2
6294976.2
6294976.2
6294976.2
6294976.3
6294976.3
6294976.3
6294976.3
6294976.3
6294976.3
6294976.4
6294976.4
6294976.4
6294976.5
6294976.5
6294976.5
6294976.6
6294976.6
6294976.6
6294976.6
6294976.6
6294976.4
6294976.1
6294975.8
6294975.4
6294975
6294974.8
6294974.9
6294975.1
6294975.1
6294975.1
6294975.1
6294975.1
6294975.1
6294975.1
6294975.1
6294975.1
6294976.4
6294976.4
6294976.4
6294976.4
6294976.5
6294976.5
6294976.5
6294976.5
6294976.5
6294976.5
6294976.5
6294976.6
6294976.6
6294976.6
6294976.6
6294976.7
6294976.7
6294976.7
6294976.8
6294976.8
6294976.8
6294976.8
6294976.8
6294976.8
6294976.6
6294976.3
6294975.9
6294975.5
6294975.2
6294975.1
6294975.2
6294975.3
6294975.4
6294975.4
6294975.4
6294975.3
6294975.3
6294975.3
6294975.3
6294975.4
6294976.7
6294976.7
6294976.7
6294976.7
6294976.7
6294976.7
6294976.7
6294976.7
6294976.7
6294976.7
6294976.8
6294976.8
6294976.8
6294976.8
6294976.9
6294976.9
6294976.9
6294976.9
6294977
6294977
6294977
6294977.1
6294977
6294976.9
6294976.8
6294976.5
6294976.1
6294975.7
6294975.4
6294975.3
6294975.4
6294975.5
6294975.6
6294975.6
6294975.6
6294975.6
6294975.6
6294975.6
6294975.6
6294975.6
6294976.9
6294976.9
6294976.9
6294976.9
6294976.9
6294976.9
6294976.9
6294976.9
6294976.9
6294977
6294977
6294977
6294977
6294977
6294977.1
6294977.1
6294977.1
6294977.2
6294977.2
6294977.2
6294977.2
6294977.2
6294977.2
6294977.1
6294977
6294976.7
6294976.3
6294975.9
6294975.6
6294975.5
6294975.6
6294975.8
6294975.8
6294975.9
6294975.9
6294975.8
6294975.8
6294975.9
6294975.9
6294975.9
6294977.1
6294977.1
6294977.1
6294977.1
6294977.1
6294977.1
6294977.1
6294977.2
6294977.2
6294977.2
6294977.2
6294977.2
6294977.2
6294977.3
6294977.3
6294977.3
6294977.3
6294977.4
6294977.4
6294977.4
6294977.4
6294977.4
6294977.4
6294977.3
6294977.1
6294976.9
6294976.5
6294976.1
6294975.8
6294975.7
6294975.8
6294976
6294976.1
6294976.1
6294976.1
6294976.1
6294976.1
6294976.1
6294976.1
6294976.1
6294977.3
6294977.3
6294977.3
6294977.3
6294977.4
6294977.4
6294977.4
6294977.4
6294977.4
6294977.4
6294977.4
6294977.4
6294977.5
6294977.5
6294977.5
6294977.5
6294977.6
6294977.6
6294977.6
6294977.6
6294977.6
6294977.6
6294977.6
6294977.5
6294977.3
6294977
6294976.7
6294976.3
6294976
6294975.9
6294976.1
6294976.3
6294976.3
6294976.4
6294976.3
6294976.3
6294976.3
6294976.4
6294976.4
6294976.4
6294977.6
6294977.6
6294977.6
6294977.6
6294977.6
6294977.6
6294977.6
6294977.6
6294977.6
6294977.6
6294977.6
6294977.7
6294977.7
6294977.7
6294977.7
6294977.7
6294977.8
6294977.8
6294977.8
6294977.8
6294977.8
6294977.8
6294977.8
6294977.7
6294977.5
6294977.2
6294976.8
6294976.5
6294976.2
6294976.1
6294976.3
6294976.5
6294976.6
6294976.6
6294976.6
6294976.6
6294976.6
6294976.6
6294976.6
6294976.6
6294977.8
6294977.8
6294977.8
6294977.8
6294977.8
6294977.8
6294977.8
6294977.8
6294977.8
6294977.8
6294977.9
6294977.9
6294977.9
6294977.9
6294977.9
6294977.9
6294978
6294978
6294978
6294978
6294978
6294978
6294978
6294977.9
6294977.7
6294977.4
6294977
6294976.7
6294976.4
6294976.4
6294976.5
6294976.7
6294976.8
6294976.8
6294976.8
6294976.8
6294976.8
6294976.9
6294976.9
6294976.9
6294978
6294978
6294978
6294978
6294978
6294978
6294978
6294978
6294978
6294978
6294978.1
6294978.1
6294978.1
6294978.1
6294978.1
6294978.2
6294978.2
6294978.2
6294978.2
6294978.2
6294978.2
6294978.2
6294978.1
6294978
6294977.8
6294977.6
6294977.2
6294976.9
6294976.6
6294976.6
6294976.8
6294977
6294977
6294977.1
6294977.1
6294977.1
6294977.1
6294977.1
6294977.1
6294977.1
6294978.2
6294978.2
6294978.2
6294978.2
6294978.2
6294978.2
6294978.2
6294978.2
6294978.2
6294978.3
6294978.3
6294978.3
6294978.3
6294978.3
6294978.3
6294978.4
6294978.4
6294978.4
6294978.4
6294978.4
6294978.4
6294978.4
6294978.3
6294978.2
6294978
6294977.7
6294977.4
6294977.1
6294976.8
6294976.8
6294977
6294977.2
6294977.3
6294977.3
6294977.3
6294977.3
6294977.3
6294977.3
6294977.4
6294977.4
6294978.4
6294978.4
6294978.4
6294978.4
6294978.4
6294978.4
6294978.4
6294978.4
6294978.5
6294978.5
6294978.5
6294978.5
6294978.5
6294978.5
6294978.5
6294978.6
6294978.6
6294978.6
6294978.6
6294978.6
6294978.6
6294978.5
6294978.5
6294978.4
6294978.2
6294977.9
6294977.6
6294977.3
6294977.1
6294977.1
6294977.3
6294977.4
6294977.5
6294977.5
6294977.5
6294977.5
6294977.6
6294977.6
6294977.6
6294977.6
6294978.6
6294978.6
6294978.6
6294978.6
6294978.6
6294978.6
6294978.6
6294978.6
6294978.7
6294978.7
6294978.7
6294978.7
6294978.7
6294978.7
6294978.7
6294978.8
6294978.8
6294978.8
6294978.8
6294978.8
6294978.8
6294978.7
6294978.7
6294978.5
6294978.3
6294978.1
6294977.8
6294977.5
6294977.3
6294977.3
6294977.5
6294977.7
6294977.7
6294977.8
6294977.8
6294977.8
6294977.8
6294977.8
6294977.8
6294977.9
6294978.8
6294978.8
6294978.8
6294978.8
6294978.8
6294978.8
6294978.8
6294978.9
6294978.9
6294978.9
6294978.9
6294978.9
6294978.9
6294978.9
6294978.9
6294978.9
6294979
6294979
6294979
6294979
6294978.9
6294978.9
6294978.8
6294978.7
6294978.5
6294978.3
6294978
6294977.7
6294977.5
6294977.5
6294977.7
6294977.9
6294978
6294978
6294978
6294978
6294978
6294978.1
6294978.1
6294978.1
6294979
6294979
6294979
6294979
6294979
6294979
6294979
6294979.1
6294979.1
6294979.1
6294979.1
6294979.1
6294979.1
6294979.1
6294979.1
6294979.1
6294979.1
6294979.2
6294979.2
6294979.1
6294979.1
6294979.1
6294979
6294978.9
6294978.7
6294978.4
6294978.2
6294977.9
6294977.7
6294977.8
6294978
6294978.1
6294978.2
6294978.2
6294978.2
6294978.2
6294978.3
6294978.3
6294978.3
6294978.3
6294979.2
6294979.2
6294979.2
6294979.2
6294979.2
6294979.2
6294979.2
6294979.2
6294979.3
6294979.3
6294979.3
6294979.3
6294979.3
6294979.3
6294979.3
6294979.3
6294979.3
6294979.3
6294979.3
6294979.3
6294979.3
6294979.2
6294979.2
6294979
6294978.9
6294978.6
6294978.4
6294978.1
6294978
6294978
6294978.2
6294978.4
6294978.4
6294978.5
6294978.5
6294978.5
6294978.5
6294978.5
6294978.5
6294978.6
6294979.4
6294979.4
6294979.4
6294979.4
6294979.4
6294979.4
6294979.4
6294979.4
6294979.5
6294979.5
6294979.5
6294979.5
6294979.5
6294979.5
6294979.5
6294979.5
6294979.5
6294979.5
6294979.5
6294979.5
6294979.5
6294979.4
6294979.3
6294979.2
6294979
6294978.8
6294978.5
6294978.3
6294978.2
6294978.3
6294978.5
6294978.6
6294978.7
6294978.7
6294978.7
6294978.7
6294978.7
6294978.7
6294978.8
6294978.8
6294979.6
6294979.6
6294979.6
6294979.6
6294979.6
6294979.6
6294979.6
6294979.6
6294979.6
6294979.7
6294979.7
6294979.7
6294979.7
6294979.7
6294979.7
6294979.7
6294979.7
6294979.7
6294979.7
6294979.7
6294979.6
6294979.6
6294979.5
6294979.4
6294979.2
6294979
6294978.7
6294978.5
6294978.4
6294978.5
6294978.7
6294978.8
6294978.9
6294978.9
6294978.9
6294978.9
6294978.9
6294979
6294979
6294979
6294979.8
6294979.8
6294979.8
6294979.8
6294979.8
6294979.8
6294979.8
6294979.8
6294979.8
6294979.8
6294979.8
6294979.9
6294979.9
6294979.9
6294979.9
6294979.9
6294979.9
6294979.9
6294979.9
6294979.8
6294979.8
6294979.7
6294979.7
6294979.5
6294979.4
6294979.2
6294978.9
6294978.8
6294978.7
6294978.8
6294978.9
6294979
6294979.1
6294979.1
6294979.1
6294979.1
6294979.2
6294979.2
6294979.2
6294979.2
6294980
6294980
6294980
6294980
6294980
6294980
6294980
6294980
6294980
6294980
6294980
6294980
6294980.1
6294980.1
6294980.1
6294980.1
6294980.1
6294980.1
6294980
6294980
6294980
6294979.9
6294979.8
6294979.7
6294979.5
6294979.3
6294979.1
6294979
6294978.9
6294979
6294979.2
6294979.3
6294979.3
6294979.3
6294979.3
6294979.4
6294979.4
6294979.4
6294979.4
6294979.5
6294980.2
6294980.2
6294980.2
6294980.2
6294980.2
6294980.2
6294980.2
6294980.2
6294980.2
6294980.2
6294980.2
6294980.2
6294980.2
6294980.2
6294980.2
6294980.2
6294980.2
6294980.2
6294980.2
6294980.2
6294980.1
6294980.1
6294980
6294979.9
6294979.7
6294979.5
6294979.3
6294979.2
6294979.1
6294979.2
6294979.4
6294979.5
6294979.5
6294979.6
6294979.6
6294979.6
6294979.6
6294979.6
6294979.6
6294979.7
6294980.4
6294980.4
6294980.4
6294980.4
6294980.4
6294980.4
6294980.4
6294980.4
6294980.4
6294980.4
6294980.4
6294980.4
6294980.4
6294980.4
6294980.4
6294980.4
6294980.4
6294980.4
6294980.4
6294980.3
6294980.3
6294980.2
6294980.1
6294980
6294979.9
6294979.7
6294979.5
6294979.4
6294979.4
6294979.5
6294979.6
6294979.7
6294979.7
6294979.8
6294979.8
6294979.8
6294979.8
6294979.8
6294979.9
6294979.9
6294980.5
6294980.5
6294980.5
6294980.5
6294980.6
6294980.6
6294980.6
6294980.6
6294980.6
6294980.6
6294980.6
6294980.6
6294980.6
6294980.6
6294980.6
6294980.6
6294980.6
6294980.6
6294980.5
6294980.5
6294980.5
6294980.4
6294980.3
6294980.2
6294980.1
6294979.9
6294979.7
6294979.6
6294979.6
6294979.7
6294979.8
6294979.9
6294979.9
6294980
6294980
6294980
6294980
6294980
6294980.1
6294980.1
6294980.7
6294980.7
6294980.7
6294980.7
6294980.7
6294980.7
6294980.7
6294980.7
6294980.7
6294980.8
6294980.8
6294980.8
6294980.8
6294980.8
6294980.8
6294980.8
6294980.8
6294980.7
6294980.7
6294980.7
6294980.6
6294980.6
6294980.5
6294980.4
6294980.2
6294980.1
6294979.9
6294979.8
6294979.8
6294979.9
6294980
6294980.1
6294980.2
6294980.2
6294980.2
6294980.2
6294980.2
6294980.3
6294980.3
6294980.3
6294980.9
6294980.9
6294980.9
6294980.9
6294980.9
6294980.9
6294980.9
6294980.9
6294980.9
6294980.9
6294980.9
6294980.9
6294980.9
6294980.9
6294980.9
6294980.9
6294980.9
6294980.9
6294980.9
6294980.8
6294980.8
6294980.7
6294980.6
6294980.5
6294980.4
6294980.3
6294980.1
6294980.1
6294980.1
6294980.1
6294980.2
6294980.3
6294980.4
6294980.4
6294980.4
6294980.4
6294980.4
6294980.5
6294980.5
6294980.5
6294981.1
6294981.1
6294981.1
6294981.1
6294981.1
6294981.1
6294981.1
6294981.1
6294981.1
6294981.1
6294981.1
6294981.1
6294981.1
6294981.1
6294981.1
6294981.1
6294981.1
6294981.1
6294981
6294981
6294980.9
6294980.9
6294980.8
6294980.7
6294980.6
6294980.4
6294980.3
6294980.3
6294980.3
6294980.3
6294980.4
6294980.5
6294980.6
6294980.6
6294980.6
6294980.6
6294980.6
6294980.7
6294980.7
6294980.7
6294981.3
6294981.3
6294981.3
6294981.3
6294981.3
6294981.3
6294981.3
6294981.3
6294981.3
6294981.3
6294981.3
6294981.3
6294981.3
6294981.3
6294981.3
6294981.3
6294981.2
6294981.2
6294981.2
6294981.2
6294981.1
6294981
6294981
6294980.9
6294980.7
6294980.6
6294980.5
6294980.5
6294980.5
6294980.6
6294980.7
6294980.7
6294980.8
6294980.8
6294980.8
6294980.8
6294980.8
6294980.9
6294980.9
6294980.9
6294981.4
6294981.4
6294981.4
6294981.4
6294981.4
6294981.4
6294981.4
6294981.4
6294981.4
6294981.4
6294981.4
6294981.4
6294981.4
6294981.4
6294981.4
6294981.4
6294981.4
6294981.4
6294981.4
6294981.3
6294981.3
6294981.2
6294981.1
6294981
6294980.9
6294980.8
6294980.7
6294980.7
6294980.7
6294980.8
6294980.9
6294980.9
6294981
6294981
6294981
6294981
6294981
6294981.1
6294981.1
6294981.1
6294981.6
6294981.6
6294981.6
6294981.6
6294981.6
6294981.6
6294981.6
6294981.6
6294981.6
6294981.6
6294981.6
6294981.6
6294981.6
6294981.6
6294981.6
6294981.6
6294981.6
6294981.5
6294981.5
6294981.5
6294981.4
6294981.4
6294981.3
6294981.2
6294981.1
6294981
6294980.9
6294980.9
6294980.9
6294981
6294981
6294981.1
6294981.1
6294981.2
6294981.2
6294981.2
6294981.2
6294981.2
6294981.3
6294981.3
6294981.8
6294981.8
6294981.8
6294981.8
6294981.8
6294981.8
6294981.8
6294981.8
6294981.8
6294981.8
6294981.8
6294981.8
6294981.8
6294981.8
6294981.7
6294981.7
6294981.7
6294981.7
6294981.7
6294981.6
6294981.6
6294981.5
6294981.4
6294981.3
6294981.2
6294981.2
6294981.1
6294981.1
6294981.1
6294981.2
6294981.2
6294981.3
6294981.3
6294981.4
6294981.4
6294981.4
6294981.4
6294981.4
6294981.5
6294981.5
6294981.9
6294981.9
6294981.9
6294981.9
6294981.9
6294981.9
6294981.9
6294981.9
6294981.9
6294981.9
6294981.9
6294981.9
6294981.9
6294981.9
6294981.9
6294981.9
6294981.9
6294981.9
6294981.8
6294981.8
6294981.7
6294981.7
6294981.6
6294981.5
6294981.4
6294981.3
6294981.3
6294981.3
6294981.3
6294981.4
6294981.4
6294981.5
6294981.5
6294981.5
6294981.6
6294981.6
6294981.6
6294981.6
6294981.6
6294981.7
6294982.1
6294982.1
6294982.1
6294982.1
6294982.1
6294982.1
6294982.1
6294982.1
6294982.1
6294982.1
6294982.1
6294982.1
6294982.1
6294982.1
6294982.1
6294982
6294982
6294982
6294982
6294981.9
6294981.9
6294981.8
6294981.7
6294981.7
6294981.6
6294981.5
6294981.5
6294981.4
6294981.5
6294981.5
6294981.6
6294981.7
6294981.7
6294981.7
6294981.7
6294981.8
6294981.8
6294981.8
6294981.8
6294981.9
6294982.2
6294982.2
6294982.2
6294982.2
6294982.2
6294982.2
6294982.2
6294982.2
6294982.2
6294982.2
6294982.2
6294982.2
6294982.2
6294982.2
6294982.2
6294982.2
6294982.2
6294982.2
6294982.1
6294982.1
6294982
6294982
6294981.9
6294981.8
6294981.7
6294981.7
6294981.6
6294981.6
6294981.7
6294981.7
6294981.8
6294981.8
6294981.9
6294981.9
6294981.9
6294981.9
6294982
6294982
6294982
6294982.1
6294982.4
6294982.4
6294982.4
6294982.4
6294982.4
6294982.4
6294982.4
6294982.4
6294982.4
6294982.4
6294982.4
6294982.4
6294982.4
6294982.4
6294982.4
6294982.3
6294982.3
6294982.3
6294982.3
6294982.2
6294982.2
6294982.1
6294982
6294982
6294981.9
6294981.8
6294981.8
6294981.8
6294981.8
6294981.9
6294982
6294982
6294982.1
6294982.1
6294982.1
6294982.1
6294982.1
6294982.2
6294982.2
6294982.2
6294982.6
6294982.6
6294982.6
6294982.6
6294982.6
6294982.6
6294982.6
6294982.5
6294982.5
6294982.5
6294982.5
6294982.5
6294982.5
6294982.5
6294982.5
6294982.5
6294982.5
6294982.4
6294982.4
6294982.4
6294982.3
6294982.3
6294982.2
6294982.1
6294982.1
6294982
6294982
6294982
6294982
6294982.1
6294982.1
6294982.2
6294982.2
6294982.3
6294982.3
6294982.3
6294982.3
6294982.4
6294982.4
6294982.4
6294982.7
6294982.7
6294982.7
6294982.7
6294982.7
6294982.7
6294982.7
6294982.7
6294982.7
6294982.7
6294982.7
6294982.7
6294982.7
6294982.7
6294982.7
6294982.6
6294982.6
6294982.6
6294982.6
6294982.5
6294982.5
6294982.4
6294982.3
6294982.3
6294982.2
6294982.2
6294982.1
6294982.2
6294982.2
6294982.3
6294982.3
6294982.4
6294982.4
6294982.4
6294982.4
6294982.5
6294982.5
6294982.5
6294982.5
6294982.6
6294982.9
6294982.9
6294982.9
6294982.9
6294982.9
6294982.9
6294982.8
6294982.8
6294982.8
6294982.8
6294982.8
6294982.8
6294982.8
6294982.8
6294982.8
6294982.8
6294982.8
6294982.7
6294982.7
6294982.7
6294982.6
6294982.5
6294982.5
6294982.4
6294982.4
6294982.3
6294982.3
6294982.3
6294982.4
6294982.4
6294982.5
6294982.5
6294982.6
6294982.6
6294982.6
6294982.6
6294982.7
6294982.7
6294982.7
6294982.8
6294983
6294983
6294983
6294983
6294983
6294983
6294983
6294983
6294983
6294983
6294983
6294983
6294983
6294983
6294982.9
6294982.9
6294982.9
6294982.9
6294982.8
6294982.8
6294982.7
6294982.7
6294982.6
6294982.6
6294982.5
6294982.5
6294982.5
6294982.5
6294982.5
6294982.6
6294982.6
6294982.7
6294982.7
6294982.8
6294982.8
6294982.8
6294982.8
6294982.9
6294982.9
6294982.9
6294983.1
6294983.1
6294983.1
6294983.1
6294983.1
6294983.1
6294983.1
6294983.1
6294983.1
6294983.1
6294983.1
6294983.1
6294983.1
6294983.1
6294983.1
6294983.1
6294983
6294983
6294983
6294982.9
6294982.9
6294982.8
6294982.8
6294982.7
6294982.7
6294982.6
6294982.6
6294982.7
6294982.7
6294982.8
6294982.8
6294982.9
6294982.9
6294982.9
6294983
6294983
6294983
6294983
6294983.1
6294983.1
6294983.3
6294983.3
6294983.3
6294983.3
6294983.3
6294983.3
6294983.3
6294983.3
6294983.3
6294983.3
6294983.3
6294983.3
6294983.2
6294983.2
6294983.2
6294983.2
6294983.2
6294983.1
6294983.1
6294983.1
6294983
6294983
6294982.9
6294982.9
6294982.8
6294982.8
6294982.8
6294982.8
6294982.9
6294982.9
6294983
6294983
6294983.1
6294983.1
6294983.1
6294983.1
6294983.2
6294983.2
6294983.2
6294983.3
6294983.4
6294983.4
6294983.4
6294983.4
6294983.4
6294983.4
6294983.4
6294983.4
6294983.4
6294983.4
6294983.4
6294983.4
6294983.4
6294983.4
6294983.4
6294983.3
6294983.3
6294983.3
6294983.2
6294983.2
6294983.2
6294983.1
6294983.1
6294983
6294983
6294983
6294983
6294983
6294983
6294983.1
6294983.1
6294983.2
6294983.2
6294983.3
6294983.3
6294983.3
6294983.3
6294983.4
6294983.4
6294983.4
6294983.6
6294983.6
6294983.6
6294983.6
6294983.6
6294983.6
6294983.6
6294983.6
6294983.6
6294983.5
6294983.5
6294983.5
6294983.5
6294983.5
6294983.5
6294983.5
6294983.4
6294983.4
6294983.4
6294983.3
6294983.3
6294983.3
6294983.2
6294983.2
6294983.1
6294983.1
6294983.1
6294983.1
6294983.2
6294983.2
6294983.3
6294983.3
6294983.4
6294983.4
6294983.4
6294983.5
6294983.5
6294983.5
6294983.5
6294983.6
6294983.7
6294983.7
6294983.7
6294983.7
6294983.7
6294983.7
6294983.7
6294983.7
6294983.7
6294983.7
6294983.7
6294983.7
6294983.7
6294983.6
6294983.6
6294983.6
6294983.6
6294983.5
6294983.5
6294983.5
6294983.4
6294983.4
6294983.3
6294983.3
6294983.3
6294983.3
6294983.3
6294983.3
6294983.3
6294983.4
6294983.4
6294983.5
6294983.5
6294983.6
6294983.6
6294983.6
6294983.6
6294983.7
6294983.7
6294983.7
6294983.8
6294983.8
6294983.8
6294983.8
6294983.8
6294983.8
6294983.8
6294983.8
6294983.8
6294983.8
6294983.8
6294983.8
6294983.8
6294983.8
6294983.7
6294983.7
6294983.7
6294983.7
6294983.6
6294983.6
6294983.6
6294983.5
6294983.5
6294983.4
6294983.4
6294983.4
6294983.4
6294983.4
6294983.5
6294983.5
6294983.6
6294983.6
6294983.7
6294983.7
6294983.7
6294983.8
6294983.8
6294983.8
6294983.8
6294983.9
6294984
6294984
6294984
6294984
6294984
6294984
6294984
6294984
6294983.9
6294983.9
6294983.9
6294983.9
6294983.9
6294983.9
6294983.9
6294983.9
6294983.8
6294983.8
6294983.8
6294983.7
6294983.7
6294983.7
6294983.6
6294983.6
6294983.6
6294983.5
6294983.5
6294983.6
6294983.6
6294983.7
6294983.7
6294983.8
6294983.8
6294983.9
6294983.9
6294983.9
6294983.9
6294984
6294984
6294984
6294984.1
6294984.1
6294984.1
6294984.1
6294984.1
6294984.1
6294984.1
6294984.1
6294984.1
6294984.1
6294984.1
6294984
6294984
6294984
6294984
6294984
6294984
6294983.9
6294983.9
6294983.9
6294983.8
6294983.8
6294983.7
6294983.7
6294983.7
6294983.7
6294983.7
6294983.7
6294983.8
6294983.8
6294983.9
6294983.9
6294984
6294984
6294984
6294984.1
6294984.1
6294984.1
6294984.1
6294984.2
6294984.2
6294984.2
6294984.2
6294984.2
6294984.2
6294984.2
6294984.2
6294984.2
6294984.2
6294984.2
6294984.2
6294984.2
6294984.2
6294984.1
6294984.1
6294984.1
6294984.1
6294984.1
6294984
6294984
6294983.9
6294983.9
6294983.9
6294983.8
6294983.8
6294983.8
6294983.8
6294983.9
6294983.9
6294984
6294984
6294984.1
6294984.1
6294984.1
6294984.2
6294984.2
6294984.2
6294984.3
6294984.3
6294984.3
6294984.3
6294984.3
6294984.3
6294984.3
6294984.3
6294984.3
6294984.3
6294984.3
6294984.3
6294984.3
6294984.3
6294984.3
6294984.3
6294984.3
6294984.2
6294984.2
6294984.2
6294984.2
6294984.1
6294984.1
6294984.1
6294984
6294984
6294984
6294984
6294984
6294984
6294984
6294984.1
6294984.1
6294984.2
6294984.2
6294984.3
6294984.3
6294984.3
6294984.4
6294984.4
6294984.4
6294984.4
6294984.5
6294984.5
6294984.5
6294984.5
6294984.5
6294984.5
6294984.5
6294984.5
6294984.4
6294984.4
6294984.4
6294984.4
6294984.4
6294984.4
6294984.4
6294984.4
6294984.3
6294984.3
6294984.3
6294984.3
6294984.2
6294984.2
6294984.2
6294984.1
6294984.1
6294984.1
6294984.1
6294984.1
6294984.1
6294984.2
6294984.2
6294984.3
6294984.3
6294984.4
6294984.4
6294984.5
6294984.5
6294984.5
6294984.6
6294984.6
6294984.6
6294984.6
6294984.6
6294984.6
6294984.6
6294984.6
6294984.6
6294984.6
6294984.6
6294984.6
6294984.6
6294984.5
6294984.5
6294984.5
6294984.5
6294984.5
6294984.5
6294984.4
6294984.4
6294984.4
6294984.3
6294984.3
6294984.3
6294984.3
6294984.2
6294984.2
6294984.2
6294984.2
6294984.3
6294984.3
6294984.4
6294984.4
6294984.5
6294984.5
6294984.6
6294984.6
6294984.6
6294984.7
6294984.7
6294984.7
6294984.8
6294984.7
6294984.7
6294984.7
6294984.7
6294984.7
6294984.7
6294984.7
6294984.7
6294984.7
6294984.7
6294984.7
6294984.6
6294984.6
6294984.6
6294984.6
6294984.6
6294984.6
6294984.5
6294984.5
6294984.5
6294984.4
6294984.4
6294984.4
6294984.4
6294984.3
6294984.4
6294984.4
6294984.4
6294984.5
6294984.5
6294984.6
6294984.6
6294984.7
6294984.7
6294984.7
6294984.8
6294984.8
6294984.8
6294984.8
6294984.9
6294984.8
6294984.8
6294984.8
6294984.8
6294984.8
6294984.8
6294984.8
6294984.8
6294984.8
6294984.8
6294984.8
6294984.8
6294984.7
6294984.7
6294984.7
6294984.7
6294984.7
6294984.6
6294984.6
6294984.6
6294984.6
6294984.5
6294984.5
6294984.5
6294984.5
6294984.5
6294984.5
6294984.5
6294984.6
6294984.6
6294984.7
6294984.7
6294984.8
6294984.8
6294984.9
6294984.9
6294984.9
6294985
6294985
6294985
6294984.9
6294984.9
6294984.9
6294984.9
6294984.9
6294984.9
6294984.9
6294984.9
6294984.9
6294984.9
6294984.9
6294984.9
6294984.9
6294984.8
6294984.8
6294984.8
6294984.8
6294984.8
6294984.7
6294984.7
6294984.7
6294984.6
6294984.6
6294984.6
6294984.6
6294984.6
6294984.6
6294984.7
6294984.7
6294984.8
6294984.8
6294984.9
6294984.9
6294985
6294985
6294985
6294985.1
6294985.1
6294985.1
6294985.1
6294985
6294985
6294985
6294985
6294985
6294985
6294985
6294985
6294985
6294985
6294985
6294985
6294985
6294985
6294984.9
6294984.9
6294984.9
6294984.9
6294984.8
6294984.8
6294984.8
6294984.8
6294984.7
6294984.7
6294984.7
6294984.7
6294984.8
6294984.8
6294984.8
6294984.9
6294984.9
6294985
6294985
6294985.1
6294985.1
6294985.2
6294985.2
6294985.2
6294985.2
6294985.3
6294985.2
6294985.2
6294985.2
6294985.2
6294985.1
6294985.1
6294985.1
6294985.1
6294985.1
6294985.1
6294985.1
6294985.1
6294985.1
6294985.1
6294985
6294985
6294985
6294985
6294984.9
6294984.9
6294984.9
6294984.9
6294984.8
6294984.8
6294984.8
6294984.8
6294984.9
6294984.9
6294985
6294985
6294985.1
6294985.1
6294985.2
6294985.2
6294985.2
6294985.3
6294985.3
6294985.3
6294985.4
6294985.4
6294985.3
6294985.3
6294985.3
6294985.3
6294985.3
6294985.3
6294985.2
6294985.2
6294985.2
6294985.2
6294985.2
6294985.2
6294985.2
6294985.2
6294985.1
6294985.1
6294985.1
6294985.1
6294985.1
6294985
6294985
6294985
6294985
6294985
6294985
6294985
6294985
6294985
6294985.1
6294985.1
6294985.2
6294985.2
6294985.3
6294985.3
6294985.4
6294985.4
6294985.4
6294985.5
6294985.5
6294985.5
6294985.4
6294985.4
6294985.4
6294985.4
6294985.4
6294985.4
6294985.3
6294985.3
6294985.3
6294985.3
6294985.3
6294985.3
6294985.3
6294985.3
6294985.2
6294985.2
6294985.2
6294985.2
6294985.2
6294985.1
6294985.1
6294985.1
6294985.1
6294985.1
6294985.1
6294985.1
6294985.1
6294985.1
6294985.2
6294985.2
6294985.3
6294985.3
6294985.4
6294985.4
6294985.5
6294985.5
6294985.5
6294985.6
6294985.6
6294985.6
6294985.5
6294985.5
6294985.5
6294985.5
6294985.5
6294985.5
6294985.5
6294985.4
6294985.4
6294985.4
6294985.4
6294985.4
6294985.4
6294985.4
6294985.4
6294985.3
6294985.3
6294985.3
6294985.3
6294985.2
6294985.2
6294985.2
6294985.2
6294985.2
6294985.2
6294985.2
6294985.2
6294985.3
6294985.3
6294985.4
6294985.4
6294985.5
6294985.5
6294985.6
6294985.6
6294985.6
6294985.7
6294985.7
6294985.7
6294985.8
6294985.6
6294985.6
6294985.6
6294985.6
6294985.6
6294985.6
6294985.6
6294985.5
6294985.5
6294985.5
6294985.5
6294985.5
6294985.5
6294985.5
6294985.4
6294985.4
6294985.4
6294985.4
6294985.4
6294985.3
6294985.3
6294985.3
6294985.3
6294985.3
6294985.3
6294985.3
6294985.3
6294985.4
6294985.4
6294985.5
6294985.5
6294985.6
6294985.6
6294985.7
6294985.7
6294985.7
6294985.8
6294985.8
6294985.8
6294985.9
6294985.7
6294985.7
6294985.7
6294985.7
6294985.7
6294985.7
6294985.6
6294985.6
6294985.6
6294985.6
6294985.6
6294985.6
6294985.6
6294985.6
6294985.5
6294985.5
6294985.5
6294985.5
6294985.5
6294985.4
6294985.4
6294985.4
6294985.4
6294985.4
6294985.4
6294985.4
6294985.4
6294985.5
6294985.5
6294985.6
6294985.6
6294985.7
6294985.7
6294985.8
6294985.8
6294985.9
6294985.9
6294985.9
6294985.9
6294986
6294985.8
6294985.8
6294985.8
6294985.8
6294985.8
6294985.8
6294985.7
6294985.7
6294985.7
6294985.7
6294985.7
6294985.7
6294985.7
6294985.7
6294985.6
6294985.6
6294985.6
6294985.6
6294985.6
6294985.5
6294985.5
6294985.5
6294985.5
6294985.5
6294985.5
6294985.5
6294985.6
6294985.6
6294985.6
6294985.7
6294985.7
6294985.8
6294985.8
6294985.9
6294985.9
6294986
6294986
6294986
6294986.1
6294986.1
6294985.9
6294985.9
6294985.9
6294985.9
6294985.8
6294985.8
6294985.8
6294985.8
6294985.8
6294985.8
6294985.8
6294985.8
6294985.8
6294985.8
6294985.7
6294985.7
6294985.7
6294985.7
6294985.7
6294985.6
6294985.6
6294985.6
6294985.6
6294985.6
6294985.6
6294985.6
6294985.7
6294985.7
6294985.7
6294985.8
6294985.8
6294985.9
6294985.9
6294986
6294986
6294986.1
6294986.1
6294986.1
6294986.2
6294986.2
6294986
6294986
6294985.9
6294985.9
6294985.9
6294985.9
6294985.9
6294985.9
6294985.9
6294985.9
6294985.9
6294985.9
6294985.9
6294985.8
6294985.8
6294985.8
6294985.8
6294985.8
6294985.7
6294985.7
6294985.7
6294985.7
6294985.7
6294985.7
6294985.7
6294985.7
6294985.8
6294985.8
6294985.8
6294985.9
6294985.9
6294986
6294986
6294986.1
6294986.1
6294986.2
6294986.2
6294986.2
6294986.3
6294986.3
6294986
6294986
6294986
6294986
6294986
6294986
6294986
6294986
6294986
6294986
6294986
6294986
6294985.9
6294985.9
6294985.9
6294985.9
6294985.9
6294985.9
6294985.8
6294985.8
6294985.8
6294985.8
6294985.8
6294985.8
6294985.8
6294985.8
6294985.9
6294985.9
6294985.9
6294986
6294986
6294986.1
6294986.1
6294986.2
6294986.2
6294986.3
6294986.3
6294986.3
6294986.4
6294986.4
6294986.1
6294986.1
6294986.1
6294986.1
6294986.1
6294986.1
6294986.1
6294986.1
6294986.1
6294986.1
6294986.1
6294986
6294986
6294986
6294986
6294986
6294986
6294985.9
6294985.9
6294985.9
6294985.9
6294985.9
6294985.9
6294985.9
6294985.9
6294985.9
6294986
6294986
6294986
6294986.1
6294986.1
6294986.2
6294986.2
6294986.3
6294986.3
6294986.4
6294986.4
6294986.4
6294986.5
6294986.5
6294986.2
6294986.2
6294986.2
6294986.2
6294986.2
6294986.2
6294986.2
6294986.2
6294986.2
6294986.2
6294986.1
6294986.1
6294986.1
6294986.1
6294986.1
6294986.1
6294986
6294986
6294986
6294986
6294986
6294986
6294986
6294986
6294986
6294986
6294986.1
6294986.1
6294986.1
6294986.2
6294986.2
6294986.3
6294986.3
6294986.4
6294986.4
6294986.5
6294986.5
6294986.5
6294986.6
6294986.6
6294986.3
6294986.3
6294986.3
6294986.3
6294986.3
6294986.3
6294986.3
6294986.3
6294986.3
6294986.2
6294986.2
6294986.2
6294986.2
6294986.2
6294986.2
6294986.2
6294986.1
6294986.1
6294986.1
6294986.1
6294986.1
6294986.1
6294986.1
6294986.1
6294986.1
6294986.1
6294986.1
6294986.2
6294986.2
6294986.3
6294986.3
6294986.4
6294986.4
6294986.5
6294986.5
6294986.6
6294986.6
6294986.6
6294986.7
6294986.7
6294986.4
6294986.4
6294986.4
6294986.4
6294986.4
6294986.4
6294986.4
6294986.3
6294986.3
6294986.3
6294986.3
6294986.3
6294986.3
6294986.3
6294986.2
6294986.2
6294986.2
6294986.2
6294986.2
6294986.2
6294986.2
6294986.2
6294986.2
6294986.2
6294986.2
6294986.2
6294986.2
6294986.3
6294986.3
6294986.4
6294986.4
6294986.5
6294986.5
6294986.6
6294986.6
6294986.7
6294986.7
6294986.7
6294986.8
6294986.8
6294986.5
6294986.5
6294986.5
6294986.4
6294986.4
6294986.4
6294986.4
6294986.4
6294986.4
6294986.4
6294986.4
6294986.4
6294986.4
6294986.3
6294986.3
6294986.3
6294986.3
6294986.3
6294986.3
6294986.3
6294986.2
6294986.2
6294986.2
6294986.2
6294986.3
6294986.3
6294986.3
6294986.4
6294986.4
6294986.5
6294986.5
6294986.6
6294986.6
6294986.7
6294986.7
6294986.7
6294986.8
6294986.8
6294986.8
6294986.9
6294986.5
6294986.5
6294986.5
6294986.5
6294986.5
6294986.5
6294986.5
6294986.5
6294986.5
6294986.5
6294986.5
6294986.5
6294986.4
6294986.4
6294986.4
6294986.4
6294986.4
6294986.4
6294986.3
6294986.3
6294986.3
6294986.3
6294986.3
6294986.3
6294986.3
6294986.4
6294986.4
6294986.4
6294986.5
6294986.5
6294986.6
6294986.6
6294986.7
6294986.7
6294986.8
6294986.8
6294986.9
6294986.9
6294986.9
6294987
6294986.6
6294986.6
6294986.6
6294986.6
6294986.6
6294986.6
6294986.6
6294986.6
6294986.6
6294986.6
6294986.5
6294986.5
6294986.5
6294986.5
6294986.5
6294986.5
6294986.4
6294986.4
6294986.4
6294986.4
6294986.4
6294986.4
6294986.4
6294986.4
6294986.4
6294986.5
6294986.5
6294986.5
6294986.6
6294986.6
6294986.7
6294986.7
6294986.8
6294986.8
6294986.9
6294986.9
6294986.9
6294987
6294987
6294987.1
6294986.7
6294986.7
6294986.7
6294986.7
6294986.7
6294986.7
6294986.7
6294986.6
6294986.6
6294986.6
6294986.6
6294986.6
6294986.6
6294986.6
6294986.6
6294986.5
6294986.5
6294986.5
6294986.5
6294986.5
6294986.5
6294986.5
6294986.5
6294986.5
6294986.5
6294986.5
6294986.6
6294986.6
6294986.7
6294986.7
6294986.8
6294986.8
6294986.9
6294986.9
6294987
6294987
6294987
6294987.1
6294987.1
6294987.1
6294986.8
6294986.7
6294986.7
6294986.7
6294986.7
6294986.7
6294986.7
6294986.7
6294986.7
6294986.7
6294986.7
6294986.7
6294986.7
6294986.6
6294986.6
6294986.6
6294986.6
6294986.6
6294986.6
6294986.6
6294986.6
6294986.6
6294986.6
6294986.6
6294986.6
6294986.6
6294986.7
6294986.7
6294986.7
6294986.8
6294986.8
6294986.9
6294986.9
6294987
6294987
6294987.1
6294987.1
6294987.2
6294987.2
6294987.2
6294986.8
6294986.8
6294986.8
6294986.8
6294986.8
6294986.8
6294986.8
6294986.8
6294986.8
6294986.8
6294986.7
6294986.7
6294986.7
6294986.7
6294986.7
6294986.7
6294986.7
6294986.6
6294986.6
6294986.6
6294986.6
6294986.6
6294986.6
6294986.6
6294986.7
6294986.7
6294986.7
6294986.8
6294986.8
6294986.9
6294986.9
6294987
6294987
6294987.1
6294987.1
6294987.2
6294987.2
6294987.2
6294987.3
6294987.3
6294986.9
6294986.9
6294986.9
6294986.9
6294986.9
6294986.9
6294986.9
6294986.8
6294986.8
6294986.8
6294986.8
6294986.8
6294986.8
6294986.8
6294986.8
6294986.7
6294986.7
6294986.7
6294986.7
6294986.7
6294986.7
6294986.7
6294986.7
6294986.7
6294986.7
6294986.8
6294986.8
6294986.8
6294986.9
6294986.9
6294987
6294987
6294987.1
6294987.1
6294987.2
6294987.2
6294987.3
6294987.3
6294987.3
6294987.4
6294986.9
6294986.9
6294986.9
6294986.9
6294986.9
6294986.9
6294986.9
6294986.9
6294986.9
6294986.9
6294986.9
6294986.9
6294986.9
6294986.8
6294986.8
6294986.8
6294986.8
6294986.8
6294986.8
6294986.8
6294986.8
6294986.8
6294986.8
6294986.8
6294986.8
6294986.8
6294986.9
6294986.9
6294987
6294987
6294987.1
6294987.1
6294987.2
6294987.2
6294987.3
6294987.3
6294987.3
6294987.4
6294987.4
6294987.4
6294987
6294987
6294987
6294987
6294987
6294987
6294987
6294987
6294987
6294987
6294986.9
6294986.9
6294986.9
6294986.9
6294986.9
6294986.9
6294986.9
6294986.8
6294986.8
6294986.8
6294986.8
6294986.8
6294986.8
6294986.9
6294986.9
6294986.9
6294986.9
6294987
6294987
6294987.1
6294987.1
6294987.2
6294987.2
6294987.3
6294987.3
6294987.4
6294987.4
6294987.4
6294987.5
6294987.5
6294987.1
6294987.1
6294987.1
6294987.1
6294987.1
6294987
6294987
6294987
6294987
6294987
6294987
6294987
6294987
6294987
6294986.9
6294986.9
6294986.9
6294986.9
6294986.9
6294986.9
6294986.9
6294986.9
6294986.9
6294986.9
6294986.9
6294987
6294987
6294987.1
6294987.1
6294987.1
6294987.2
6294987.2
6294987.3
6294987.3
6294987.4
6294987.4
6294987.5
6294987.5
6294987.5
6294987.6
6294987.1
6294987.1
6294987.1
6294987.1
6294987.1
6294987.1
6294987.1
6294987.1
6294987.1
6294987.1
6294987.1
6294987
6294987
6294987
6294987
6294987
6294987
6294987
6294987
6294987
6294987
6294987
6294987
6294987
6294987
6294987
6294987.1
6294987.1
6294987.2
6294987.2
6294987.3
6294987.3
6294987.4
6294987.4
6294987.5
6294987.5
6294987.5
6294987.6
6294987.6
6294987.6
6294987.2
6294987.2
6294987.2
6294987.2
6294987.2
6294987.2
6294987.2
6294987.1
6294987.1
6294987.1
6294987.1
6294987.1
6294987.1
6294987.1
6294987.1
6294987
6294987
6294987
6294987
6294987
6294987
6294987
6294987
6294987
6294987.1
6294987.1
6294987.1
6294987.2
6294987.2
6294987.3
6294987.3
6294987.4
6294987.4
6294987.5
6294987.5
6294987.6
6294987.6
6294987.6
6294987.7
6294987.7
6294987.2
6294987.2
6294987.2
6294987.2
6294987.2
6294987.2
6294987.2
6294987.2
6294987.2
6294987.2
6294987.2
6294987.2
6294987.1
6294987.1
6294987.1
6294987.1
6294987.1
6294987.1
6294987.1
6294987.1
6294987.1
6294987.1
6294987.1
6294987.1
6294987.1
6294987.2
6294987.2
6294987.2
6294987.3
6294987.3
6294987.4
6294987.4
6294987.5
6294987.5
6294987.6
6294987.6
6294987.7
6294987.7
6294987.7
6294987.8
6294987.3
6294987.3
6294987.3
6294987.3
6294987.3
6294987.3
6294987.3
6294987.2
6294987.2
6294987.2
6294987.2
6294987.2
6294987.2
6294987.2
6294987.2
6294987.2
6294987.1
6294987.1
6294987.1
6294987.1
6294987.1
6294987.1
6294987.1
6294987.2
6294987.2
6294987.2
6294987.3
6294987.3
6294987.3
6294987.4
6294987.4
6294987.5
6294987.5
6294987.6
6294987.6
6294987.7
6294987.7
6294987.8
6294987.8
6294987.8
6294987.3
6294987.3
6294987.3
6294987.3
6294987.3
6294987.3
6294987.3
6294987.3
6294987.3
6294987.3
6294987.3
6294987.3
6294987.2
6294987.2
6294987.2
6294987.2
6294987.2
6294987.2
6294987.2
6294987.2
6294987.2
6294987.2
6294987.2
6294987.2
6294987.2
6294987.3
6294987.3
6294987.4
6294987.4
6294987.4
6294987.5
6294987.5
6294987.6
6294987.6
6294987.7
6294987.7
6294987.8
6294987.8
6294987.8
6294987.9
6294987.4
6294987.4
6294987.4
6294987.4
6294987.4
6294987.4
6294987.4
6294987.3
6294987.3
6294987.3
6294987.3
6294987.3
6294987.3
6294987.3
6294987.3
6294987.2
6294987.2
6294987.2
6294987.2
6294987.2
6294987.2
6294987.2
6294987.2
6294987.3
6294987.3
6294987.3
6294987.4
6294987.4
6294987.5
6294987.5
6294987.6
6294987.6
6294987.6
6294987.7
6294987.7
6294987.8
6294987.8
6294987.9
6294987.9
6294987.9
6294987.4
6294987.4
6294987.4
6294987.4
6294987.4
6294987.4
6294987.4
6294987.4
6294987.4
6294987.4
6294987.4
6294987.3
6294987.3
6294987.3
6294987.3
6294987.3
6294987.3
6294987.3
6294987.3
6294987.3
6294987.3
6294987.3
6294987.3
6294987.3
6294987.3
6294987.4
6294987.4
6294987.5
6294987.5
6294987.6
6294987.6
6294987.7
6294987.7
6294987.7
6294987.8
6294987.8
6294987.9
6294987.9
6294987.9
6294988
6294987.5
6294987.5
6294987.5
6294987.5
6294987.5
6294987.5
6294987.4
6294987.4
6294987.4
6294987.4
6294987.4
6294987.4
6294987.4
6294987.4
6294987.3
6294987.3
6294987.3
6294987.3
6294987.3
6294987.3
6294987.3
6294987.3
6294987.3
6294987.4
6294987.4
6294987.4
6294987.5
6294987.5
6294987.5
6294987.6
6294987.6
6294987.7
6294987.7
6294987.8
6294987.8
6294987.9
6294987.9
6294988
6294988
6294988
6294987.5
6294987.5
6294987.5
6294987.5
6294987.5
6294987.5
6294987.5
6294987.5
6294987.5
6294987.5
6294987.4
6294987.4
6294987.4
6294987.4
6294987.4
6294987.4
6294987.4
6294987.4
6294987.4
6294987.4
6294987.4
6294987.4
6294987.4
6294987.4
6294987.4
6294987.5
6294987.5
6294987.5
6294987.6
6294987.6
6294987.7
6294987.7
6294987.8
6294987.8
6294987.9
6294987.9
6294988
6294988
6294988
6294988.1
6294987.6
6294987.5
6294987.5
6294987.5
6294987.5
6294987.5
6294987.5
6294987.5
6294987.5
6294987.5
6294987.5
6294987.5
6294987.5
6294987.4
6294987.4
6294987.4
6294987.4
6294987.4
6294987.4
6294987.4
6294987.4
6294987.4
6294987.4
6294987.4
6294987.5
6294987.5
6294987.5
6294987.6
6294987.6
6294987.7
6294987.7
6294987.8
6294987.8
6294987.9
6294987.9
6294988
6294988
6294988.1
6294988.1
6294988.1
6294987.6
6294987.6
6294987.6
6294987.6
6294987.6
6294987.6
6294987.6
6294987.5
6294987.5
6294987.5
6294987.5
6294987.5
6294987.5
6294987.5
6294987.5
6294987.5
6294987.4
6294987.4
6294987.4
6294987.4
6294987.4
6294987.5
6294987.5
6294987.5
6294987.5
6294987.5
6294987.6
6294987.6
6294987.7
6294987.7
6294987.8
6294987.8
6294987.9
6294987.9
6294988
6294988
6294988
6294988.1
6294988.1
6294988.2
6294987.6
6294987.6
6294987.6
6294987.6
6294987.6
6294987.6
6294987.6
6294987.6
6294987.6
6294987.6
6294987.5
6294987.5
6294987.5
6294987.5
6294987.5
6294987.5
6294987.5
6294987.5
6294987.5
6294987.5
6294987.5
6294987.5
6294987.5
6294987.5
6294987.6
6294987.6
6294987.6
6294987.7
6294987.7
6294987.8
6294987.8
6294987.9
6294987.9
6294988
6294988
6294988.1
6294988.1
6294988.1
6294988.2
6294988.2
6294987.7
6294987.7
6294987.6
6294987.6
6294987.6
6294987.6
6294987.6
6294987.6
6294987.6
6294987.6
6294987.6
6294987.6
6294987.6
6294987.5
6294987.5
6294987.5
6294987.5
6294987.5
6294987.5
6294987.5
6294987.5
6294987.5
6294987.5
6294987.6
6294987.6
6294987.6
6294987.7
6294987.7
6294987.8
6294987.8
6294987.9
6294987.9
6294988
6294988
6294988
6294988.1
6294988.1
6294988.2
6294988.2
6294988.2
6294987.7
6294987.7
6294987.7
6294987.7
6294987.7
6294987.7
6294987.7
6294987.6
6294987.6
6294987.6
6294987.6
6294987.6
6294987.6
6294987.6
6294987.6
6294987.6
6294987.5
6294987.5
6294987.5
6294987.5
6294987.5
6294987.6
6294987.6
6294987.6
6294987.6
6294987.7
6294987.7
6294987.7
6294987.8
6294987.8
6294987.9
6294987.9
6294988
6294988
6294988.1
6294988.1
6294988.2
6294988.2
6294988.2
6294988.3
6294987.7
6294987.7
6294987.7
6294987.7
6294987.7
6294987.7
6294987.7
6294987.7
6294987.7
6294987.7
6294987.6
6294987.6
6294987.6
6294987.6
6294987.6
6294987.6
6294987.6
6294987.6
6294987.6
6294987.6
6294987.6
6294987.6
6294987.6
6294987.6
6294987.7
6294987.7
6294987.7
6294987.8
6294987.8
6294987.9
6294987.9
6294988
6294988
6294988.1
6294988.1
6294988.2
6294988.2
6294988.2
6294988.3
6294988.3
6294987.7
6294987.7
6294987.7
6294987.7
6294987.7
6294987.7
6294987.7
6294987.7
6294987.7
6294987.7
6294987.7
6294987.7
6294987.6
6294987.6
6294987.6
6294987.6
6294987.6
6294987.6
6294987.6
6294987.6
6294987.6
6294987.6
6294987.6
6294987.7
6294987.7
6294987.7
6294987.8
6294987.8
6294987.8
6294987.9
6294987.9
6294988
6294988
6294988.1
6294988.1
6294988.2
6294988.2
6294988.3
6294988.3
6294988.3
6294987.8
6294987.8
6294987.8
6294987.8
6294987.7
6294987.7
6294987.7
6294987.7
6294987.7
6294987.7
6294987.7
6294987.7
6294987.7
6294987.7
6294987.6
6294987.6
6294987.6
6294987.6
6294987.6
6294987.6
6294987.6
6294987.6
6294987.7
6294987.7
6294987.7
6294987.7
6294987.8
6294987.8
6294987.9
6294987.9
6294988
6294988
6294988.1
6294988.1
6294988.2
6294988.2
6294988.2
6294988.3
6294988.3
6294988.4
6294987.8
6294987.8
6294987.8
6294987.8
6294987.8
6294987.8
6294987.8
6294987.7
6294987.7
6294987.7
6294987.7
6294987.7
6294987.7
6294987.7
6294987.7
6294987.7
6294987.7
6294987.6
6294987.6
6294987.6
6294987.7
6294987.7
6294987.7
6294987.7
6294987.7
6294987.8
6294987.8
6294987.9
6294987.9
6294987.9
6294988
6294988
6294988.1
6294988.1
6294988.2
6294988.2
6294988.3
6294988.3
6294988.3
6294988.4
6294987.8
6294987.8
6294987.8
6294987.8
6294987.8
6294987.8
6294987.8
6294987.8
6294987.8
6294987.7
6294987.7
6294987.7
6294987.7
6294987.7
6294987.7
6294987.7
6294987.7
6294987.7
6294987.7
6294987.7
6294987.7
6294987.7
6294987.7
6294987.7
6294987.8
6294987.8
6294987.8
6294987.9
6294987.9
6294988
6294988
6294988.1
6294988.1
6294988.2
6294988.2
6294988.3
6294988.3
6294988.3
6294988.4
6294988.4
6294987.8
6294987.8
6294987.8
6294987.8
6294987.8
6294987.8
6294987.8
6294987.8
6294987.8
6294987.8
6294987.8
6294987.7
6294987.7
6294987.7
6294987.7
6294987.7
6294987.7
6294987.7
6294987.7
6294987.7
6294987.7
6294987.7
6294987.7
6294987.7
6294987.8
6294987.8
6294987.9
6294987.9
6294987.9
6294988
6294988
6294988.1
6294988.1
6294988.2
6294988.2
6294988.3
6294988.3
6294988.4
6294988.4
6294988.4
6294987.8
6294987.8
6294987.8
6294987.8
6294987.8
6294987.8
6294987.8
6294987.8
6294987.8
6294987.8
6294987.8
6294987.8
6294987.7
6294987.7
6294987.7
6294987.7
6294987.7
6294987.7
6294987.7
6294987.7
6294987.7
6294987.7
6294987.7
6294987.8
6294987.8
6294987.8
6294987.9
6294987.9
6294988
6294988
6294988.1
6294988.1
6294988.2
6294988.2
6294988.2
6294988.3
6294988.3
6294988.4
6294988.4
6294988.4
6294987.8
6294987.8
6294987.8
6294987.8
6294987.8
6294987.8
6294987.8
6294987.8
6294987.8
6294987.8
6294987.8
6294987.8
6294987.8
6294987.7
6294987.7
6294987.7
6294987.7
6294987.7
6294987.7
6294987.7
6294987.7
6294987.7
6294987.8
6294987.8
6294987.8
6294987.8
6294987.9
6294987.9
6294988
6294988
6294988.1
6294988.1
6294988.2
6294988.2
6294988.3
6294988.3
6294988.3
6294988.4
6294988.4
6294988.4
6294987.9
6294987.9
6294987.9
6294987.9
6294987.8
6294987.8
6294987.8
6294987.8
6294987.8
6294987.8
6294987.8
6294987.8
6294987.8
6294987.8
6294987.7
6294987.7
6294987.7
6294987.7
6294987.7
6294987.7
6294987.7
6294987.8
6294987.8
6294987.8
6294987.8
6294987.9
6294987.9
6294987.9
6294988
6294988
6294988.1
6294988.1
6294988.2
6294988.2
6294988.3
6294988.3
6294988.4
6294988.4
6294988.4
6294988.5
6294987.9
6294987.9
6294987.9
6294987.9
6294987.9
6294987.8
6294987.8
6294987.8
6294987.8
6294987.8
6294987.8
6294987.8
6294987.8
6294987.8
6294987.8
6294987.7
6294987.7
6294987.7
6294987.7
6294987.7
6294987.7
6294987.8
6294987.8
6294987.8
6294987.8
6294987.9
6294987.9
6294988
6294988
6294988
6294988.1
6294988.1
6294988.2
6294988.2
6294988.3
6294988.3
6294988.4
6294988.4
6294988.4
6294988.5
6294987.9
6294987.9
6294987.9
6294987.9
6294987.9
6294987.9
6294987.8
6294987.8
6294987.8
6294987.8
6294987.8
6294987.8
6294987.8
6294987.8
6294987.8
6294987.8
6294987.7
6294987.7
6294987.7
6294987.7
6294987.8
6294987.8
6294987.8
6294987.8
6294987.8
6294987.9
6294987.9
6294988
6294988
6294988.1
6294988.1
6294988.2
6294988.2
6294988.2
6294988.3
6294988.3
6294988.4
6294988.4
6294988.4
6294988.5
6294987.9
6294987.9
6294987.9
6294987.9
6294987.9
6294987.9
6294987.9
6294987.8
6294987.8
6294987.8
6294987.8
6294987.8
6294987.8
6294987.8
6294987.8
6294987.8
6294987.8
6294987.7
6294987.7
6294987.8
6294987.8
6294987.8
6294987.8
6294987.8
6294987.8
6294987.9
6294987.9
6294988
6294988
6294988.1
6294988.1
6294988.2
6294988.2
6294988.3
6294988.3
6294988.3
6294988.4
6294988.4
6294988.4
6294988.5
6294987.9
6294987.9
6294987.9
6294987.9
6294987.9
6294987.9
6294987.9
6294987.8
6294987.8
6294987.8
6294987.8
6294987.8
6294987.8
6294987.8
6294987.8
6294987.8
6294987.8
6294987.8
6294987.8
6294987.8
6294987.8
6294987.8
6294987.8
6294987.8
6294987.9
6294987.9
6294987.9
6294988
6294988
6294988.1
6294988.1
6294988.2
6294988.2
6294988.3
6294988.3
6294988.3
6294988.4
6294988.4
6294988.4
6294988.5
6294987.9
6294987.9
6294987.9
6294987.9
6294987.9
6294987.9
6294987.9
6294987.8
6294987.8
6294987.8
6294987.8
6294987.8
6294987.8
6294987.8
6294987.8
6294987.8
6294987.8
6294987.8
6294987.8
6294987.8
6294987.8
6294987.8
6294987.8
6294987.8
6294987.8
6294987.9
6294987.9
6294988
6294988
6294988.1
6294988.1
6294988.2
6294988.2
6294988.3
6294988.3
6294988.3
6294988.4
6294988.4
6294988.4
6294988.5
)
;

boundaryField
{
    piston
    {
        type            zeroGradient;
    }
    cylinderHead
    {
        type            zeroGradient;
    }
    cylinderWall
    {
        type            zeroGradient;
    }
    wedgeFront
    {
        type            wedge;
    }
    wedgeBack
    {
        type            wedge;
    }
    axis
    {
        type            empty;
    }
}


// ************************************************************************* //
