/*--------------------------------*- C++ -*----------------------------------*\
  =========                 |
  \\      /  F ield         | OpenFOAM: The Open Source CFD Toolbox
   \\    /   O peration     | Website:  https://openfoam.org
    \\  /    A nd           | Version:  13
     \\/     M anipulation  |
\*---------------------------------------------------------------------------*/
FoamFile
{
    format      ascii;
    class       volScalarField;
    location    "30";
    object      rho;
}
// * * * * * * * * * * * * * * * * * * * * * * * * * * * * * * * * * * * * * //

dimensions      [1 -3 0 0 0 0 0];

internalField   nonuniform List<scalar> 
4800
(
12.159525
12.1634
12.163778
12.164132
12.164735
12.165547
12.166644
12.168008
12.169778
12.172013
12.174815
12.178406
12.183011
12.188921
12.196633
12.206802
12.220336
12.238449
12.262458
12.292343
12.319293
12.308728
12.195099
12.01427
11.944668
12.210994
13.104467
13.969778
13.750657
12.801878
12.107537
11.766945
11.720963
11.743134
11.729072
11.570516
11.251847
10.854059
10.428051
10.157749
9.4620123
9.4654961
9.4659006
9.4662095
9.4667477
9.4674781
9.4684595
9.4696852
9.4712652
9.4732554
9.4757492
9.478934
9.4830083
9.4882329
9.4950374
9.5039979
9.5159101
9.5318243
9.5527974
9.5783505
9.5990004
9.5822622
9.4777802
9.3416849
9.3343644
9.6611976
10.476651
11.191507
10.899527
9.9843792
9.3726424
9.1158304
9.0891444
9.1069683
9.0903541
8.9664849
8.736103
8.4605326
8.1877264
8.0327936
8.059201
8.0621023
8.0625044
8.0627392
8.0631605
8.0637424
8.0645241
8.0655064
8.0667677
8.068356
8.0703504
8.0728943
8.076149
8.0803312
8.0857849
8.0929816
8.1025765
8.1154318
8.1323552
8.1525539
8.1667214
8.1466518
8.0593299
7.9736046
8.034766
8.4182931
9.1392351
9.6296988
9.2522524
8.4160959
7.918157
7.7549039
7.7440616
7.7615662
7.7492133
7.665311
7.5199851
7.3578107
7.2477611
7.2642221
7.3317312
7.3339843
7.3343512
7.3345008
7.3347823
7.3351843
7.3357292
7.3364189
7.3373045
7.3384219
7.3398302
7.3416298
7.3439382
7.346917
7.3508165
7.3559857
7.3629129
7.3722381
7.3844998
7.3986763
7.4064275
7.3849389
7.3166852
7.2743106
7.3903879
7.7796571
8.3741305
8.6556698
8.2393323
7.5252733
7.1536239
7.0594114
7.0616877
7.0824617
7.0789413
7.0306662
6.9501182
6.8837248
6.8610386
6.9650442
6.9519983
6.953672
6.9539958
6.9540672
6.9542187
6.9544525
6.9547776
6.9551933
6.9557292
6.956408
6.9572675
6.9583699
6.9597893
6.9616295
6.9640478
6.9672655
6.9715906
6.9774104
6.9849583
6.9928695
6.9941474
6.9709539
6.9188013
6.9082996
7.0569402
7.4240485
7.8691758
8.0007679
7.5898963
7.0096318
6.7503194
6.6991038
6.7126382
6.7385845
6.7444901
6.7239155
6.6931872
6.6743809
6.6932731
6.8481396
6.7581606
6.7591592
6.759383
6.7593844
6.7594177
6.75949
6.7596017
6.7597489
6.7599434
6.7601938
6.7605166
6.7609394
6.7614949
6.76223
6.7632168
6.7645566
6.7663874
6.7688452
6.7717979
6.7734503
6.7676307
6.7426961
6.701645
6.7106643
6.8687342
7.1945974
7.505543
7.5408026
7.1610585
6.7082294
6.5350497
6.5116631
6.5353015
6.5637165
6.5784898
6.5792645
6.5751327
6.5800636
6.6184142
6.8033633
6.6653455
6.6659502
6.666107
6.6660724
6.6660435
6.666029
6.6660246
6.666024
6.6660288
6.666039
6.6660567
6.6660871
6.6661343
6.666204
6.6663041
6.6664399
6.6665967
6.6666671
6.6661309
6.6632336
6.6520684
6.6206609
6.5819006
6.5990711
6.7525615
7.0263008
7.2331579
7.209437
6.8736067
6.529608
6.419192
6.4164867
6.4508673
6.4792698
6.4983701
6.5106049
6.521017
6.5378857
6.5837167
6.7863925
6.6219712
6.6223387
6.6224485
6.6223974
6.6223388
6.6222808
6.6222173
6.6221412
6.6220493
6.6219368
6.6217987
6.6216287
6.6214163
6.6211458
6.6207921
6.6203096
6.6196027
6.6184388
6.616185
6.6111089
6.596832
6.5613193
6.5171742
6.5330691
6.6725276
6.8931108
7.0263112
6.9667355
6.6783998
6.4227134
6.3554
6.3709466
6.4125442
6.4400456
6.4600895
6.4783284
6.4970148
6.519567
6.5667664
6.7797482
6.6029306
6.6031611
6.6032401
6.6031827
6.6031119
6.6030345
6.602944
6.602833
6.6026961
6.6025265
6.6023158
6.6020522
6.6017184
6.6012878
6.6007191
6.5999413
6.5988204
6.5970727
6.5941222
6.5879238
6.5719598
6.5338079
6.4838327
6.492266
6.6114714
6.7848957
6.8668149
6.7875901
6.5442254
6.3571062
6.3193842
6.3505706
6.3974151
6.423835
6.4428395
6.463802
6.4871769
6.5122111
6.5569689
6.7768567
6.5956127
6.5957708
6.5958311
6.5957731
6.5956995
6.5956159
6.595516
6.5953926
6.5952393
6.5950485
6.5948103
6.5945109
6.5941303
6.593639
6.5929872
6.5920933
6.5908101
6.5888762
6.5856368
6.5789624
6.5622319
6.5226001
6.4670845
6.4646783
6.5622154
6.695905
6.7428421
6.654561
6.4509781
6.3152895
6.2981591
6.3429219
6.3933847
6.4190533
6.4362549
6.4580249
6.4838736
6.5098511
6.5499819
6.7753624
6.5935922
6.5937032
6.5937483
6.5936948
6.5936257
6.5935458
6.5934489
6.5933287
6.5931783
6.5929902
6.5927536
6.5924535
6.592068
6.5915639
6.5908937
6.5899725
6.5886565
6.5866847
6.5833733
6.5765743
6.5596214
6.519428
6.4592607
6.4447128
6.5209651
6.6227747
6.645968
6.555202
6.3852473
6.287208
6.2847814
6.3412214
6.3954377
6.4189175
6.4347302
6.4564495
6.4833058
6.5095538
6.5443587
6.7741445
6.593473
6.5935412
6.5935723
6.5935253
6.5934645
6.5933929
6.5933058
6.5931973
6.5930618
6.5928925
6.5926799
6.5924107
6.5920659
6.5916163
6.5910142
6.5901844
6.5890112
6.5872172
6.5841271
6.5776154
6.5609228
6.5201628
6.456575
6.4297257
6.4859092
6.5626779
6.5699258
6.4805633
6.3382844
6.2667661
6.2759945
6.3442385
6.4057708
6.4274786
6.43806
6.4574599
6.4857987
6.5120466
6.5396639
6.7729607
6.5952474
6.5952781
6.5952939
6.5952592
6.5952139
6.5951598
6.5950932
6.59501
6.5949057
6.5947749
6.5946099
6.5943999
6.5941291
6.5937732
6.5932926
6.5926357
6.5916808
6.5901881
6.5875412
6.5817333
6.5660615
6.5255544
6.4567566
6.4184716
6.4559683
6.5133033
6.5099202
6.4240172
6.304066
6.2508787
6.2698497
6.3514131
6.4205757
6.4419465
6.4475086
6.4626131
6.4907504
6.5163577
6.5357781
6.7717484
6.5971565
6.5971705
6.5971782
6.5971538
6.597122
6.5970836
6.5970361
6.5969767
6.5969023
6.5968087
6.5966905
6.5965397
6.5963445
6.5960864
6.5957404
6.5952573
6.5945411
6.5933951
6.5912947
6.5864418
6.5724331
6.5334946
6.4610614
6.4103313
6.4304158
6.4727651
6.4622346
6.3808431
6.2784828
6.2378676
6.2649771
6.3606305
6.4371187
6.4600295
6.4618578
6.4713717
6.497563
6.5218983
6.5326771
6.770475
6.5986136
6.59862
6.5986233
6.598607
6.5985859
6.5985602
6.5985285
6.5984889
6.5984393
6.5983769
6.5982981
6.5981973
6.5980665
6.597893
6.5976602
6.5973266
6.5968232
6.5959996
6.5944355
6.5905991
6.5786137
6.5424058
6.4683984
6.4053919
6.4089333
6.439192
6.4241387
6.3476619
6.2588068
6.2267188
6.2609113
6.3708347
6.453608
6.4795256
6.4796847
6.4834331
6.506008
6.5282963
6.530457
6.7691051
6.5995593
6.5995622
6.5995632
6.5995529
6.5995397
6.5995236
6.5995038
6.599479
6.5994481
6.5994092
6.5993601
6.5992971
6.5992148
6.5991064
6.5989551
6.5987348
6.5984002
6.5978422
6.5967403
6.5938517
6.5839969
6.5513942
6.4779127
6.403302
6.3912195
6.4111762
6.3934981
6.3219899
6.2433598
6.217129
6.2586611
6.3814945
6.4690445
6.4985737
6.4991728
6.4981962
6.5158757
6.5351649
6.5294039
6.76759
6.6000574
6.600059
6.6000589
6.6000527
6.6000449
6.6000355
6.600024
6.6000099
6.5999923
6.5999705
6.5999429
6.5999076
6.5998618
6.5998005
6.5997146
6.5995878
6.5993844
6.5990271
6.598287
6.5962044
6.5883891
6.5599211
6.4888845
6.4032352
6.3768462
6.3876386
6.3686548
6.3020193
6.2310924
6.2088607
6.2579091
6.3923314
6.4830269
6.5159168
6.5184203
6.5146124
6.526888
6.5420116
6.5291211
6.7658575
6.6002905
6.6002915
6.6002908
6.6002868
6.6002818
6.600276
6.600269
6.6002605
6.6002501
6.6002373
6.6002211
6.6002006
6.6001746
6.6001397
6.6000913
6.6000206
6.5999086
6.5997081
6.5992504
6.5978066
6.5918117
6.5676786
6.5008225
6.4067846
6.3655051
6.3677419
6.3483121
6.2864237
6.2213228
6.2017029
6.2587674
6.4031933
6.4955228
6.5309435
6.5359034
6.5311343
6.5384826
6.5485369
6.5299261
6.7638107
6.6003836
6.6003843
6.6003834
6.6003804
6.6003769
6.6003728
6.6003679
6.6003621
6.6003552
6.6003467
6.6003364
6.6003239
6.6003084
6.6002881
6.6002604
6.6002206
6.6001584
6.6000457
6.5997884
6.5988405
6.5943841
6.5745082
6.5131836
6.4142381
6.3577991
6.350819
6.3314535
6.2742084
6.2136154
6.195674
6.2632288
6.4140165
6.5066674
6.5435517
6.5507922
6.5464105
6.5498402
6.5545854
6.5317038
6.7616999
6.6004089
6.6004096
6.6004086
6.600406
6.600403
6.6003995
6.6003954
6.6003907
6.600385
6.6003788
6.6003718
6.6003637
6.6003537
6.6003408
6.6003236
6.6002992
6.6002618
6.6001964
6.6000532
6.5994722
6.5962584
6.5803534
6.52562
6.42489
6.3540847
6.3365279
6.3172839
6.2646019
6.2076611
6.1906833
6.2714866
6.4247913
6.516635
6.5539356
6.5628263
6.559582
6.560229
6.5600025
6.5336498
6.7598724
6.6004023
6.6004029
6.6004018
6.6003999
6.6003976
6.6003952
6.6003924
6.6003892
6.6003855
6.6003812
6.6003761
6.6003698
6.600362
6.600352
6.6003387
6.60032
6.6002917
6.6002517
6.6001683
6.5998245
6.5975842
6.5852208
6.5377752
6.4381869
6.3529833
6.3247024
6.3051932
6.2569655
6.2032468
6.1881845
6.2832381
6.4355264
6.525581
6.5623726
6.5721733
6.5702965
6.5691573
6.5646769
6.5354476
6.7583848
6.600355
6.6003556
6.6003545
6.6003529
6.6003511
6.6003492
6.600347
6.6003447
6.6003422
6.6003394
6.6003363
6.6003328
6.6003286
6.6003234
6.6003165
6.6003067
6.6002917
6.6002643
6.6002059
6.5999992
6.5984938
6.5891624
6.5492763
6.453753
6.3552143
6.315359
6.2947447
6.2507906
6.200211
6.1874547
6.2977056
6.4462201
6.533628
6.5691105
6.579252
6.5785921
6.5764247
6.5685383
6.5370026
6.7572119
6.6002883
6.6002888
6.6002877
6.6002863
6.6002847
6.6002831
6.6002813
6.6002794
6.6002775
6.6002755
6.6002733
6.600271
6.6002685
6.6002657
6.6002623
6.6002578
6.6002513
6.6002401
6.6002113
6.6000756
6.5990966
6.5922622
6.5597881
6.4710481
6.3621507
6.3100086
6.2856727
6.2456896
6.1988638
6.1897097
6.3139207
6.4568418
6.5408261
6.574417
6.5845259
6.5847562
6.5820558
6.5716023
6.5383033
6.7563215
6.6002129
6.6002134
6.6002123
6.600211
6.6002095
6.600208
6.6002064
6.6002048
6.6002032
6.6002015
6.6001997
6.6001981
6.6001965
6.6001949
6.6001932
6.6001914
6.6001893
6.6001868
6.600179
6.6000994
6.599479
6.5946264
6.5690557
6.4893166
6.3738245
6.3080781
6.2777548
6.2413245
6.1985288
6.1983822
6.3306191
6.4675461
6.5471884
6.5787392
6.5884202
6.5891895
6.5862233
6.5739463
6.5393732
6.7556561
6.6001342
6.6001347
6.6001336
6.6001323
6.6001309
6.6001295
6.600128
6.6001265
6.600125
6.6001234
6.6001219
6.6001206
6.6001194
6.6001184
6.6001176
6.6001172
6.6001175
6.6001198
6.6001232
6.6000909
6.5997016
6.5963709
6.576927
6.5078311
6.3898141
6.3087694
6.272589
6.2378203
6.1987905
6.2126601
6.3477806
6.4787375
6.5532287
6.5823515
6.5912849
6.5922848
6.5891881
6.5756852
6.5402475
6.755162
6.6000545
6.600055
6.6000539
6.6000526
6.6000513
6.6000499
6.6000485
6.600047
6.6000455
6.6000441
6.6000428
6.6000416
6.6000406
6.6000399
6.6000396
6.6000399
6.6000415
6.6000466
6.6000564
6.6000504
6.5998119
6.5976123
6.5833553
6.5258049
6.4097617
6.3137429
6.2706413
6.2361445
6.2007982
6.2304521
6.3662166
6.4903617
6.5590551
6.5854141
6.5933875
6.5943908
6.5912227
6.5769446
6.5409618
6.7547985
6.599975
6.5999754
6.5999743
6.599973
6.5999717
6.5999704
6.599969
6.5999675
6.5999661
6.5999647
6.5999635
6.5999624
6.5999615
6.599961
6.5999609
6.5999616
6.5999641
6.5999709
6.5999843
6.599993
6.5998556
6.5984598
6.5883918
6.5424377
6.4328832
6.3241417
6.2706643
6.2357037
6.2061838
6.2508826
6.3859449
6.5022517
6.5646421
6.5880209
6.5949261
6.5957911
6.5925734
6.5778426
6.5415478
6.7545348
6.599896
6.5998964
6.5998953
6.599894
6.5998927
6.5998914
6.59989
6.5998886
6.5998872
6.5998859
6.5998846
6.5998836
6.5998828
6.5998823
6.5998824
6.5998834
6.5998865
6.5998945
6.59991
6.599927
6.5998655
6.5990106
6.5921704
6.5570121
6.4577168
6.3398826
6.2743248
6.2376258
6.2157301
6.2738106
6.4066746
6.5141919
6.5699234
6.5902311
6.5960463
6.5967017
6.5934425
6.5784791
6.5420317
6.7543477
6.5998177
6.5998181
6.5998171
6.5998158
6.5998145
6.5998132
6.5998118
6.5998104
6.599809
6.5998077
6.5998065
6.5998055
6.5998047
6.5998043
6.5998045
6.5998057
6.5998093
6.5998183
6.5998348
6.5998564
6.5998404
6.5993417
6.5948785
6.568874
6.4823989
6.3609516
6.2836075
6.2436199
6.2302988
6.2993994
6.4280016
6.5259383
6.574825
6.5920875
6.596855
6.59728
6.5939852
6.5789332
6.5424344
6.7542192
6.5997403
6.5997407
6.5997397
6.5997384
6.5997371
6.5997358
6.5997344
6.599733
6.5997316
6.5997303
6.5997291
6.5997281
6.5997274
6.599727
6.5997273
6.5997287
6.5997328
6.5997426
6.5997596
6.5997835
6.5997914
6.5995094
6.5967286
6.5780488
6.5057914
6.3862563
6.2990877
6.2552069
6.2505689
6.3276017
6.4495404
6.537242
6.5792791
6.5936254
6.5974311
6.5976368
6.5943136
6.5792633
6.5427719
6.7541344
6.5996638
6.5996642
6.5996631
6.5996618
6.5996605
6.5996592
6.5996578
6.5996564
6.5996551
6.5996538
6.5996526
6.5996516
6.5996509
6.5996506
6.5996509
6.5996525
6.5996571
6.5996675
6.5996848
6.5997096
6.5997308
6.5995809
6.5979152
6.5849161
6.5268558
6.4143414
6.3205146
6.2730744
6.2765674
6.3579458
6.4709215
6.547867
6.5832328
6.5948768
6.5978331
6.5978434
6.5945052
6.5795105
6.5430565
6.7540861
6.5995882
6.5995885
6.5995874
6.5995862
6.5995849
6.5995836
6.5995822
6.5995808
6.5995795
6.5995782
6.5995769
6.5995759
6.5995752
6.5995749
6.5995753
6.5995771
6.5995822
6.5995931
6.5996105
6.5996355
6.5996638
6.5996017
6.5986363
6.5898765
6.5449317
6.4435755
6.3471151
6.2973371
6.3076205
6.3896562
6.4916448
6.5576
6.5866542
6.5958736
6.5981053
6.597945
6.5946043
6.5797023
6.5432976
6.7540681
6.5995135
6.5995137
6.5995127
6.5995114
6.5995101
6.5995088
6.5995074
6.599506
6.5995047
6.5995034
6.5995022
6.5995012
6.5995004
6.5995001
6.5995006
6.5995026
6.5995083
6.5995195
6.5995367
6.5995615
6.5995932
6.599586
6.599039
6.5933306
6.5597887
6.472303
6.3775411
6.3272241
6.3425846
6.4216251
6.5111642
6.5662677
6.5895345
6.5966476
6.5982816
6.5979878
6.5946503
6.5798569
6.5435022
6.7540662
6.5994397
6.5994399
6.5994388
6.5994376
6.5994363
6.599435
6.5994336
6.5994322
6.5994308
6.5994295
6.5994283
6.5994273
6.5994265
6.5994262
6.5994267
6.599429
6.5994352
6.5994466
6.5994636
6.5994879
6.5995208
6.5995399
6.5992371
6.5956486
6.5715027
6.4990901
6.4100712
6.3612322
6.3797557
6.4526819
6.5289757
6.5737556
6.591889
6.5972309
6.5983809
6.5979998
6.5946682
6.5799859
6.5436758
6.7540759
6.5993668
6.599367
6.5993659
6.5993647
6.5993634
6.5993621
6.5993607
6.5993593
6.5993579
6.5993566
6.5993553
6.5993543
6.5993535
6.5993532
6.5993538
6.5993563
6.599363
6.5993745
6.5993912
6.5994149
6.5994476
6.5994793
6.5993208
6.5971456
6.5803699
6.5228603
6.4428576
6.3973749
6.4171603
6.4816952
6.5446835
6.5800188
6.5937543
6.5976551
6.5984272
6.5979948
6.5946727
6.5800962
6.5438228
6.7540961
6.5992949
6.599295
6.5992939
6.5992927
6.5992914
6.5992901
6.5992887
6.5992872
6.5992859
6.5992845
6.5992832
6.5992822
6.5992814
6.5992811
6.5992817
6.5992846
6.5992916
6.5993032
6.5993195
6.5993424
6.5993745
6.5994119
6.5993455
6.598072
6.5868173
6.5429656
6.4741715
6.4335113
6.4528804
6.50772
6.5580471
6.5850835
6.5951836
6.5979501
6.5984426
6.5979692
6.5946684
6.5801919
6.5439467
6.754123
6.5992239
6.599224
6.5992229
6.5992216
6.5992203
6.599219
6.5992176
6.5992162
6.5992147
6.5992134
6.5992121
6.599211
6.5992101
6.5992098
6.5992106
6.5992138
6.5992212
6.5992326
6.5992485
6.5992707
6.5993017
6.599341
6.5993335
6.5986126
6.5913201
6.5591885
6.5025976
6.4676679
6.4853308
6.5301201
6.5690011
6.5890379
6.5962406
6.5981438
6.5984431
6.5979318
6.5946549
6.5802752
6.5440505
6.754154
6.5991538
6.5991539
6.5991528
6.5991515
6.5991502
6.5991489
6.5991475
6.599146
6.5991446
6.5991432
6.5991419
6.5991407
6.5991398
6.5991395
6.5991404
6.599144
6.5991516
6.5991628
6.5991782
6.5991996
6.5992294
6.5992687
6.5992898
6.598891
6.5943404
6.5716888
6.5271701
6.4983007
6.513438
6.5486194
6.5776451
6.5920158
6.5969924
6.5982548
6.5984204
6.5978871
6.5946359
6.5803478
6.5441365
6.7541871
6.5990847
6.5990848
6.5990837
6.5990824
6.5990811
6.5990797
6.5990783
6.5990768
6.5990753
6.5990739
6.5990725
6.5990714
6.5990705
6.5990702
6.5990712
6.5990752
6.5990828
6.5990938
6.5991087
6.5991292
6.5991578
6.5991959
6.59923
6.599017
6.5962847
6.5809041
6.54741
6.5244366
6.5366955
6.5632842
6.5842095
6.5941766
6.5975046
6.5983072
6.5983845
6.5978382
6.5946132
6.5804105
6.5442069
6.7542205
6.5990165
6.5990166
6.5990155
6.5990142
6.5990128
6.5990115
6.59901
6.5990085
6.599007
6.5990056
6.5990042
6.5990029
6.599002
6.5990017
6.599003
6.5990072
6.5990149
6.5990256
6.5990399
6.5990597
6.5990869
6.5991234
6.5991628
6.599059
6.5974831
6.587426
6.5632907
6.5456943
6.555109
6.5744467
6.5890066
6.5956854
6.5978354
6.5983247
6.5983408
6.5977868
6.5945878
6.5804644
6.5442635
6.7542533
6.5989493
6.5989493
6.5989482
6.5989469
6.5989455
6.5989442
6.5989427
6.5989411
6.5989396
6.5989381
6.5989367
6.5989354
6.5989345
6.5989343
6.5989357
6.5989403
6.5989479
6.5989582
6.598972
6.5989909
6.5990168
6.5990514
6.5990921
6.5990617
6.5981833
6.5918499
6.5751773
6.5622042
6.5690765
6.5826077
6.5923794
6.5966966
6.5980311
6.5983236
6.5982925
6.5977341
6.5945604
6.58051
6.5443079
6.7542844
6.598883
6.598883
6.5988819
6.5988805
6.5988792
6.5988778
6.5988763
6.5988747
6.5988732
6.5988716
6.5988702
6.5988689
6.5988679
6.5988678
6.5988695
6.5988742
6.5988817
6.5988916
6.5989048
6.5989228
6.5989474
6.5989801
6.5990199
6.5990276
6.5985467
6.5947214
6.5836711
6.574463
6.5792363
6.588341
6.5946592
6.5973441
6.5981284
6.5982986
6.5982408
6.597681
6.5945312
6.5805481
6.5443417
6.7543132
6.5988177
6.5988176
6.5988165
6.5988151
6.5988138
6.5988124
6.5988108
6.5988092
6.5988077
6.5988061
6.5988046
6.5988032
6.5988023
6.5988022
6.5988042
6.5988091
6.5988164
6.5988259
6.5988385
6.5988556
6.5988788
6.5989095
6.5989475
6.598972
6.598713
6.5965027
6.5894674
6.583173
6.5863262
6.5922117
6.5961379
6.5977374
6.5981691
6.5982611
6.598187
6.5976281
6.5945006
6.5805791
6.5443666
6.7543393
6.5987532
6.5987532
6.598752
6.5987507
6.5987493
6.5987479
6.5987463
6.5987447
6.5987431
6.5987415
6.5987399
6.5987385
6.5987376
6.5987376
6.5987399
6.5987448
6.5987519
6.598761
6.598773
6.5987892
6.5988111
6.5988398
6.5988755
6.5989069
6.5987725
6.5975568
6.5932436
6.5890964
6.5910733
6.5947205
6.5970544
6.5979479
6.5981797
6.5982168
6.5981324
6.5975753
6.5944686
6.5806036
6.5443817
6.7543623
6.5986898
6.5986896
6.5986885
6.5986871
6.5986857
6.5986843
6.5986827
6.5986811
6.5986794
6.5986778
6.5986762
6.5986748
6.5986738
6.5986741
6.5986765
6.5986815
6.5986882
6.5986969
6.5987083
6.5987236
6.5987442
6.5987711
6.5988042
6.5988376
6.5987835
6.5981234
6.5955893
6.5929522
6.5941217
6.5962783
6.5975938
6.5980461
6.5981654
6.5981682
6.5980775
6.597523
6.5944354
6.5806223
6.544387
6.7543821
6.5986272
6.5986271
6.5986259
6.5986245
6.5986231
6.5986216
6.5986201
6.5986184
6.5986167
6.598615
6.5986133
6.5986119
6.598611
6.5986115
6.5986142
6.598619
6.5986255
6.5986337
6.5986445
6.5986589
6.5986782
6.5987032
6.5987339
6.5987665
6.5987557
6.598394
6.5969792
6.5953524
6.5959963
6.5972015
6.5978737
6.5980826
6.598133
6.5981174
6.5980227
6.5974712
6.5944012
6.5806361
6.5443873
6.7543986
6.5985656
6.5985654
6.5985642
6.5985628
6.5985614
6.5985599
6.5985583
6.5985566
6.5985548
6.5985531
6.5985514
6.59855
6.5985492
6.5985499
6.5985527
6.5985574
6.5985636
6.5985714
6.5985815
6.598595
6.598613
6.5986363
6.5986647
6.5986953
6.598703
6.5985045
6.5977426
6.5967773
6.5970972
6.5977021
6.5980037
6.59809
6.5980919
6.5980655
6.5979685
6.5974198
6.594366
6.5806435
6.544382
6.7544117
6.5985048
6.5985046
6.5985034
6.598502
6.5985006
6.5984991
6.5984975
6.5984957
6.5984939
6.5984922
6.5984905
6.5984891
6.5984884
6.5984893
6.5984922
6.5984967
6.5985025
6.5985099
6.5985194
6.598532
6.5985488
6.5985704
6.5985965
6.5986245
6.5986399
6.5985357
6.5981178
6.5975664
6.5976848
6.5979453
6.5980536
6.5980704
6.5980459
6.598013
6.5979149
6.5973689
6.5943299
6.5806456
6.5443711
6.7544215
6.598445
6.5984448
6.5984436
6.5984422
6.5984407
6.5984392
6.5984376
6.5984358
6.598434
6.5984322
6.5984304
6.5984291
6.5984286
6.5984296
6.5984325
6.5984368
6.5984424
6.5984493
6.5984581
6.5984699
6.5984855
6.5985055
6.5985293
6.5985548
6.5985724
6.5985259
6.5982803
6.5979569
6.5979679
6.5980493
6.5980655
6.5980355
6.5979969
6.5979608
6.5978621
6.5973186
6.5942931
6.5806445
6.5443551
6.7544278
6.5983861
6.5983859
6.5983847
6.5983833
6.5983818
6.5983802
6.5983785
6.5983767
6.5983749
6.5983731
6.5983713
6.59837
6.5983697
6.598371
6.5983738
6.5983779
6.5983831
6.5983895
6.5983978
6.5984087
6.5984232
6.5984416
6.5984633
6.5984862
6.5985033
6.5984833
6.5983335
6.5981305
6.5980878
6.5980823
6.5980497
6.5979921
6.5979468
6.5979091
6.5978101
6.5972689
6.5942557
6.5806395
6.5443346
6.7544309
6.5983282
6.5983279
6.5983267
6.5983252
6.5983237
6.5983222
6.5983204
6.5983186
6.5983167
6.5983149
6.5983132
6.598312
6.5983118
6.5983132
6.5983159
6.5983198
6.5983247
6.5983307
6.5983383
6.5983484
6.5983618
6.5983786
6.5983984
6.5984188
6.5984342
6.5984252
6.5983412
6.598193
6.5981265
6.5980859
6.5980146
6.5979448
6.5978966
6.5978579
6.5977588
6.5972197
6.5942176
6.5806308
6.54431
6.7544313
6.5982711
6.5982708
6.5982695
6.5982681
6.5982666
6.598265
6.5982632
6.5982614
6.5982595
6.5982576
6.598256
6.5982549
6.5982549
6.5982563
6.598259
6.5982626
6.5982671
6.5982727
6.5982797
6.598289
6.5983013
6.5983167
6.5983346
6.5983527
6.5983659
6.598361
6.5983111
6.5982062
6.5981318
6.5980587
6.5979702
6.5978957
6.5978465
6.5978074
6.5977083
6.5971711
6.5941791
6.5806188
6.5442817
6.7544283
6.5982149
6.5982146
6.5982133
6.5982119
6.5982103
6.5982087
6.5982069
6.598205
6.5982031
6.5982013
6.5981997
6.5981987
6.5981989
6.5982004
6.5982029
6.5982062
6.5982104
6.5982156
6.598222
6.5982306
6.5982418
6.5982558
6.5982719
6.5982877
6.5982988
6.5982948
6.5982594
6.5981834
6.5981038
6.5980156
6.5979213
6.5978461
6.5977969
6.5977576
6.5976585
6.597123
6.5941402
6.5806036
6.5442501
6.7544222
6.5981596
6.5981593
6.598158
6.5981565
6.598155
6.5981533
6.5981515
6.5981496
6.5981477
6.5981459
6.5981444
6.5981436
6.5981439
6.5981453
6.5981476
6.5981507
6.5981546
6.5981593
6.5981652
6.598173
6.5981832
6.5981959
6.5982102
6.5982241
6.598233
6.5982285
6.5981995
6.5981371
6.5980576
6.5979654
6.5978708
6.5977966
6.5977479
6.5977085
6.5976095
6.5970755
6.5941009
6.5805857
6.5442154
6.7544133
6.5981052
6.5981049
6.5981036
6.5981021
6.5981005
6.5980989
6.598097
6.5980951
6.5980932
6.5980914
6.59809
6.5980894
6.5980898
6.5980912
6.5980933
6.5980961
6.5980997
6.598104
6.5981093
6.5981163
6.5981255
6.5981369
6.5981497
6.5981616
6.5981685
6.5981631
6.5981367
6.5980813
6.598004
6.5979123
6.5978199
6.5977475
6.5976995
6.5976602
6.5975613
6.5970287
6.5940614
6.5805652
6.544178
6.7544015
6.5980517
6.5980513
6.59805
6.5980485
6.5980469
6.5980453
6.5980434
6.5980415
6.5980396
6.5980379
6.5980367
6.5980362
6.5980366
6.5980378
6.5980398
6.5980424
6.5980456
6.5980495
6.5980542
6.5980605
6.5980688
6.598079
6.5980902
6.5981003
6.5981053
6.5980988
6.5980734
6.5980219
6.5979475
6.5978586
6.5977693
6.597699
6.5976518
6.5976126
6.5975138
6.5969824
6.5940217
6.5805423
6.544138
6.7543869
6.597999
6.5979987
6.5979974
6.5979958
6.5979942
6.5979926
6.5979907
6.5979888
6.5979869
6.5979854
6.5979842
6.5979839
6.5979843
6.5979854
6.5979871
6.5979895
6.5979924
6.5979958
6.5980001
6.5980056
6.598013
6.598022
6.5980318
6.5980402
6.5980435
6.598036
6.5980109
6.5979619
6.5978906
6.5978052
6.5977193
6.5976512
6.5976048
6.5975657
6.5974671
6.5969367
6.5939818
6.5805173
6.5440957
6.7543694
6.5979473
6.5979469
6.5979456
6.597944
6.5979424
6.5979407
6.5979389
6.597937
6.5979352
6.5979338
6.5979328
6.5979325
6.5979329
6.5979338
6.5979353
6.5979374
6.59794
6.5979431
6.5979468
6.5979516
6.5979581
6.597966
6.5979744
6.5979813
6.5979831
6.5979745
6.5979495
6.5979024
6.5978341
6.5977524
6.59767
6.5976041
6.5975585
6.5975196
6.5974211
6.5968917
6.5939418
6.5804903
6.5440513
6.7543493
6.5978964
6.597896
6.5978947
6.5978931
6.5978915
6.5978898
6.597888
6.5978862
6.5978845
6.5978831
6.5978822
6.597882
6.5978823
6.5978831
6.5978844
6.5978862
6.5978885
6.5978911
6.5978943
6.5978985
6.5979041
6.597911
6.5979181
6.5979236
6.5979239
6.5979144
6.5978894
6.5978439
6.5977786
6.5977005
6.5976215
6.5975577
6.5975129
6.5974742
6.5973759
6.5968472
6.5939018
6.5804615
6.5440049
6.7543263
6.5978464
6.597846
6.5978447
6.5978431
6.5978415
6.5978399
6.5978381
6.5978363
6.5978347
6.5978335
6.5978326
6.5978323
6.5978325
6.5978332
6.5978343
6.5978359
6.5978378
6.5978401
6.5978427
6.5978463
6.5978511
6.5978569
6.5978629
6.597867
6.597866
6.5978558
6.5978308
6.5977867
6.5977241
6.5976495
6.5975738
6.597512
6.597468
6.5974296
6.5973314
6.5968034
6.5938617
6.580431
6.5439568
6.7543006
6.5977973
6.5977969
6.5977956
6.597794
6.5977924
6.5977908
6.5977891
6.5977874
6.5977859
6.5977847
6.5977839
6.5977836
6.5977836
6.5977841
6.597785
6.5977864
6.597788
6.5977899
6.597792
6.597795
6.597799
6.5978038
6.5978086
6.5978116
6.5978094
6.5977984
6.5977734
6.5977307
6.5976707
6.5975994
6.5975269
6.597467
6.5974239
6.5973857
6.5972877
6.5967602
6.5938218
6.5803991
6.5439069
6.754272
6.5977491
6.5977487
6.5977474
6.5977459
6.5977443
6.5977427
6.597741
6.5977394
6.597738
6.5977369
6.5977361
6.5977356
6.5977356
6.5977359
6.5977366
6.5977377
6.597739
6.5977405
6.5977422
6.5977445
6.5977478
6.5977517
6.5977555
6.5977572
6.5977541
6.5977424
6.5977175
6.597676
6.5976185
6.5975503
6.5974808
6.5974228
6.5973805
6.5973425
6.5972447
6.5967177
6.5937819
6.5803658
6.5438556
6.7542405
6.5977018
6.5977014
6.5977001
6.5976986
6.597697
6.5976955
6.5976939
6.5976923
6.597691
6.5976899
6.5976891
6.5976886
6.5976884
6.5976885
6.597689
6.5976899
6.5976909
6.597692
6.5976932
6.597695
6.5976975
6.5977006
6.5977033
6.597704
6.5976999
6.5976876
6.5976628
6.5976226
6.5975674
6.5975022
6.5974355
6.5973793
6.5973378
6.5973001
6.5972024
6.5966758
6.5937421
6.5803314
6.5438027
6.754206
6.5976555
6.5976551
6.5976538
6.5976523
6.5976508
6.5976492
6.5976477
6.5976462
6.5976449
6.5976438
6.5976429
6.5976423
6.597642
6.597642
6.5976423
6.5976429
6.5976436
6.5976443
6.5976451
6.5976463
6.5976481
6.5976504
6.5976522
6.5976518
6.5976469
6.5976341
6.5976095
6.5975705
6.5975175
6.597455
6.5973911
6.5973366
6.5972958
6.5972584
6.5971609
6.5966345
6.5937026
6.5802958
6.5437486
6.7541683
6.59761
6.5976096
6.5976084
6.5976069
6.5976054
6.5976039
6.5976024
6.597601
6.5975997
6.5975986
6.5975976
6.5975969
6.5975965
6.5975963
6.5975964
6.5975967
6.5975972
6.5975975
6.5975978
6.5975984
6.5975996
6.5976011
6.597602
6.5976008
6.5975951
6.5975818
6.5975574
6.5975195
6.5974686
6.5974088
6.5973474
6.5972946
6.5972546
6.5972175
6.5971201
6.5965938
6.5936632
6.5802592
6.5436932
6.7541273
6.5975656
6.5975652
6.5975639
6.5975625
6.597561
6.5975595
6.5975581
6.5975566
6.5975553
6.5975542
6.5975531
6.5975523
6.5975517
6.5975514
6.5975513
6.5975514
6.5975515
6.5975515
6.5975514
6.5975515
6.597552
6.5975528
6.5975529
6.5975508
6.5975444
6.5975307
6.5975065
6.5974698
6.5974208
6.5973635
6.5973046
6.5972533
6.5972141
6.5971773
6.5970801
6.5965538
6.593624
6.5802218
6.5436366
6.7540827
6.597522
6.5975216
6.5975204
6.5975189
6.5975175
6.5975161
6.5975146
6.5975131
6.5975118
6.5975106
6.5975095
6.5975085
6.5975078
6.5975073
6.597507
6.5975069
6.5975068
6.5975064
6.5975058
6.5975054
6.5975054
6.5975054
6.5975047
6.5975019
6.5974948
6.5974808
6.5974568
6.5974211
6.597374
6.5973191
6.5972625
6.5972128
6.5971744
6.5971378
6.5970407
6.5965145
6.5935851
6.5801836
6.5435789
6.7540343
6.5974794
6.597479
6.5974777
6.5974763
6.5974749
6.5974734
6.597472
6.5974705
6.5974691
6.5974678
6.5974666
6.5974656
6.5974647
6.597464
6.5974636
6.5974632
6.5974628
6.5974621
6.5974611
6.5974602
6.5974596
6.5974589
6.5974575
6.597454
6.5974463
6.597432
6.5974083
6.5973737
6.5973283
6.5972756
6.5972213
6.5971731
6.5971353
6.5970991
6.5970021
6.5964758
6.5935465
6.5801447
6.5435201
6.7539818
6.5974377
6.5974373
6.597436
6.5974346
6.5974331
6.5974317
6.5974302
6.5974287
6.5974272
6.5974259
6.5974246
6.5974234
6.5974225
6.5974216
6.5974209
6.5974203
6.5974196
6.5974186
6.5974173
6.5974159
6.5974147
6.5974134
6.5974113
6.5974071
6.5973989
6.5973843
6.597361
6.5973273
6.5972836
6.597233
6.5971808
6.597134
6.597097
6.597061
6.5969642
6.5964378
6.5935083
6.5801052
6.5434603
6.7539248
6.5973968
6.5973964
6.5973951
6.5973937
6.5973922
6.5973907
6.5973892
6.5973877
6.5973862
6.5973847
6.5973834
6.5973821
6.597381
6.59738
6.5973791
6.5973783
6.5973773
6.597376
6.5973742
6.5973724
6.5973706
6.5973688
6.5973661
6.5973612
6.5973525
6.5973378
6.5973147
6.597282
6.5972399
6.5971913
6.5971411
6.5970958
6.5970594
6.5970238
6.596927
6.5964004
6.5934703
6.5800652
6.5433995
6.7538629
6.5973568
6.5973563
6.597355
6.5973536
6.5973521
6.5973506
6.5973491
6.5973474
6.5973459
6.5973444
6.5973429
6.5973416
6.5973403
6.5973391
6.5973381
6.5973371
6.5973358
6.5973341
6.597332
6.5973297
6.5973275
6.5973251
6.5973218
6.5973164
6.5973072
6.5972923
6.5972695
6.5972377
6.5971971
6.5971504
6.5971022
6.5970582
6.5970226
6.5969872
6.5968906
6.5963636
6.5934327
6.5800247
6.5433376
6.7537956
6.5973176
6.5973171
6.5973158
6.5973143
6.5973128
6.5973113
6.5973097
6.597308
6.5973064
6.5973049
6.5973033
6.5973018
6.5973004
6.5972991
6.5972979
6.5972966
6.5972951
6.5972931
6.5972906
6.5972879
6.5972852
6.5972823
6.5972784
6.5972725
6.5972629
6.5972479
6.5972254
6.5971945
6.5971553
6.5971104
6.597064
6.5970214
6.5969865
6.5969514
6.5968548
6.5963275
6.5933955
6.5799839
6.5432748
6.7537223
6.5972792
6.5972787
6.5972774
6.5972759
6.5972743
6.5972728
6.5972711
6.5972694
6.5972678
6.5972661
6.5972645
6.5972629
6.5972614
6.5972599
6.5972585
6.597257
6.5972552
6.5972529
6.5972501
6.597247
6.5972438
6.5972403
6.5972359
6.5972295
6.5972196
6.5972045
6.5971824
6.5971523
6.5971145
6.5970713
6.5970266
6.5969853
6.5969511
6.5969162
6.5968198
6.5962921
6.5933587
6.5799427
6.5432109
6.7536423
6.5972416
6.597241
6.5972397
6.5972382
6.5972366
6.597235
6.5972334
6.5972316
6.5972299
6.5972282
6.5972264
6.5972247
6.5972231
6.5972214
6.5972198
6.5972181
6.5972161
6.5972135
6.5972104
6.5972069
6.5972032
6.5971993
6.5971944
6.5971875
6.5971773
6.5971621
6.5971404
6.5971111
6.5970745
6.597033
6.59699
6.59695
6.5969164
6.5968818
6.5967854
6.5962573
6.5933223
6.5799013
6.543146
6.7535549
6.5972047
6.5972042
6.5972029
6.5972013
6.5971997
6.5971981
6.5971964
6.5971946
6.5971928
6.597191
6.5971892
6.5971873
6.5971856
6.5971838
6.597182
6.5971801
6.5971778
6.597175
6.5971715
6.5971676
6.5971635
6.5971591
6.5971538
6.5971465
6.597136
6.5971208
6.5970993
6.5970708
6.5970355
6.5969955
6.5969541
6.5969153
6.5968824
6.5968482
6.5967518
6.5962232
6.5932864
6.5798596
6.54308
6.7534591
6.5971687
6.5971682
6.5971668
6.5971652
6.5971636
6.5971619
6.5971602
6.5971583
6.5971565
6.5971546
6.5971527
6.5971507
6.5971488
6.5971469
6.597145
6.5971429
6.5971404
6.5971372
6.5971334
6.5971291
6.5971247
6.5971199
6.5971141
6.5971064
6.5970957
6.5970804
6.5970593
6.5970315
6.5969974
6.5969589
6.5969189
6.5968814
6.5968492
6.5968152
6.5967189
6.5961898
6.5932509
6.5798177
6.5430128
6.7533539
6.5971335
6.5971329
6.5971315
6.5971299
6.5971282
6.5971265
6.5971247
6.5971228
6.5971209
6.597119
6.597117
6.5971149
6.5971129
6.5971108
6.5971087
6.5971064
6.5971037
6.5971002
6.5970961
6.5970915
6.5970867
6.5970814
6.5970753
6.5970673
6.5970563
6.597041
6.5970202
6.5969932
6.5969602
6.596923
6.5968845
6.5968482
6.5968167
6.5967829
6.5966867
6.596157
6.5932158
6.5797757
6.5429444
6.753238
6.597099
6.5970984
6.597097
6.5970953
6.5970936
6.5970919
6.5970901
6.5970881
6.5970861
6.5970841
6.597082
6.5970799
6.5970777
6.5970755
6.5970732
6.5970707
6.5970677
6.597064
6.5970596
6.5970547
6.5970495
6.5970439
6.5970373
6.597029
6.5970178
6.5970026
6.5969821
6.5969558
6.5969239
6.596888
6.5968508
6.5968157
6.5967848
6.5967514
6.5966551
6.5961248
6.5931813
6.5797336
6.5428747
6.7531101
6.5970652
6.5970646
6.5970632
6.5970615
6.5970598
6.5970581
6.5970562
6.5970542
6.5970521
6.5970501
6.5970479
6.5970456
6.5970434
6.597041
6.5970385
6.5970358
6.5970326
6.5970287
6.597024
6.5970187
6.5970132
6.5970072
6.5970003
6.5969917
6.5969803
6.5969651
6.5969449
6.5969193
6.5968884
6.5968538
6.5968179
6.596784
6.5967537
6.5967206
6.5966243
6.5960934
6.5931472
6.5796914
6.5428036
6.7529686
6.5970323
6.5970316
6.5970302
6.5970285
6.5970268
6.597025
6.5970231
6.597021
6.5970189
6.5970168
6.5970145
6.5970121
6.5970097
6.5970072
6.5970046
6.5970017
6.5969983
6.5969941
6.5969891
6.5969835
6.5969777
6.5969713
6.5969641
6.5969552
6.5969437
6.5969285
6.5969087
6.5968837
6.5968538
6.5968204
6.5967858
6.5967529
6.5967233
6.5966904
6.5965942
6.5960626
6.5931136
6.5796491
6.5427308
6.7528115
6.5970001
6.5969994
6.5969979
6.5969962
6.5969945
6.5969926
6.5969907
6.5969886
6.5969864
6.5969842
6.5969819
6.5969794
6.5969769
6.5969742
6.5969714
6.5969684
6.5969647
6.5969603
6.596955
6.5969492
6.596943
6.5969363
6.5969288
6.5969196
6.596908
6.5968929
6.5968734
6.596849
6.59682
6.5967877
6.5967544
6.5967225
6.5966936
6.596661
6.5965648
6.5960324
6.5930805
6.5796068
6.5426563
6.7526367
6.5969686
6.5969679
6.5969665
6.5969647
6.5969629
6.5969611
6.5969591
6.5969569
6.5969547
6.5969524
6.59695
6.5969474
6.5969448
6.596942
6.596939
6.5969358
6.5969319
6.5969273
6.5969217
6.5969156
6.5969091
6.5969022
6.5968943
6.5968849
6.5968732
6.5968581
6.5968389
6.5968151
6.596787
6.5967559
6.5967236
6.5966928
6.5966646
6.5966323
6.5965361
6.596003
6.5930479
6.5795644
6.5425798
6.7524417
6.5969379
6.5969372
6.5969357
6.596934
6.5969322
6.5969303
6.5969282
6.596926
6.5969238
6.5969214
6.5969189
6.5969162
6.5969135
6.5969105
6.5969074
6.596904
6.5968999
6.596895
6.5968893
6.5968829
6.5968761
6.5968688
6.5968607
6.5968511
6.5968392
6.5968243
6.5968054
6.5967822
6.5967549
6.5967248
6.5966937
6.5966638
6.5966363
6.5966043
6.5965081
6.5959742
6.5930159
6.579522
6.5425011
6.7522236
6.596908
6.5969073
6.5969057
6.596904
6.5969021
6.5969002
6.5968981
6.5968959
6.5968936
6.5968911
6.5968885
6.5968858
6.5968829
6.5968798
6.5968766
6.5968729
6.5968687
6.5968636
6.5968575
6.5968509
6.5968438
6.5968363
6.5968279
6.5968181
6.5968062
6.5967913
6.5967727
6.5967501
6.5967236
6.5966945
6.5966644
6.5966355
6.5966087
6.596577
6.5964808
6.595946
6.5929843
6.5794795
6.5424198
6.7519792
6.5968788
6.596878
6.5968765
6.5968747
6.5968728
6.5968709
6.5968688
6.5968665
6.5968641
6.5968616
6.5968589
6.5968561
6.5968531
6.5968499
6.5968465
6.5968427
6.5968382
6.5968329
6.5968266
6.5968197
6.5968124
6.5968046
6.596796
6.596786
6.596774
6.5967592
6.5967409
6.5967188
6.5966931
6.5966649
6.5966359
6.5966079
6.5965817
6.5965504
6.5964542
6.5959186
6.5929533
6.579437
6.5423358
6.7517045
6.5968503
6.5968496
6.596848
6.5968462
6.5968443
6.5968423
6.5968401
6.5968378
6.5968354
6.5968328
6.5968301
6.5968271
6.596824
6.5968207
6.5968171
6.5968131
6.5968085
6.596803
6.5967965
6.5967893
6.5967818
6.5967737
6.5967649
6.5967548
6.5967427
6.5967279
6.5967099
6.5966884
6.5966634
6.5966361
6.596608
6.5965809
6.5965555
6.5965244
6.5964283
6.5958918
6.5929228
6.5793943
6.5422486
6.7513952
6.5968226
6.5968218
6.5968202
6.5968184
6.5968165
6.5968144
6.5968123
6.5968099
6.5968074
6.5968048
6.5968019
6.5967989
6.5967957
6.5967922
6.5967885
6.5967844
6.5967796
6.5967738
6.5967671
6.5967597
6.5967519
6.5967436
6.5967346
6.5967243
6.5967122
6.5966975
6.5966798
6.5966587
6.5966345
6.5966081
6.5965809
6.5965546
6.5965298
6.5964992
6.596403
6.5958657
6.5928928
6.5793516
6.5421577
6.7510462
6.5967956
6.5967948
6.5967932
6.5967913
6.5967894
6.5967873
6.5967851
6.5967827
6.5967802
6.5967775
6.5967746
6.5967714
6.5967681
6.5967645
6.5967607
6.5967564
6.5967514
6.5967454
6.5967385
6.5967309
6.5967229
6.5967144
6.5967051
6.5966947
6.5966825
6.596668
6.5966505
6.5966299
6.5966064
6.5965808
6.5965545
6.596529
6.5965049
6.5964746
6.5963785
6.5958402
6.5928633
6.5793087
6.5420628
6.7506517
6.5967693
6.5967685
6.5967669
6.596765
6.596763
6.596761
6.5967587
6.5967562
6.5967537
6.5967509
6.5967479
6.5967447
6.5967413
6.5967376
6.5967336
6.5967291
6.5967239
6.5967178
6.5967107
6.5967029
6.5966946
6.5966859
6.5966765
6.5966659
6.5966537
6.5966392
6.5966221
6.5966019
6.5965791
6.5965542
6.5965288
6.5965041
6.5964806
6.5964507
6.5963546
6.5958154
6.5928343
6.5792656
6.5419631
6.750205
6.5967438
6.596743
6.5967413
6.5967394
6.5967374
6.5967353
6.596733
6.5967305
6.5967279
6.5967251
6.596722
6.5967187
6.5967151
6.5967113
6.5967072
6.5967026
6.5966972
6.5966909
6.5966836
6.5966756
6.5966671
6.5966582
6.5966486
6.5966379
6.5966257
6.5966113
6.5965944
6.5965747
6.5965525
6.5965284
6.5965037
6.5964798
6.5964569
6.5964274
6.5963314
6.5957912
6.5928058
6.5792222
6.5418582
6.7496987
6.596719
6.5967181
6.5967165
6.5967145
6.5967125
6.5967104
6.5967081
6.5967055
6.5967028
6.5966999
6.5966968
6.5966934
6.5966898
6.5966858
6.5966816
6.5966768
6.5966713
6.5966648
6.5966573
6.596649
6.5966404
6.5966312
6.5966215
6.5966107
6.5965984
6.5965842
6.5965676
6.5965483
6.5965267
6.5965033
6.5964794
6.5964562
6.5964338
6.5964048
6.5963088
6.5957677
6.5927777
6.5791785
6.5417471
6.7491239
6.5966948
6.596694
6.5966923
6.5966904
6.5966883
6.5966862
6.5966838
6.5966812
6.5966785
6.5966755
6.5966723
6.5966688
6.5966651
6.5966611
6.5966566
6.5966517
6.5966461
6.5966394
6.5966317
6.5966233
6.5966144
6.5966051
6.5965952
6.5965843
6.596572
6.5965579
6.5965415
6.5965227
6.5965016
6.5964789
6.5964557
6.5964332
6.5964115
6.5963828
6.5962869
6.5957448
6.5927501
6.5791343
6.5416292
6.7484711
6.5966714
6.5966705
6.5966689
6.5966669
6.5966648
6.5966626
6.5966603
6.5966576
6.5966548
6.5966518
6.5966485
6.596645
6.5966412
6.596637
6.5966325
6.5966274
6.5966216
6.5966147
6.5966068
6.5965982
6.5965892
6.5965797
6.5965697
6.5965587
6.5965464
6.5965324
6.5965162
6.5964978
6.5964772
6.5964553
6.5964328
6.5964109
6.5963897
6.5963614
6.5962656
6.5957225
6.5927229
6.5790896
6.5415034
6.747729
6.5966487
6.5966478
6.5966461
6.5966441
6.596642
6.5966398
6.5966374
6.5966347
6.5966319
6.5966288
6.5966255
6.5966218
6.5966179
6.5966136
6.596609
6.5966038
6.5965978
6.5965908
6.5965827
6.5965739
6.5965647
6.5965551
6.5965449
6.5965339
6.5965215
6.5965076
6.5964917
6.5964736
6.5964536
6.5964323
6.5964104
6.5963892
6.5963686
6.5963406
6.5962449
6.5957008
6.592696
6.5790442
6.5413685
6.7468854
6.5966266
6.5966257
6.596624
6.596622
6.5966199
6.5966176
6.5966152
6.5966125
6.5966096
6.5966065
6.596603
6.5965993
6.5965953
6.5965909
6.5965862
6.5965808
6.5965747
6.5965675
6.5965593
6.5965504
6.596541
6.5965312
6.5965209
6.5965098
6.5964974
6.5964836
6.5964679
6.5964502
6.5964307
6.59641
6.5963888
6.5963681
6.596348
6.5963203
6.5962248
6.5956795
6.5926694
6.5789977
6.5412229
6.7459264
6.5966049
6.596604
6.5966023
6.5966003
6.5965982
6.5965959
6.5965935
6.5965907
6.5965878
6.5965846
6.5965811
6.5965774
6.5965733
6.5965688
6.5965639
6.5965585
6.5965522
6.5965449
6.5965365
6.5965274
6.5965179
6.596508
6.5964975
6.5964863
6.596474
6.5964603
6.5964448
6.5964275
6.5964085
6.5963882
6.5963676
6.5963476
6.5963279
6.5963006
6.596205
6.5956586
6.5926428
6.5789499
6.5410648
6.7448368
6.5965835
6.5965826
6.5965809
6.5965789
6.5965768
6.5965745
6.596572
6.5965692
6.5965663
6.5965631
6.5965595
6.5965557
6.5965515
6.596547
6.596542
6.5965365
6.5965301
6.5965227
6.5965142
6.596505
6.5964953
6.5964853
6.5964747
6.5964635
6.5964512
6.5964375
6.5964223
6.5964053
6.5963867
6.596367
6.5963469
6.5963273
6.5963081
6.596281
6.5961854
6.5956377
6.5926159
6.5789001
6.5408914
6.7436002
6.5965617
6.5965608
6.5965591
6.596557
6.5965549
6.5965526
6.5965502
6.5965474
6.5965444
6.5965412
6.5965377
6.5965338
6.5965296
6.5965251
6.5965201
6.5965144
6.596508
6.5965005
6.596492
6.5964826
6.5964729
6.5964628
6.5964522
6.5964409
6.5964286
6.5964151
6.5964
6.5963833
6.5963651
6.5963458
6.5963261
6.5963069
6.596288
6.5962611
6.5961654
6.5956163
6.592588
6.5788472
6.5406987
6.7421991
6.5965381
6.5965372
6.5965355
6.5965335
6.5965314
6.5965291
6.5965266
6.5965239
6.596521
6.5965178
6.5965143
6.5965105
6.5965063
6.5965018
6.5964969
6.5964913
6.5964849
6.5964775
6.5964689
6.5964597
6.5964499
6.5964398
6.5964293
6.596418
6.5964058
6.5963923
6.5963774
6.5963609
6.5963429
6.5963239
6.5963044
6.5962854
6.5962666
6.5962396
6.5961436
6.595593
6.5925575
6.5787891
6.5404807
6.7406155
6.5965099
6.5965089
6.5965073
6.5965053
6.5965033
6.5965011
6.5964987
6.5964961
6.5964933
6.5964902
6.5964869
6.5964832
6.5964793
6.596475
6.5964703
6.5964649
6.5964588
6.5964516
6.5964433
6.5964342
6.5964247
6.5964148
6.5964044
6.5963933
6.5963812
6.5963678
6.596353
6.5963365
6.5963186
6.5962995
6.59628
6.5962607
6.5962415
6.5962142
6.5961174
6.5955648
6.5925215
6.5787217
6.5402283
6.738832
6.5964713
6.5964704
6.5964688
6.596467
6.596465
6.596463
6.5964609
6.5964585
6.5964559
6.5964532
6.5964502
6.596447
6.5964435
6.5964398
6.5964356
6.5964308
6.5964253
6.5964188
6.5964112
6.5964027
6.5963938
6.5963844
6.5963745
6.5963637
6.5963518
6.5963386
6.5963237
6.5963071
6.5962888
6.5962691
6.5962488
6.5962285
6.5962082
6.5961797
6.5960816
6.5955263
6.5924739
6.5786383
6.5399267
6.7368333
6.5964118
6.5964109
6.5964094
6.5964078
6.5964061
6.5964044
6.5964027
6.5964007
6.5963988
6.5963967
6.5963945
6.5963922
6.5963896
6.5963869
6.5963839
6.5963805
6.5963763
6.5963711
6.5963649
6.5963579
6.5963503
6.5963421
6.5963332
6.5963232
6.5963118
6.5962987
6.5962836
6.5962664
6.5962469
6.5962257
6.5962033
6.5961807
6.5961579
6.596127
6.5960262
6.5954671
6.5924039
6.5785262
6.5395537
6.7346092
6.596312
6.5963113
6.59631
6.5963087
6.5963075
6.5963064
6.5963054
6.5963044
6.5963035
6.5963026
6.5963018
6.5963011
6.5963005
6.5962998
6.5962991
6.596298
6.5962965
6.596294
6.5962906
6.5962863
6.5962813
6.5962755
6.5962685
6.5962601
6.5962497
6.5962369
6.5962213
6.5962026
6.5961809
6.5961563
6.5961298
6.5961025
6.5960749
6.5960393
6.5959337
6.5953687
6.592292
6.5783638
6.5390768
6.7321596
6.5961402
6.5961397
6.5961387
6.596138
6.5961377
6.5961377
6.5961379
6.5961385
6.5961394
6.5961407
6.5961424
6.5961446
6.5961472
6.5961501
6.5961534
6.5961567
6.5961598
6.5961623
6.5961638
6.5961645
6.5961643
6.5961629
6.5961598
6.5961543
6.5961457
6.5961335
6.596117
6.5960958
6.5960697
6.5960391
6.5960051
6.5959695
6.5959333
6.5958895
6.5957757
6.5952016
6.5921074
6.5781175
6.5384509
6.7295038
6.5958488
6.5958485
6.5958481
6.5958484
6.5958494
6.5958511
6.5958534
6.5958565
6.5958605
6.5958653
6.5958711
6.595878
6.5958859
6.5958948
6.5959047
6.5959153
6.5959262
6.5959369
6.595947
6.5959562
6.5959643
6.5959705
6.595974
6.5959738
6.5959687
6.5959578
6.5959399
6.5959146
6.5958813
6.5958408
6.5957946
6.5957453
6.5956949
6.5956379
6.5955107
6.5949228
6.5918053
6.5777397
6.5376209
6.7266966
6.5953771
6.5953772
6.5953775
6.5953793
6.5953823
6.5953865
6.5953921
6.595399
6.5954075
6.5954177
6.5954297
6.5954437
6.5954598
6.5954779
6.595498
6.5955198
6.5955429
6.5955665
6.59559
6.5956128
6.5956342
6.5956529
6.5956675
6.5956762
6.5956772
6.595669
6.5956499
6.5956188
6.5955752
6.5955199
6.5954554
6.5953855
6.595314
6.5952367
6.5950897
6.5944811
6.5913325
6.5771753
6.536535
6.7238563
6.5946713
6.5946717
6.5946731
6.5946769
6.5946826
6.5946904
6.5947002
6.5947124
6.5947272
6.5947448
6.5947655
6.5947894
6.5948169
6.5948479
6.5948824
6.5949202
6.5949606
6.5950029
6.595046
6.5950888
6.5951301
6.5951678
6.5951996
6.5952227
6.5952344
6.595232
6.5952132
6.595176
6.5951198
6.5950455
6.5949568
6.5948593
6.5947591
6.5946537
6.5944794
6.5938413
6.5906519
6.5763876
6.5351827
6.7212115
6.59374
6.5937403
6.5937427
6.593749
6.593758
6.5937701
6.5937852
6.5938039
6.5938264
6.5938531
6.5938844
6.5939208
6.5939625
6.5940098
6.5940627
6.5941211
6.5941842
6.5942511
6.5943206
6.594391
6.5944603
6.5945256
6.5945834
6.5946298
6.5946604
6.5946712
6.5946585
6.5946199
6.5945533
6.5944604
6.5943456
6.5942169
6.5940828
6.5939427
6.5937336
6.5930557
6.589813
6.5754294
6.5336918
6.7194917
6.5929638
6.5929624
6.5929652
6.5929738
6.5929859
6.5930019
6.593022
6.5930467
6.5930764
6.5931118
6.5931533
6.5932017
6.5932574
6.5933209
6.5933925
6.5934721
6.5935592
6.5936527
6.5937513
6.5938529
6.5939549
6.5940537
6.5941445
6.5942222
6.5942813
6.5943163
6.5943219
6.5942949
6.5942322
6.5941347
6.5940074
6.5938594
6.5937011
6.5935327
6.5932923
6.592573
6.5892746
6.5747885
6.5327946
6.7192828
6.5930322
6.5930277
6.5930299
6.5930393
6.5930526
6.5930702
6.5930922
6.5931194
6.5931522
6.5931914
6.5932376
6.5932918
6.5933546
6.5934269
6.5935092
6.593602
6.5937049
6.5938174
6.5939384
6.5940662
6.5941983
6.5943309
6.5944592
6.5945773
6.5946788
6.594757
6.5948047
6.5948167
6.5947886
6.5947179
6.5946082
6.5944676
6.5943069
6.5941252
6.593863
6.5931026
6.5897475
6.5751876
6.5333657
6.7221265
6.5957678
6.5957561
6.5957549
6.595762
6.5957723
6.5957863
6.5958038
6.5958256
6.5958523
6.5958848
6.5959237
6.5959701
6.5960252
6.5960898
6.5961654
6.596253
6.5963534
6.596467
6.5965939
6.5967344
6.596887
6.5970496
6.5972191
6.5973905
6.5975581
6.5977147
6.5978517
6.5979606
6.5980327
6.5980597
6.5980381
6.5979702
6.5978633
6.5977106
6.5974583
6.5966711
6.5932693
6.578696
6.537897
6.7308667
6.6050048
6.6049802
6.6049711
6.6049696
6.604969
6.6049693
6.60497
6.6049714
6.6049744
6.6049798
6.6049877
6.6049997
6.6050174
6.6050416
6.6050752
6.60512
6.605179
6.6052549
6.6053505
6.6054705
6.605617
6.6057929
6.606
6.6062378
6.6065041
6.6067932
6.6070957
6.6073979
6.6076825
6.6079287
6.6081167
6.6082346
6.6082797
6.6082312
6.6080481
6.6072664
6.6038427
6.5893483
6.550852
6.7504539
6.6280184
6.6279733
6.6279495
6.62793
6.627906
6.6278774
6.6278421
6.6277999
6.6277519
6.6276986
6.6276391
6.627575
6.6275089
6.6274409
6.6273763
6.6273184
6.6272734
6.627248
6.6272504
6.6272937
6.627387
6.6275435
6.6277757
6.6280927
6.6285013
6.629
6.6295794
6.6302182
6.6308825
6.631529
6.6321079
6.6325796
6.6329231
6.6330894
6.6330667
6.6323429
6.6289366
6.6146315
6.5801487
6.7888033
6.677862
6.677787
6.6777396
6.6776895
6.6776256
6.6775479
6.6774518
6.6773353
6.6772001
6.6770465
6.6768714
6.6766759
6.6764645
6.6762357
6.6759981
6.6757568
6.6755237
6.6753114
6.675136
6.6750257
6.6750005
6.6750908
6.6753285
6.6757393
6.6763458
6.6771551
6.6781585
6.6793232
6.6805874
6.6818715
6.6830764
6.6841174
6.6849464
6.6854657
6.6857226
6.685122
6.6817775
6.6677585
6.6393129
6.8588739
6.7772663
6.7771525
6.7770714
6.7769759
6.7768533
6.7767044
6.7765201
6.7762949
6.776032
6.7757322
6.7753875
6.7749989
6.7745732
6.7741067
6.7736119
6.7730963
6.7725802
6.7720836
6.7716342
6.7712819
6.7710624
6.7710337
6.7712538
6.7717746
6.7726436
6.7738799
6.7754764
6.7773834
6.7794971
6.7816844
6.7837748
6.7856188
6.787136
6.7881481
6.7888167
6.7884058
6.7851526
6.7714453
6.751122
6.9824638
6.965815
6.9656543
6.965529
6.9653731
6.9651728
6.9649317
6.9646328
6.964265
6.9638347
6.9633442
6.9627776
6.9621357
6.961429
6.9606502
6.959817
6.9589392
6.9580484
6.9571741
6.956358
6.9556798
6.9551953
6.9549972
6.9551839
6.9558363
6.9570389
6.9588264
6.9611928
6.9640656
6.9672829
6.9706396
6.97387
6.9767391
6.9791372
6.9807573
6.9819642
6.9817972
6.978622
6.9651411
6.9548441
7.1976135
7.3168584
7.3166452
7.3164658
7.3162355
7.3159405
7.3155904
7.3151557
7.3146162
7.3139847
7.313267
7.3124343
7.3114877
7.3104436
7.3092891
7.3080485
7.3067329
7.305389
7.3040569
7.302794
7.3017182
7.3009086
7.3005007
7.3006437
7.3014565
7.3030654
7.3055273
7.3088354
7.3128871
7.3174448
7.3222133
7.3268066
7.3308847
7.3343248
7.336617
7.3384691
7.3385714
7.33539
7.3218995
7.3230726
7.5759763
7.9846643
7.9843951
7.9841515
7.9838344
7.9834297
7.982959
7.982373
7.9816379
7.9807775
7.9798045
7.9786692
7.9773756
7.975947
7.9743627
7.9726559
7.9708355
7.9689689
7.9671068
7.9653224
7.9637817
7.9625889
7.9619314
7.9620186
7.9630197
7.9651078
7.9683677
7.9727902
7.9782359
7.9843695
7.9907875
7.9969535
8.0024012
8.0070285
8.0100042
8.0125991
8.0129559
8.0095823
7.9956132
8.0091984
8.2715319
9.3802209
9.3798895
9.3795669
9.3791464
9.3786121
9.3780055
9.377247
9.3762827
9.3751552
9.3738861
9.372394
9.37069
9.3688039
9.3667032
9.3644348
9.3619973
9.3594877
9.3569668
9.3545235
9.3523876
9.3506913
9.34969
9.3496712
9.3508735
9.3535335
9.3577733
9.3635826
9.3707757
9.3788835
9.3873644
9.3954753
9.4025849
9.4086644
9.4123532
9.4158638
9.4164094
9.4124939
9.3969734
9.4241441
9.7011486
13.30199
13.301549
13.301091
13.300502
13.299752
13.29892
13.29787
13.296518
13.294937
13.293157
13.291039
13.288613
13.285908
13.282865
13.279562
13.275963
13.272221
13.268414
13.264649
13.26128
13.258488
13.256666
13.256255
13.257641
13.2612
13.267145
13.275476
13.285928
13.29777
13.310196
13.322028
13.332316
13.34115
13.346114
13.351361
13.351943
13.346537
13.325483
13.372411
13.708029
)
;

boundaryField
{
    piston
    {
        type            calculated;
        value           nonuniform List<scalar> 
40
(
45.018436
45.018436
45.018436
45.018436
45.018436
45.018436
45.018437
45.018437
45.018437
45.018437
45.018437
45.018437
45.018437
45.018438
45.018438
45.018438
45.018439
45.018439
45.018439
45.01844
45.01844
45.01844
45.01844
45.018439
45.018438
45.018436
45.018434
45.018433
45.018431
45.018429
45.018429
45.018429
45.018429
45.018429
45.018429
45.018428
45.018428
45.018429
45.018429
45.018429
)
;
    }
    cylinderHead
    {
        type            calculated;
        value           nonuniform List<scalar> 
40
(
41.589871
41.589871
41.589871
41.589871
41.589871
41.589871
41.589871
41.589871
41.589871
41.589871
41.589871
41.589871
41.589871
41.58987
41.58987
41.58987
41.58987
41.58987
41.58987
41.58987
41.58987
41.58987
41.589871
41.589871
41.589871
41.589871
41.589871
41.589872
41.589872
41.589872
41.589873
41.589873
41.589873
41.589874
41.589874
41.589874
41.589874
41.589875
41.589875
41.589875
)
;
    }
    cylinderWall
    {
        type            calculated;
        value           nonuniform List<scalar> 
120
(
50.785729
50.785732
50.785734
50.785736
50.785738
50.78574
50.785743
50.785745
50.785747
50.785749
50.785751
50.785753
50.785755
50.785757
50.785759
50.785761
50.785764
50.785766
50.785768
50.78577
50.785772
50.785774
50.785776
50.785778
50.78578
50.785782
50.785784
50.785786
50.785788
50.785789
50.785791
50.785793
50.785795
50.785797
50.785798
50.7858
50.785802
50.785803
50.785805
50.785807
50.785808
50.78581
50.785811
50.785813
50.785815
50.785816
50.785818
50.785819
50.78582
50.785822
50.785823
50.785825
50.785826
50.785827
50.785829
50.78583
50.785831
50.785832
50.785834
50.785835
50.785836
50.785837
50.785838
50.785839
50.78584
50.785841
50.785842
50.785844
50.785845
50.785845
50.785846
50.785847
50.785848
50.785849
50.78585
50.785851
50.785852
50.785853
50.785853
50.785854
50.785855
50.785856
50.785856
50.785857
50.785858
50.785858
50.785859
50.78586
50.78586
50.785861
50.785862
50.785862
50.785863
50.785863
50.785864
50.785864
50.785864
50.785865
50.785865
50.785866
50.785866
50.785866
50.785867
50.785867
50.785867
50.785868
50.785868
50.785868
50.785868
50.785869
50.785869
50.785869
50.785869
50.785869
50.785869
50.785869
50.785869
50.785869
50.785869
50.785869
)
;
    }
    wedgeFront
    {
        type            wedge;
    }
    wedgeBack
    {
        type            wedge;
    }
    axis
    {
        type            empty;
    }
}


// ************************************************************************* //
