/*--------------------------------*- C++ -*----------------------------------*\
  =========                 |
  \\      /  F ield         | OpenFOAM: The Open Source CFD Toolbox
   \\    /   O peration     | Website:  https://openfoam.org
    \\  /    A nd           | Version:  13
     \\/     M anipulation  |
\*---------------------------------------------------------------------------*/
FoamFile
{
    format      ascii;
    class       volScalarField;
    location    "30";
    object      T;
}
// * * * * * * * * * * * * * * * * * * * * * * * * * * * * * * * * * * * * * //

dimensions      [0 0 0 1 0 0 0];

internalField   nonuniform List<scalar> 
4800
(
1796.365
1795.7928
1795.7369
1795.6846
1795.5956
1795.4758
1795.314
1795.1128
1794.8516
1794.522
1794.1091
1793.58
1792.902
1792.0327
1790.8997
1789.4077
1787.426
1784.7806
1781.2862
1776.9555
1773.0682
1774.5902
1791.1251
1818.0836
1828.6775
1788.7934
1666.832
1563.5856
1588.5018
1706.2295
1804.078
1856.2968
1863.5791
1860.0607
1862.2906
1887.8105
1941.276
2012.4215
2094.6333
2150.3723
2308.4886
2307.6389
2307.5403
2307.465
2307.3338
2307.1558
2306.9167
2306.6181
2306.2333
2305.7488
2305.142
2304.3675
2303.3775
2302.1091
2300.4594
2298.2905
2295.4135
2291.5811
2286.55
2280.4499
2275.5441
2279.519
2304.6482
2338.2237
2340.0573
2260.8944
2084.9168
1951.743
2004.0269
2187.7118
2330.5
2396.1551
2403.1903
2398.4868
2402.8704
2436.0653
2500.3074
2581.7456
2667.7666
2719.2213
2710.3119
2709.3365
2709.2014
2709.1225
2708.981
2708.7855
2708.5229
2708.1931
2707.7696
2707.2366
2706.5676
2705.7147
2704.6243
2703.2245
2701.4012
2698.999
2695.8029
2691.5327
2685.9316
2679.277
2674.629
2681.2181
2710.2688
2739.4072
2718.5545
2594.7004
2390.0192
2268.2898
2360.8248
2595.3774
2758.5895
2816.6622
2820.6057
2814.2444
2818.7306
2849.5836
2904.6526
2968.6744
3013.7506
3006.9213
2979.2349
2978.3196
2978.1706
2978.1099
2977.9956
2977.8324
2977.6112
2977.3313
2976.9719
2976.5186
2975.9475
2975.2181
2974.2829
2973.077
2971.4998
2969.4117
2966.618
2962.8656
2957.9459
2952.2782
2949.1885
2957.7701
2985.3616
3002.752
2955.5892
2807.7008
2608.3841
2523.5423
2651.058
2902.6117
3053.4098
3094.1596
3093.1622
3084.0895
3085.6232
3106.8102
3142.8164
3173.1288
3183.6208
3136.0813
3141.9672
3141.2109
3141.0646
3141.0324
3140.964
3140.8584
3140.7116
3140.5239
3140.2819
3139.9755
3139.5876
3139.0902
3138.45
3137.6205
3136.5309
3135.0824
3133.1374
3130.5241
3127.1413
3123.6035
3123.0329
3133.4237
3157.0428
3161.842
3095.2439
2942.1886
2775.7608
2730.1067
2877.8982
3116.1333
3235.839
3260.5774
3254.0032
3241.474
3238.6357
3248.5456
3263.4596
3272.655
3263.4177
3189.6175
3232.0853
3231.6077
3231.5008
3231.5001
3231.4842
3231.4496
3231.3962
3231.3259
3231.2329
3231.1132
3230.959
3230.7569
3230.4915
3230.1404
3229.6691
3229.0294
3228.1558
3226.9836
3225.5766
3224.7897
3227.5628
3239.4984
3259.342
3254.9613
3180.055
3036.0214
2910.2426
2896.6347
3050.2403
3256.1421
3342.4302
3354.4345
3342.3014
3327.8323
3320.3589
3319.9679
3322.0542
3319.5647
3300.3294
3210.6101
3277.0922
3276.795
3276.7179
3276.7349
3276.7491
3276.7563
3276.7584
3276.7588
3276.7564
3276.7514
3276.7427
3276.7278
3276.7046
3276.6703
3276.6211
3276.5544
3276.4774
3276.4428
3276.7064
3278.1312
3283.6334
3299.2105
3318.6393
3310.0043
3234.7656
3108.7414
3019.8362
3029.7721
3177.8004
3345.2159
3402.7566
3404.1913
3386.0483
3371.2053
3361.2964
3354.9798
3349.6229
3340.9804
3317.7229
3218.639
3298.5576
3298.3745
3298.3198
3298.3453
3298.3745
3298.4034
3298.435
3298.4729
3298.5187
3298.5747
3298.6436
3298.7283
3298.8341
3298.9689
3299.1451
3299.3856
3299.738
3300.3182
3301.4425
3303.9774
3311.128
3329.0492
3351.5991
3343.4446
3273.5652
3168.8093
3108.7369
3135.321
3270.6863
3400.8912
3436.9118
3428.5249
3406.2844
3391.7383
3381.2146
3371.6952
3361.9977
3350.368
3326.2869
3221.7935
3308.0696
3307.9541
3307.9146
3307.9433
3307.9788
3308.0176
3308.0629
3308.1185
3308.1871
3308.2721
3308.3777
3308.5098
3308.6771
3308.8929
3309.178
3309.568
3310.1302
3311.0072
3312.4887
3315.6054
3323.6594
3343.0668
3368.834
3364.4579
3303.7964
3219.3501
3180.944
3218.0718
3337.7443
3435.9895
3456.4997
3439.5256
3414.34
3400.2975
3390.2676
3379.2727
3367.0963
3354.1526
3331.2572
3223.1683
3311.7401
3311.6607
3311.6304
3311.6595
3311.6965
3311.7385
3311.7886
3311.8506
3311.9276
3312.0234
3312.143
3312.2934
3312.4846
3312.7315
3313.059
3313.5083
3314.1534
3315.1262
3316.7569
3320.1218
3328.5865
3348.8113
3377.5586
3378.8157
3328.5948
3262.1364
3239.4284
3282.4033
3385.9907
3458.741
3468.1484
3443.6733
3416.4925
3402.8306
3393.7362
3382.2958
3368.8119
3355.3687
3334.8108
3223.8793
3312.755
3312.6993
3312.6766
3312.7035
3312.7382
3312.7784
3312.827
3312.8874
3312.963
3313.0575
3313.1765
3313.3273
3313.5211
3313.7745
3314.1115
3314.5748
3315.2369
3316.2293
3317.8974
3321.3275
3329.9113
3350.4408
3381.6498
3389.2833
3349.6509
3298.1578
3286.6476
3332.1557
3420.8467
3474.1894
3475.5308
3444.5969
3415.3959
3402.9028
3394.5404
3383.1213
3369.1071
3355.5221
3337.6764
3224.459
3312.815
3312.7808
3312.7652
3312.7888
3312.8193
3312.8553
3312.8991
3312.9536
3313.0217
3313.1068
3313.2137
3313.3489
3313.5223
3313.7483
3314.051
3314.4683
3315.0585
3315.9614
3317.5177
3320.8019
3329.2509
3350.0633
3383.0565
3397.1835
3367.7557
3328.3603
3324.6883
3370.5333
3446.1933
3485.5222
3480.3969
3442.9589
3409.8867
3398.3704
3392.7849
3382.592
3367.8122
3354.2377
3340.0726
3225.0228
3311.9239
3311.9084
3311.9006
3311.918
3311.9407
3311.9679
3312.0014
3312.0431
3312.0955
3312.1612
3312.2441
3312.3496
3312.4856
3312.6644
3312.9059
3313.2361
3313.716
3314.4666
3315.7984
3318.7244
3326.6455
3347.2955
3382.9615
3403.1402
3383.3745
3353.5913
3355.334
3400.2018
3464.8993
3494.3812
3483.808
3439.0699
3402.0241
3390.7381
3387.813
3379.8949
3365.2431
3352.0187
3342.0586
3225.6002
3310.9656
3310.9585
3310.9547
3310.9669
3310.9829
3311.0022
3311.026
3311.0558
3311.0932
3311.1402
3311.1995
3311.2753
3311.3733
3311.5028
3311.6766
3311.9192
3312.2789
3312.8546
3313.9103
3316.352
3323.4206
3343.2277
3380.7077
3407.4619
3396.8191
3374.5946
3380.0935
3423.2084
3479.0179
3501.67
3486.5177
3434.0863
3393.2813
3381.2469
3380.2902
3375.3206
3361.7149
3349.1712
3343.6452
3226.2071
3310.2346
3310.2314
3310.2297
3310.2379
3310.2485
3310.2614
3310.2773
3310.2972
3310.3221
3310.3534
3310.3929
3310.4435
3310.5092
3310.5962
3310.713
3310.8805
3311.1332
3311.5466
3312.3321
3314.2602
3320.2984
3338.6741
3376.8731
3410.0896
3408.2052
3392.1894
3400.1379
3441.1027
3489.9551
3507.9398
3488.782
3428.586
3384.6114
3371.0732
3370.9904
3369.0415
3357.3514
3345.8891
3344.782
3226.8601
3309.7604
3309.7589
3309.7584
3309.7636
3309.7702
3309.7783
3309.7882
3309.8007
3309.8162
3309.8357
3309.8603
3309.8919
3309.9332
3309.9876
3310.0635
3310.1741
3310.3419
3310.6219
3311.1749
3312.6255
3317.5837
3334.0936
3371.9135
3411.2027
3417.6514
3407.0128
3416.4331
3455.0762
3498.5899
3513.3508
3490.0364
3422.859
3376.5351
3361.1923
3360.8825
3361.3876
3352.2671
3342.3726
3345.3216
3227.5826
3309.5107
3309.5099
3309.51
3309.5131
3309.517
3309.5217
3309.5275
3309.5346
3309.5434
3309.5543
3309.5682
3309.5859
3309.6089
3309.6396
3309.6827
3309.7463
3309.8484
3310.0276
3310.3988
3311.444
3315.3722
3329.7599
3366.2122
3411.2384
3425.3548
3419.5673
3429.7602
3466.0252
3505.4778
3518.0296
3490.456
3417.0564
3369.2529
3352.2461
3350.9586
3352.9174
3346.6113
3338.8746
3345.4666
3228.4093
3309.3939
3309.3935
3309.3938
3309.3958
3309.3983
3309.4012
3309.4047
3309.409
3309.4142
3309.4207
3309.4288
3309.4391
3309.4521
3309.4697
3309.4939
3309.5294
3309.5856
3309.6861
3309.9157
3310.64
3313.6509
3325.827
3360.0306
3409.3486
3431.4577
3430.2522
3440.7507
3474.6239
3510.9827
3522.0901
3489.9774
3411.26
3362.7713
3344.5333
3341.9952
3344.4355
3340.6769
3335.5478
3345.0543
3229.3863
3309.3474
3309.347
3309.3475
3309.349
3309.3508
3309.3528
3309.3553
3309.3582
3309.3617
3309.3659
3309.3711
3309.3774
3309.3852
3309.3954
3309.4092
3309.4292
3309.4604
3309.5169
3309.646
3310.1214
3312.3584
3322.3722
3353.6539
3405.387
3435.6169
3439.3929
3449.9124
3481.3888
3515.3379
3525.5175
3487.4916
3405.5039
3357.0117
3338.0891
3334.3995
3336.6313
3334.8842
3332.4699
3344.1441
3230.3946
3309.3348
3309.3345
3309.335
3309.3363
3309.3378
3309.3395
3309.3416
3309.344
3309.3468
3309.35
3309.3535
3309.3575
3309.3626
3309.369
3309.3777
3309.3899
3309.4087
3309.4415
3309.5133
3309.8047
3311.4173
3319.4211
3347.2626
3399.7412
3437.6254
3447.15
3457.6507
3486.7274
3518.7099
3528.3598
3482.8996
3399.7928
3351.8771
3332.8005
3328.2855
3329.9316
3329.6032
3329.7182
3343.1482
3231.268
3309.3382
3309.3379
3309.3385
3309.3395
3309.3406
3309.3418
3309.3432
3309.3449
3309.3467
3309.3489
3309.3514
3309.3546
3309.3585
3309.3635
3309.3702
3309.3796
3309.3938
3309.4139
3309.4557
3309.6281
3310.752
3316.9677
3341.0394
3392.7198
3438.2215
3453.5953
3464.2811
3490.983
3521.2139
3529.7846
3476.3857
3394.1217
3347.2821
3328.5157
3323.5521
3324.5015
3325.078
3327.3474
3342.2287
3231.9794
3309.3621
3309.3618
3309.3623
3309.3631
3309.364
3309.365
3309.3661
3309.3673
3309.3685
3309.3699
3309.3715
3309.3732
3309.3754
3309.378
3309.3815
3309.3864
3309.3939
3309.4077
3309.437
3309.5406
3310.2957
3314.9836
3335.1724
3384.5369
3437.0146
3458.7049
3470.0314
3494.4317
3522.9381
3530.2011
3468.3997
3388.4913
3343.1596
3325.1018
3319.9763
3320.3094
3321.4037
3325.3915
3341.4338
3232.5405
3309.3956
3309.3954
3309.3959
3309.3967
3309.3974
3309.3983
3309.3992
3309.4001
3309.4011
3309.4021
3309.4032
3309.4043
3309.4056
3309.407
3309.4087
3309.411
3309.4143
3309.4199
3309.4344
3309.5024
3309.9934
3313.4249
3329.8279
3375.4911
3433.2675
3461.6377
3475.0398
3497.2858
3523.7039
3528.9152
3459.4924
3382.9173
3339.4806
3322.4181
3317.3174
3317.2013
3318.5623
3323.8412
3340.7692
3232.9667
3309.4335
3309.4333
3309.4338
3309.4345
3309.4352
3309.436
3309.4368
3309.4376
3309.4384
3309.4393
3309.4402
3309.441
3309.4418
3309.4427
3309.4435
3309.4444
3309.4455
3309.4467
3309.4507
3309.4906
3309.8017
3312.2372
3325.1304
3365.9887
3426.9794
3462.6972
3479.4228
3499.7319
3523.8945
3523.9778
3450.3674
3377.3184
3336.2355
3320.2354
3315.3567
3314.9696
3316.4625
3322.6561
3340.2227
3233.2852
3309.4731
3309.4729
3309.4734
3309.4741
3309.4748
3309.4755
3309.4763
3309.477
3309.4778
3309.4786
3309.4793
3309.48
3309.4806
3309.4811
3309.4815
3309.4817
3309.4816
3309.4805
3309.4787
3309.4949
3309.6902
3311.3613
3321.1509
3356.4126
3418.404
3462.3179
3482.2884
3501.698
3523.7458
3515.8791
3441.0393
3371.4845
3333.1606
3318.4135
3313.9159
3313.4132
3314.9704
3321.7776
3339.7763
3233.5218
3309.5132
3309.513
3309.5135
3309.5142
3309.5148
3309.5155
3309.5162
3309.517
3309.5177
3309.5184
3309.5191
3309.5197
3309.5202
3309.5206
3309.5208
3309.5206
3309.5198
3309.5173
3309.5123
3309.5154
3309.6349
3310.7383
3317.9081
3347.1683
3407.7658
3459.5906
3483.3701
3502.6391
3522.605
3505.8391
3431.0745
3365.4464
3330.1998
3316.8703
3312.8592
3312.3552
3313.9473
3321.1416
3339.4117
3233.696
3309.5532
3309.553
3309.5535
3309.5542
3309.5548
3309.5555
3309.5562
3309.5569
3309.5576
3309.5583
3309.559
3309.5595
3309.56
3309.5603
3309.5603
3309.5599
3309.5587
3309.5553
3309.5486
3309.5443
3309.6131
3310.3132
3315.3718
3338.6589
3395.5175
3453.9021
3483.3574
3502.8868
3519.5483
3494.3807
3420.4749
3359.2924
3327.3657
3315.558
3312.0864
3311.6521
3313.2684
3320.6884
3339.1127
3233.8224
3309.5929
3309.5927
3309.5932
3309.5939
3309.5945
3309.5952
3309.5959
3309.5966
3309.5973
3309.598
3309.5986
3309.5992
3309.5996
3309.5998
3309.5998
3309.5993
3309.5977
3309.5937
3309.586
3309.5774
3309.6083
3310.037
3313.4715
3331.2381
3382.4599
3445.3267
3481.3253
3501.8075
3514.143
3481.6104
3409.4076
3353.1351
3324.6911
3314.4462
3311.524
3311.1951
3312.8318
3320.3672
3338.8659
3233.912
3309.6322
3309.6321
3309.6326
3309.6332
3309.6339
3309.6345
3309.6352
3309.6359
3309.6366
3309.6373
3309.6379
3309.6384
3309.6388
3309.639
3309.6389
3309.6383
3309.6365
3309.632
3309.6237
3309.6129
3309.6209
3309.871
3312.111
3325.2227
3369.581
3433.9151
3476.1825
3498.4458
3505.9258
3467.4679
3398.0959
3347.0998
3322.2127
3313.5129
3311.1182
3310.9049
3312.5593
3320.1381
3338.6605
3233.9737
3309.6712
3309.671
3309.6715
3309.6721
3309.6728
3309.6735
3309.6742
3309.6749
3309.6755
3309.6762
3309.6768
3309.6773
3309.6777
3309.6779
3309.6778
3309.6771
3309.675
3309.6701
3309.6615
3309.6496
3309.6456
3309.787
3311.1821
3320.5849
3357.4653
3420.3087
3467.6398
3491.9655
3494.5564
3452.0135
3386.7478
3341.3123
3319.9637
3312.7402
3310.8292
3310.726
3312.3945
3319.9717
3338.4884
3234.0144
3309.7096
3309.7095
3309.71
3309.7106
3309.7113
3309.7119
3309.7126
3309.7134
3309.714
3309.7147
3309.7153
3309.7158
3309.7162
3309.7163
3309.7162
3309.7154
3309.7131
3309.7079
3309.6992
3309.6867
3309.6761
3309.7512
3310.5867
3317.122
3346.6297
3405.333
3455.8844
3482.0195
3480.0816
3435.5384
3375.5575
3335.8906
3317.9699
3312.1117
3310.6276
3310.6225
3312.2983
3319.8471
3338.3433
3234.0376
3309.7477
3309.7475
3309.748
3309.7487
3309.7493
3309.75
3309.7507
3309.7514
3309.7521
3309.7527
3309.7533
3309.7538
3309.7542
3309.7544
3309.7542
3309.7533
3309.7507
3309.7452
3309.7365
3309.724
3309.7098
3309.7409
3310.2251
3314.6252
3337.3871
3389.8834
3441.4011
3468.6039
3462.9489
3418.4888
3364.7818
3330.9395
3316.2465
3311.6112
3310.4912
3310.5716
3312.2487
3319.7504
3338.2204
3234.0464
3309.7852
3309.7851
3309.7856
3309.7863
3309.7869
3309.7876
3309.7883
3309.789
3309.7897
3309.7903
3309.7909
3309.7914
3309.7918
3309.792
3309.7918
3309.7907
3309.7879
3309.7823
3309.7736
3309.7612
3309.7453
3309.7488
3310.0231
3312.8888
3329.8284
3374.8374
3424.9829
3452.2199
3443.8592
3401.4706
3354.6949
3326.5427
3314.7971
3311.2228
3310.4028
3310.5502
3312.2257
3319.6725
3338.1161
3234.0474
3309.8223
3309.8222
3309.8228
3309.8234
3309.8241
3309.8247
3309.8254
3309.8261
3309.8268
3309.8275
3309.8281
3309.8286
3309.829
3309.8291
3309.8289
3309.8277
3309.8246
3309.8189
3309.8104
3309.7982
3309.7817
3309.772
3309.9238
3311.7246
3323.8929
3360.9275
3407.6018
3433.7639
3423.794
3385.0994
3345.5432
3322.7537
3313.6132
3310.9301
3310.3531
3310.5443
3312.2168
3319.6076
3338.0277
3234.0429
3309.859
3309.8589
3309.8594
3309.8601
3309.8607
3309.8614
3309.8621
3309.8628
3309.8635
3309.8642
3309.8648
3309.8653
3309.8657
3309.8659
3309.8656
3309.8643
3309.861
3309.8551
3309.8468
3309.8349
3309.8184
3309.8025
3309.882
3310.9733
3319.414
3348.6799
3390.2613
3414.3646
3403.8374
3369.9471
3337.5137
3319.591
3312.676
3310.7174
3310.33
3310.5469
3312.2147
3319.552
3337.9528
3234.0333
3309.8952
3309.8951
3309.8956
3309.8963
3309.8969
3309.8976
3309.8983
3309.899
3309.8997
3309.9004
3309.901
3309.9016
3309.902
3309.9021
3309.9018
3309.9003
3309.8968
3309.891
3309.8828
3309.8713
3309.8552
3309.8364
3309.8696
3310.5084
3316.1649
3338.3902
3373.8636
3395.1865
3384.9954
3356.4706
3330.7128
3317.038
3311.9581
3310.5695
3310.3224
3310.5599
3312.2169
3319.5039
3337.8897
3234.0206
3309.9309
3309.9308
3309.9314
3309.932
3309.9327
3309.9333
3309.934
3309.9348
3309.9355
3309.9362
3309.9368
3309.9374
3309.9378
3309.9379
3309.9376
3309.9359
3309.9322
3309.9265
3309.9186
3309.9074
3309.8918
3309.872
3309.8758
3310.2373
3313.8996
3330.1334
3359.1149
3377.2562
3368.0582
3344.9572
3325.1589
3315.0473
3311.4276
3310.4724
3310.3223
3310.5788
3312.2238
3319.4619
3337.8369
3234.0058
3309.9661
3309.9661
3309.9666
3309.9673
3309.9679
3309.9686
3309.9693
3309.97
3309.9708
3309.9715
3309.9721
3309.9727
3309.9731
3309.9733
3309.9729
3309.971
3309.9672
3309.9616
3309.9539
3309.9431
3309.9281
3309.9084
3309.8978
3310.0977
3312.3819
3323.7991
3346.4691
3361.3361
3353.5243
3335.508
3320.7892
3313.5499
3311.0503
3310.4168
3310.3337
3310.6013
3312.2335
3319.4255
3337.7931
3233.9901
3310.0009
3310.0008
3310.0014
3310.002
3310.0027
3310.0034
3310.0041
3310.0049
3310.0056
3310.0063
3310.007
3310.0076
3310.008
3310.0082
3310.0077
3310.0057
3310.0018
3309.9963
3309.9888
3309.9785
3309.9641
3309.945
3309.9279
3310.0346
3311.4056
3319.1448
3336.1243
3347.8712
3341.5926
3328.0554
3317.4785
3312.4642
3310.7933
3310.3906
3310.3519
3310.626
3312.245
3319.3939
3337.7574
3233.9742
3310.0352
3310.0351
3310.0357
3310.0363
3310.037
3310.0377
3310.0384
3310.0392
3310.0399
3310.0407
3310.0414
3310.042
3310.0425
3310.0426
3310.042
3310.0398
3310.036
3310.0306
3310.0234
3310.0135
3309.9998
3309.9814
3309.9616
3310.0136
3310.8042
3315.8588
3328.0522
3336.9988
3332.206
3322.405
3315.0634
3311.7066
3310.6274
3310.3819
3310.3739
3310.6519
3312.2578
3319.3668
3337.7286
3233.9586
3310.069
3310.069
3310.0695
3310.0702
3310.0709
3310.0715
3310.0723
3310.0731
3310.0738
3310.0746
3310.0753
3310.0759
3310.0764
3310.0765
3310.0758
3310.0735
3310.0697
3310.0645
3310.0576
3310.0481
3310.035
3310.0177
3309.9972
3310.0124
3310.453
3313.6336
3322.0359
3328.6033
3325.1211
3318.286
3313.3674
3311.1991
3310.5294
3310.3826
3310.3982
3310.6784
3312.2717
3319.3439
3337.7061
3233.9438
3310.1023
3310.1023
3310.1029
3310.1036
3310.1042
3310.1049
3310.1057
3310.1065
3310.1073
3310.108
3310.1088
3310.1094
3310.1099
3310.11
3310.1091
3310.1067
3310.103
3310.098
3310.0913
3310.0823
3310.0699
3310.0535
3310.0335
3310.0296
3310.2707
3312.1908
3317.7501
3322.3969
3319.9865
3315.3985
3312.2221
3310.8742
3310.4806
3310.3953
3310.4243
3310.7051
3312.2865
3319.3248
3337.6889
3233.9301
3310.1352
3310.1352
3310.1358
3310.1365
3310.1371
3310.1378
3310.1386
3310.1394
3310.1402
3310.141
3310.1418
3310.1424
3310.1429
3310.1429
3310.1419
3310.1395
3310.1358
3310.131
3310.1247
3310.1161
3310.1044
3310.089
3310.0699
3310.0576
3310.1874
3311.2965
3314.8318
3318.0012
3316.4128
3313.4519
3311.4797
3310.6769
3310.4603
3310.4142
3310.4513
3310.7318
3312.302
3319.3093
3337.6763
3233.9177
3310.1676
3310.1676
3310.1682
3310.1689
3310.1696
3310.1703
3310.1711
3310.1719
3310.1727
3310.1735
3310.1743
3310.175
3310.1755
3310.1754
3310.1743
3310.1718
3310.1683
3310.1637
3310.1576
3310.1495
3310.1385
3310.124
3310.1061
3310.0903
3310.1577
3310.7675
3312.9334
3315.0185
3314.0243
3312.1915
3311.0197
3310.5714
3310.4551
3310.4365
3310.4788
3310.7584
3312.3181
3319.297
3337.6687
3233.9068
3310.1995
3310.1996
3310.2002
3310.2008
3310.2015
3310.2023
3310.203
3310.2039
3310.2047
3310.2055
3310.2063
3310.207
3310.2075
3310.2074
3310.2061
3310.2037
3310.2003
3310.1959
3310.1902
3310.1825
3310.1721
3310.1586
3310.1419
3310.1251
3310.1522
3310.4834
3311.7552
3313.0799
3312.4923
3311.4094
3310.7491
3310.5222
3310.4624
3310.461
3310.5065
3310.7847
3312.3349
3319.2877
3337.6661
3233.8974
3310.231
3310.2311
3310.2316
3310.2323
3310.233
3310.2338
3310.2346
3310.2354
3310.2363
3310.2371
3310.2379
3310.2386
3310.2391
3310.2389
3310.2375
3310.2351
3310.2318
3310.2277
3310.2223
3310.215
3310.2053
3310.1927
3310.1773
3310.1609
3310.1663
3310.3476
3311.0576
3311.8743
3311.551
3310.9461
3310.6088
3310.504
3310.4787
3310.4865
3310.5341
3310.8109
3312.3522
3319.2809
3337.6661
3233.8896
3310.262
3310.2621
3310.2627
3310.2634
3310.2641
3310.2648
3310.2656
3310.2665
3310.2674
3310.2682
3310.2691
3310.2698
3310.2702
3310.2698
3310.2684
3310.2661
3310.2629
3310.259
3310.2539
3310.2471
3310.2381
3310.2263
3310.2121
3310.1967
3310.1928
3310.2923
3310.6746
3311.159
3310.9985
3310.6949
3310.5436
3310.5004
3310.4994
3310.5127
3310.5614
3310.8367
3312.37
3319.2772
3337.6688
3233.8834
3310.2925
3310.2926
3310.2932
3310.2939
3310.2947
3310.2954
3310.2962
3310.2971
3310.298
3310.2989
3310.2997
3310.3004
3310.3008
3310.3003
3310.2989
3310.2966
3310.2936
3310.2899
3310.2852
3310.2788
3310.2703
3310.2595
3310.2464
3310.2323
3310.2245
3310.2768
3310.4864
3310.7631
3310.7037
3310.573
3310.5187
3310.5103
3310.5226
3310.5391
3310.5883
3310.8623
3312.3882
3319.2762
3337.6745
3233.8789
3310.3226
3310.3227
3310.3233
3310.324
3310.3248
3310.3255
3310.3264
3310.3273
3310.3282
3310.3291
3310.3299
3310.3306
3310.3309
3310.3303
3310.3289
3310.3267
3310.3239
3310.3204
3310.316
3310.31
3310.3022
3310.2921
3310.2801
3310.2673
3310.2585
3310.2817
3310.405
3310.5672
3310.5617
3310.5209
3310.5128
3310.5279
3310.5473
3310.5654
3310.6149
3310.8877
3312.4067
3319.2769
3337.6828
3233.8759
3310.3522
3310.3524
3310.353
3310.3537
3310.3544
3310.3552
3310.3561
3310.357
3310.3579
3310.3588
3310.3597
3310.3603
3310.3605
3310.3598
3310.3584
3310.3564
3310.3537
3310.3505
3310.3463
3310.3408
3310.3335
3310.3243
3310.3133
3310.3018
3310.2932
3310.3032
3310.3783
3310.4802
3310.5016
3310.5045
3310.5208
3310.5498
3310.5725
3310.5915
3310.6411
3310.9127
3312.4256
3319.2795
3337.6933
3233.8745
3310.3814
3310.3815
3310.3822
3310.3829
3310.3836
3310.3844
3310.3853
3310.3862
3310.3871
3310.3881
3310.3889
3310.3895
3310.3896
3310.3889
3310.3875
3310.3856
3310.3831
3310.3801
3310.3762
3310.3711
3310.3644
3310.3559
3310.346
3310.3357
3310.328
3310.3324
3310.3746
3310.4489
3310.4823
3310.5028
3310.5385
3310.5736
3310.5978
3310.6172
3310.667
3310.9375
3312.4448
3319.284
3337.706
3233.8744
3310.4101
3310.4103
3310.4109
3310.4116
3310.4124
3310.4132
3310.4141
3310.415
3310.4159
3310.4169
3310.4177
3310.4182
3310.4182
3310.4175
3310.4162
3310.4144
3310.4121
3310.4093
3310.4057
3310.401
3310.3948
3310.3871
3310.3781
3310.369
3310.3623
3310.3647
3310.3898
3310.4424
3310.4797
3310.5165
3310.5609
3310.5983
3310.623
3310.6426
3310.6924
3310.962
3312.4643
3319.2901
3337.7205
3233.876
3310.4384
3310.4385
3310.4392
3310.4399
3310.4407
3310.4415
3310.4424
3310.4433
3310.4443
3310.4452
3310.446
3310.4465
3310.4464
3310.4456
3310.4444
3310.4427
3310.4406
3310.438
3310.4347
3310.4304
3310.4248
3310.4177
3310.4096
3310.4016
3310.3961
3310.398
3310.4158
3310.4539
3310.4939
3310.5382
3310.5855
3310.6233
3310.648
3310.6677
3310.7175
3310.9862
3312.4839
3319.2978
3337.7367
3233.8789
3310.4662
3310.4664
3310.467
3310.4678
3310.4685
3310.4693
3310.4702
3310.4712
3310.4722
3310.4731
3310.4738
3310.4742
3310.474
3310.4733
3310.4722
3310.4706
3310.4686
3310.4663
3310.4633
3310.4594
3310.4542
3310.4479
3310.4406
3310.4337
3310.4292
3310.4314
3310.4459
3310.4772
3310.5171
3310.5635
3310.611
3310.6482
3310.6727
3310.6924
3310.7421
3311.0101
3312.5037
3319.307
3337.7544
3233.8833
3310.4936
3310.4937
3310.4944
3310.4951
3310.4959
3310.4968
3310.4977
3310.4986
3310.4996
3310.5005
3310.5012
3310.5015
3310.5013
3310.5006
3310.4995
3310.4981
3310.4963
3310.4941
3310.4914
3310.4879
3310.4832
3310.4775
3310.4711
3310.4651
3310.4616
3310.4643
3310.4775
3310.5053
3310.5442
3310.5902
3310.6366
3310.6729
3310.697
3310.7168
3310.7664
3311.0337
3312.5237
3319.3174
3337.7736
3233.889
3310.5205
3310.5207
3310.5213
3310.5221
3310.5229
3310.5237
3310.5246
3310.5256
3310.5266
3310.5274
3310.528
3310.5283
3310.528
3310.5274
3310.5264
3310.5251
3310.5235
3310.5215
3310.5191
3310.516
3310.5118
3310.5066
3310.501
3310.4959
3310.4933
3310.4966
3310.5094
3310.5352
3310.5726
3310.6172
3310.662
3310.6973
3310.7211
3310.7408
3310.7903
3311.057
3312.5437
3319.329
3337.7941
3233.8961
3310.547
3310.5472
3310.5478
3310.5486
3310.5494
3310.5502
3310.5512
3310.5521
3310.553
3310.5538
3310.5544
3310.5546
3310.5544
3310.5538
3310.5529
3310.5517
3310.5503
3310.5485
3310.5464
3310.5436
3310.5399
3310.5353
3310.5304
3310.5261
3310.5244
3310.5282
3310.5408
3310.5654
3310.6012
3310.6441
3310.6872
3310.7214
3310.7447
3310.7644
3310.8138
3311.0801
3312.5638
3319.3417
3337.8157
3233.9045
3310.573
3310.5732
3310.5739
3310.5746
3310.5755
3310.5763
3310.5772
3310.5782
3310.5791
3310.5798
3310.5803
3310.5804
3310.5802
3310.5798
3310.579
3310.5779
3310.5766
3310.5751
3310.5732
3310.5707
3310.5675
3310.5635
3310.5592
3310.5557
3310.5548
3310.5591
3310.5717
3310.5953
3310.6296
3310.6707
3310.712
3310.7451
3310.768
3310.7876
3310.837
3311.1027
3312.584
3319.3555
3337.8385
3233.9143
3310.5986
3310.5988
3310.5995
3310.6003
3310.6011
3310.6019
3310.6028
3310.6037
3310.6046
3310.6053
3310.6057
3310.6058
3310.6057
3310.6053
3310.6046
3310.6037
3310.6025
3310.6012
3310.5996
3310.5974
3310.5946
3310.5911
3310.5875
3310.5848
3310.5846
3310.5893
3310.6019
3310.6248
3310.6576
3310.6968
3310.7364
3310.7685
3310.791
3310.8104
3310.8598
3311.1251
3312.6042
3319.3701
3337.8622
3233.9253
3310.6238
3310.624
3310.6246
3310.6254
3310.6262
3310.6271
3310.6279
3310.6288
3310.6296
3310.6303
3310.6307
3310.6308
3310.6307
3310.6304
3310.6298
3310.629
3310.628
3310.6269
3310.6255
3310.6237
3310.6213
3310.6183
3310.6153
3310.6132
3310.6137
3310.6189
3310.6314
3310.6536
3310.685
3310.7225
3310.7605
3310.7915
3310.8136
3310.8329
3310.8822
3311.1472
3312.6244
3319.3855
3337.8869
3233.9377
3310.6485
3310.6487
3310.6494
3310.6501
3310.6509
3310.6517
3310.6526
3310.6535
3310.6542
3310.6548
3310.6552
3310.6554
3310.6553
3310.6551
3310.6546
3310.6539
3310.6531
3310.6521
3310.651
3310.6495
3310.6475
3310.645
3310.6426
3310.6411
3310.6422
3310.6477
3310.6603
3310.6817
3310.7118
3310.7476
3310.7841
3310.8141
3310.8358
3310.855
3310.9042
3311.1689
3312.6445
3319.4017
3337.9124
3233.9515
3310.6727
3310.6729
3310.6736
3310.6744
3310.6752
3310.676
3310.6768
3310.6776
3310.6783
3310.6789
3310.6793
3310.6795
3310.6795
3310.6793
3310.679
3310.6784
3310.6777
3310.677
3310.6761
3310.6749
3310.6733
3310.6713
3310.6694
3310.6685
3310.67
3310.6759
3310.6884
3310.7092
3310.7381
3310.7723
3310.8073
3310.8364
3310.8577
3310.8767
3310.9258
3311.1904
3312.6646
3319.4185
3337.9387
3233.9666
3310.6965
3310.6967
3310.6974
3310.6981
3310.6989
3310.6997
3310.7005
3310.7013
3310.702
3310.7025
3310.7029
3310.7032
3310.7032
3310.7032
3310.7029
3310.7025
3310.7019
3310.7014
3310.7007
3310.6998
3310.6986
3310.697
3310.6956
3310.6953
3310.6973
3310.7035
3310.7159
3310.7361
3310.7638
3310.7966
3310.8301
3310.8583
3310.8792
3310.8981
3310.9471
3311.2115
3312.6847
3319.436
3337.9657
3233.9832
3310.7199
3310.7201
3310.7207
3310.7214
3310.7222
3310.723
3310.7237
3310.7245
3310.7251
3310.7257
3310.7261
3310.7264
3310.7266
3310.7266
3310.7264
3310.7261
3310.7257
3310.7253
3310.7249
3310.7243
3310.7234
3310.7223
3310.7213
3310.7215
3310.7239
3310.7304
3310.7427
3310.7623
3310.789
3310.8203
3310.8524
3310.8798
3310.9003
3310.9191
3310.968
3311.2323
3312.7046
3319.454
3337.9934
3234.0014
3310.7427
3310.7429
3310.7435
3310.7443
3310.745
3310.7458
3310.7465
3310.7472
3310.7479
3310.7484
3310.7489
3310.7493
3310.7495
3310.7496
3310.7495
3310.7493
3310.7491
3310.7489
3310.7487
3310.7484
3310.7478
3310.747
3310.7466
3310.7472
3310.75
3310.7567
3310.769
3310.788
3310.8135
3310.8436
3310.8744
3310.901
3310.921
3310.9397
3310.9886
3311.2528
3312.7245
3319.4725
3338.0217
3234.0211
3310.7651
3310.7653
3310.7659
3310.7666
3310.7674
3310.7681
3310.7688
3310.7696
3310.7702
3310.7708
3310.7713
3310.7717
3310.772
3310.7722
3310.7722
3310.7721
3310.772
3310.772
3310.7721
3310.772
3310.7717
3310.7713
3310.7713
3310.7723
3310.7755
3310.7824
3310.7946
3310.813
3310.8376
3310.8664
3310.896
3310.9217
3310.9414
3310.96
3311.0088
3311.2729
3312.7442
3319.4915
3338.0506
3234.0425
3310.787
3310.7872
3310.7878
3310.7885
3310.7893
3310.79
3310.7907
3310.7914
3310.7921
3310.7927
3310.7933
3310.7937
3310.7941
3310.7943
3310.7945
3310.7945
3310.7946
3310.7947
3310.795
3310.7952
3310.7952
3310.7952
3310.7955
3310.7969
3310.8005
3310.8075
3310.8195
3310.8375
3310.8611
3310.8887
3310.9172
3310.9421
3310.9615
3310.9798
3311.0286
3311.2927
3312.7639
3319.5108
3338.0801
3234.0657
3310.8084
3310.8086
3310.8093
3310.81
3310.8107
3310.8114
3310.8122
3310.8129
3310.8136
3310.8142
3310.8148
3310.8153
3310.8158
3310.8161
3310.8163
3310.8165
3310.8167
3310.817
3310.8175
3310.8179
3310.8183
3310.8186
3310.8193
3310.821
3310.8249
3310.8321
3310.844
3310.8614
3310.8842
3310.9106
3310.9379
3310.9622
3310.9811
3310.9993
3311.048
3311.3122
3312.7833
3319.5305
3338.1102
3234.0909
3310.8294
3310.8297
3310.8303
3310.831
3310.8317
3310.8324
3310.8332
3310.8339
3310.8347
3310.8353
3310.836
3310.8365
3310.837
3310.8375
3310.8378
3310.8381
3310.8384
3310.8389
3310.8396
3310.8403
3310.8409
3310.8415
3310.8425
3310.8446
3310.8487
3310.8561
3310.8678
3310.8847
3310.9067
3310.9321
3310.9583
3310.9818
3311.0004
3311.0185
3311.0671
3311.3314
3312.8026
3319.5505
3338.1408
3234.1183
3310.85
3310.8502
3310.8509
3310.8516
3310.8523
3310.853
3310.8538
3310.8546
3310.8553
3310.856
3310.8567
3310.8574
3310.8579
3310.8584
3310.8588
3310.8592
3310.8597
3310.8604
3310.8612
3310.8621
3310.863
3310.8639
3310.8653
3310.8677
3310.8721
3310.8795
3310.8911
3310.9075
3310.9287
3310.9531
3310.9783
3311.0011
3311.0193
3311.0373
3311.0858
3311.3502
3312.8217
3319.5707
3338.1719
3234.148
3310.8702
3310.8704
3310.871
3310.8717
3310.8725
3310.8732
3310.874
3310.8748
3310.8756
3310.8763
3310.8771
3310.8778
3310.8784
3310.8789
3310.8795
3310.88
3310.8806
3310.8814
3310.8825
3310.8836
3310.8847
3310.8859
3310.8876
3310.8903
3310.8949
3310.9024
3310.9138
3310.9298
3310.9502
3310.9736
3310.9979
3311.02
3311.0379
3311.0557
3311.1042
3311.3687
3312.8407
3319.5912
3338.2035
3234.1803
3310.8899
3310.8901
3310.8908
3310.8915
3310.8923
3310.893
3310.8938
3310.8946
3310.8954
3310.8962
3310.897
3310.8977
3310.8984
3310.8991
3310.8997
3310.9003
3310.9011
3310.9021
3310.9033
3310.9046
3310.906
3310.9075
3310.9094
3310.9124
3310.9172
3310.9247
3310.936
3310.9515
3310.9712
3310.9938
3311.0171
3311.0385
3311.0561
3311.0737
3311.1222
3311.3869
3312.8594
3319.6119
3338.2356
3234.2154
3310.9092
3310.9095
3310.9101
3310.9109
3310.9116
3310.9124
3310.9132
3310.9141
3310.9149
3310.9157
3310.9166
3310.9173
3310.9181
3310.9188
3310.9195
3310.9203
3310.9211
3310.9223
3310.9237
3310.9252
3310.9268
3310.9286
3310.9308
3310.934
3310.9389
3310.9465
3310.9577
3310.9728
3310.9918
3311.0135
3311.0359
3311.0567
3311.0739
3311.0914
3311.1398
3311.4047
3312.878
3319.6327
3338.2683
3234.2538
3310.9281
3310.9284
3310.9291
3310.9298
3310.9306
3310.9314
3310.9322
3310.9331
3310.934
3310.9348
3310.9357
3310.9365
3310.9374
3310.9382
3310.939
3310.9398
3310.9408
3310.9421
3310.9437
3310.9454
3310.9472
3310.9492
3310.9516
3310.9551
3310.9602
3310.9679
3310.9788
3310.9935
3311.0119
3311.0328
3311.0544
3311.0745
3311.0914
3311.1087
3311.1571
3311.4223
3312.8963
3319.6537
3338.3014
3234.2957
3310.9467
3310.9469
3310.9476
3310.9484
3310.9492
3310.95
3310.9508
3310.9518
3310.9526
3310.9535
3310.9544
3310.9554
3310.9562
3310.9571
3310.958
3310.9589
3310.9601
3310.9615
3310.9632
3310.9652
3310.9672
3310.9694
3310.9721
3310.9757
3310.981
3310.9887
3310.9994
3311.0138
3311.0315
3311.0516
3311.0725
3311.0919
3311.1085
3311.1257
3311.1741
3311.4394
3312.9145
3319.6748
3338.3352
3234.3417
3310.9648
3310.9651
3310.9658
3310.9665
3310.9674
3310.9682
3310.9691
3310.97
3310.9709
3310.9718
3310.9728
3310.9738
3310.9747
3310.9757
3310.9766
3310.9777
3310.9789
3310.9805
3310.9824
3310.9845
3310.9868
3310.9892
3310.9921
3310.9959
3311.0013
3311.009
3311.0196
3311.0336
3311.0507
3311.0701
3311.0902
3311.109
3311.1252
3311.1423
3311.1907
3311.4563
3312.9324
3319.696
3338.3695
3234.3921
3310.9825
3310.9828
3310.9835
3310.9843
3310.9852
3310.986
3310.9869
3310.9879
3310.9888
3310.9898
3310.9908
3310.9918
3310.9928
3310.9938
3310.9949
3310.996
3310.9974
3310.9991
3311.0012
3311.0035
3311.0059
3311.0085
3311.0116
3311.0156
3311.0211
3311.0288
3311.0393
3311.0528
3311.0694
3311.0881
3311.1075
3311.1257
3311.1416
3311.1585
3311.2069
3311.4728
3312.95
3319.7172
3338.4044
3234.4477
3310.9999
3311.0002
3311.0009
3311.0017
3311.0026
3311.0034
3311.0043
3311.0053
3311.0063
3311.0073
3311.0084
3311.0094
3311.0105
3311.0116
3311.0127
3311.014
3311.0155
3311.0173
3311.0195
3311.022
3311.0246
3311.0274
3311.0307
3311.0349
3311.0405
3311.0481
3311.0584
3311.0717
3311.0877
3311.1058
3311.1244
3311.1421
3311.1576
3311.1744
3311.2228
3311.489
3312.9674
3319.7385
3338.4401
3234.509
3311.0169
3311.0172
3311.0179
3311.0187
3311.0196
3311.0205
3311.0214
3311.0224
3311.0234
3311.0245
3311.0255
3311.0267
3311.0278
3311.029
3311.0302
3311.0316
3311.0331
3311.0351
3311.0375
3311.0401
3311.0429
3311.0459
3311.0493
3311.0537
3311.0594
3311.067
3311.0771
3311.09
3311.1056
3311.123
3311.141
3311.1581
3311.1733
3311.19
3311.2383
3311.5048
3312.9846
3319.7599
3338.4764
3234.5768
3311.0334
3311.0338
3311.0345
3311.0353
3311.0362
3311.0371
3311.0381
3311.0391
3311.0401
3311.0412
3311.0423
3311.0435
3311.0447
3311.046
3311.0473
3311.0487
3311.0504
3311.0525
3311.055
3311.0578
3311.0607
3311.0639
3311.0675
3311.072
3311.0778
3311.0854
3311.0954
3311.108
3311.123
3311.1398
3311.1572
3311.1737
3311.1886
3311.2051
3311.2534
3311.5204
3313.0015
3319.7812
3338.5136
3234.6521
3311.0496
3311.05
3311.0507
3311.0516
3311.0525
3311.0534
3311.0544
3311.0554
3311.0565
3311.0576
3311.0588
3311.06
3311.0612
3311.0626
3311.064
3311.0655
3311.0673
3311.0695
3311.0722
3311.0751
3311.0782
3311.0815
3311.0853
3311.0899
3311.0958
3311.1034
3311.1132
3311.1254
3311.14
3311.1562
3311.173
3311.189
3311.2035
3311.2199
3311.2682
3311.5355
3313.0182
3319.8027
3338.5517
3234.7359
3311.0655
3311.0658
3311.0666
3311.0674
3311.0683
3311.0693
3311.0703
3311.0713
3311.0724
3311.0736
3311.0748
3311.0761
3311.0774
3311.0788
3311.0803
3311.0819
3311.0838
3311.0862
3311.0889
3311.092
3311.0952
3311.0987
3311.1027
3311.1074
3311.1133
3311.1208
3311.1305
3311.1425
3311.1566
3311.1723
3311.1885
3311.204
3311.2182
3311.2344
3311.2827
3311.5504
3313.0346
3319.8241
3338.5908
3234.8293
3311.0809
3311.0813
3311.082
3311.0829
3311.0838
3311.0848
3311.0858
3311.0869
3311.088
3311.0892
3311.0905
3311.0918
3311.0932
3311.0946
3311.0962
3311.0979
3311.0999
3311.1024
3311.1053
3311.1085
3311.1119
3311.1155
3311.1196
3311.1244
3311.1304
3311.1379
3311.1474
3311.1591
3311.1728
3311.1879
3311.2036
3311.2186
3311.2324
3311.2485
3311.2968
3311.5649
3313.0508
3319.8455
3338.631
3234.9339
3311.096
3311.0964
3311.0971
3311.098
3311.0989
3311.0999
3311.1009
3311.1021
3311.1032
3311.1044
3311.1057
3311.1071
3311.1085
3311.1101
3311.1117
3311.1135
3311.1156
3311.1182
3311.1212
3311.1246
3311.1281
3311.1319
3311.1361
3311.141
3311.147
3311.1545
3311.1638
3311.1752
3311.1885
3311.2032
3311.2183
3311.2328
3311.2463
3311.2623
3311.3106
3311.579
3313.0667
3319.867
3338.6725
3235.051
3311.1107
3311.1111
3311.1118
3311.1127
3311.1137
3311.1147
3311.1157
3311.1169
3311.118
3311.1193
3311.1206
3311.1221
3311.1235
3311.1251
3311.1269
3311.1288
3311.131
3311.1336
3311.1368
3311.1402
3311.1439
3311.1478
3311.1521
3311.1571
3311.1632
3311.1706
3311.1798
3311.191
3311.2039
3311.2181
3311.2327
3311.2468
3311.2599
3311.2757
3311.324
3311.5929
3313.0823
3319.8885
3338.7154
3235.1827
3311.125
3311.1254
3311.1262
3311.1271
3311.128
3311.129
3311.1301
3311.1313
3311.1325
3311.1338
3311.1352
3311.1366
3311.1382
3311.1398
3311.1416
3311.1436
3311.1459
3311.1487
3311.1519
3311.1555
3311.1593
3311.1634
3311.1678
3311.1729
3311.179
3311.1864
3311.1954
3311.2063
3311.2188
3311.2325
3311.2467
3311.2603
3311.2731
3311.2887
3311.337
3311.6064
3313.0977
3319.9101
3338.76
3235.3309
3311.139
3311.1394
3311.1402
3311.1411
3311.142
3311.1431
3311.1441
3311.1453
3311.1466
3311.1479
3311.1493
3311.1508
3311.1524
3311.1542
3311.156
3311.1581
3311.1605
3311.1634
3311.1667
3311.1704
3311.1743
3311.1785
3311.183
3311.1882
3311.1943
3311.2017
3311.2106
3311.2212
3311.2334
3311.2467
3311.2603
3311.2736
3311.286
3311.3014
3311.3497
3311.6195
3313.1128
3319.9317
3338.8064
3235.4982
3311.1526
3311.153
3311.1538
3311.1547
3311.1557
3311.1567
3311.1578
3311.159
3311.1603
3311.1616
3311.1631
3311.1647
3311.1663
3311.1681
3311.17
3311.1722
3311.1747
3311.1777
3311.1811
3311.1849
3311.189
3311.1932
3311.1979
3311.2031
3311.2092
3311.2166
3311.2253
3311.2357
3311.2475
3311.2604
3311.2736
3311.2865
3311.2986
3311.3138
3311.3621
3311.6324
3313.1277
3319.9534
3338.8549
3235.6874
3311.1658
3311.1662
3311.167
3311.1679
3311.1689
3311.17
3311.1711
3311.1723
3311.1736
3311.175
3311.1765
3311.1781
3311.1798
3311.1817
3311.1837
3311.1859
3311.1885
3311.1916
3311.1951
3311.1991
3311.2032
3311.2076
3311.2123
3311.2176
3311.2238
3311.231
3311.2397
3311.2498
3311.2613
3311.2738
3311.2866
3311.299
3311.3108
3311.3259
3311.3741
3311.6448
3313.1423
3319.9752
3338.9058
3235.9015
3311.1786
3311.1791
3311.1799
3311.1808
3311.1818
3311.1829
3311.184
3311.1853
3311.1866
3311.188
3311.1895
3311.1912
3311.193
3311.1949
3311.1969
3311.1993
3311.2019
3311.2051
3311.2088
3311.2128
3311.217
3311.2215
3311.2263
3311.2317
3311.2379
3311.2451
3311.2536
3311.2635
3311.2747
3311.2868
3311.2992
3311.3112
3311.3228
3311.3376
3311.3858
3311.657
3313.1567
3319.9971
3338.9594
3236.1443
3311.1911
3311.1916
3311.1924
3311.1933
3311.1944
3311.1954
3311.1966
3311.1979
3311.1992
3311.2006
3311.2022
3311.2039
3311.2057
3311.2077
3311.2098
3311.2122
3311.215
3311.2182
3311.222
3311.2261
3311.2305
3311.2351
3311.24
3311.2454
3311.2516
3311.2587
3311.2671
3311.2768
3311.2877
3311.2994
3311.3114
3311.3231
3311.3344
3311.349
3311.3972
3311.6689
3313.1708
3320.0192
3339.0161
3236.4199
3311.2033
3311.2037
3311.2045
3311.2055
3311.2065
3311.2076
3311.2088
3311.2101
3311.2115
3311.2129
3311.2145
3311.2163
3311.2181
3311.2202
3311.2224
3311.2248
3311.2277
3311.231
3311.2349
3311.2391
3311.2435
3311.2482
3311.2532
3311.2587
3311.2648
3311.272
3311.2802
3311.2897
3311.3003
3311.3117
3311.3234
3311.3347
3311.3456
3311.3601
3311.4082
3311.6804
3313.1847
3320.0415
3339.0763
3236.733
3311.2151
3311.2155
3311.2163
3311.2173
3311.2183
3311.2195
3311.2206
3311.222
3311.2233
3311.2248
3311.2265
3311.2283
3311.2302
3311.2323
3311.2345
3311.2371
3311.24
3311.2434
3311.2474
3311.2517
3311.2562
3311.261
3311.266
3311.2716
3311.2777
3311.2848
3311.2929
3311.3022
3311.3125
3311.3236
3311.3349
3311.3459
3311.3566
3311.3708
3311.4189
3311.6916
3313.1984
3320.0641
3339.1406
3237.089
3311.2265
3311.2269
3311.2278
3311.2288
3311.2298
3311.2309
3311.2321
3311.2335
3311.2349
3311.2364
3311.2381
3311.2399
3311.2419
3311.244
3311.2464
3311.249
3311.252
3311.2555
3311.2595
3311.2639
3311.2685
3311.2734
3311.2785
3311.2841
3311.2903
3311.2973
3311.3053
3311.3144
3311.3244
3311.3352
3311.3462
3311.3568
3311.3672
3311.3813
3311.4293
3311.7026
3313.212
3320.0871
3339.2095
3237.4938
3311.2376
3311.2381
3311.2389
3311.2399
3311.241
3311.2421
3311.2433
3311.2447
3311.2461
3311.2477
3311.2494
3311.2513
3311.2533
3311.2555
3311.2578
3311.2605
3311.2636
3311.2672
3311.2713
3311.2758
3311.2805
3311.2854
3311.2906
3311.2962
3311.3024
3311.3094
3311.3173
3311.3261
3311.336
3311.3464
3311.3571
3311.3675
3311.3776
3311.3915
3311.4395
3311.7133
3313.2254
3320.1105
3339.2838
3237.9541
3311.2485
3311.249
3311.2498
3311.2508
3311.2519
3311.253
3311.2543
3311.2556
3311.2571
3311.2587
3311.2604
3311.2623
3311.2644
3311.2666
3311.269
3311.2718
3311.2749
3311.2786
3311.2828
3311.2873
3311.2921
3311.2971
3311.3023
3311.308
3311.3142
3311.3211
3311.3289
3311.3376
3311.3472
3311.3573
3311.3677
3311.3778
3311.3877
3311.4015
3311.4495
3311.7238
3313.2388
3320.1347
3339.3646
3238.4772
3311.2593
3311.2597
3311.2606
3311.2616
3311.2627
3311.2638
3311.2651
3311.2664
3311.2679
3311.2695
3311.2713
3311.2732
3311.2753
3311.2776
3311.28
3311.2828
3311.286
3311.2897
3311.294
3311.2986
3311.3035
3311.3085
3311.3138
3311.3195
3311.3257
3311.3325
3311.3402
3311.3488
3311.3581
3311.3681
3311.3782
3311.388
3311.3977
3311.4113
3311.4593
3311.7343
3313.2523
3320.1598
3339.4531
3239.0711
3311.2703
3311.2707
3311.2716
3311.2726
3311.2737
3311.2748
3311.276
3311.2774
3311.2789
3311.2805
3311.2823
3311.2842
3311.2863
3311.2886
3311.2911
3311.2939
3311.2971
3311.3009
3311.3052
3311.3099
3311.3148
3311.3198
3311.3252
3311.3308
3311.337
3311.3438
3311.3514
3311.3598
3311.369
3311.3787
3311.3886
3311.3983
3311.4078
3311.4213
3311.4694
3311.7451
3313.2664
3320.1866
3339.5516
3239.7442
3311.2821
3311.2826
3311.2835
3311.2845
3311.2855
3311.2866
3311.2879
3311.2892
3311.2907
3311.2923
3311.294
3311.2959
3311.298
3311.3003
3311.3028
3311.3056
3311.3088
3311.3125
3311.3168
3311.3214
3311.3263
3311.3314
3311.3367
3311.3424
3311.3485
3311.3553
3311.3628
3311.3711
3311.3802
3311.3897
3311.3995
3311.4091
3311.4186
3311.4321
3311.4804
3311.7569
3313.2817
3320.216
3339.6628
3240.5053
3311.2963
3311.2968
3311.2976
3311.2986
3311.2996
3311.3007
3311.3019
3311.3032
3311.3046
3311.3062
3311.3078
3311.3096
3311.3116
3311.3138
3311.3161
3311.3188
3311.3219
3311.3255
3311.3297
3311.3342
3311.339
3311.344
3311.3492
3311.3548
3311.3609
3311.3676
3311.3751
3311.3834
3311.3924
3311.402
3311.4118
3311.4215
3311.4312
3311.4449
3311.4935
3311.771
3313.2998
3320.25
3339.7918
3241.363
3311.3157
3311.3162
3311.317
3311.3179
3311.3188
3311.3199
3311.3209
3311.3221
3311.3234
3311.3248
3311.3263
3311.3279
3311.3296
3311.3315
3311.3336
3311.336
3311.3387
3311.342
3311.3458
3311.3501
3311.3545
3311.3592
3311.3643
3311.3697
3311.3756
3311.3823
3311.3898
3311.3982
3311.4074
3311.4173
3311.4275
3311.4377
3311.4479
3311.4622
3311.5115
3311.7904
3313.3238
3320.2921
3339.9458
3242.3247
3311.3456
3311.346
3311.3468
3311.3476
3311.3484
3311.3493
3311.3502
3311.3511
3311.3521
3311.3531
3311.3543
3311.3554
3311.3567
3311.358
3311.3595
3311.3613
3311.3633
3311.3659
3311.369
3311.3726
3311.3764
3311.3805
3311.385
3311.39
3311.3958
3311.4024
3311.4099
3311.4186
3311.4284
3311.4391
3311.4504
3311.4617
3311.4732
3311.4888
3311.5394
3311.8201
3313.359
3320.3487
3340.1363
3243.3955
3311.3957
3311.3961
3311.3967
3311.3974
3311.398
3311.3985
3311.399
3311.3995
3311.4
3311.4004
3311.4008
3311.4011
3311.4015
3311.4018
3311.4021
3311.4027
3311.4034
3311.4047
3311.4064
3311.4086
3311.4111
3311.414
3311.4175
3311.4217
3311.427
3311.4334
3311.4413
3311.4506
3311.4616
3311.474
3311.4873
3311.501
3311.5149
3311.5328
3311.5858
3311.8695
3313.4152
3320.4307
3340.38
3244.5757
3311.482
3311.4822
3311.4827
3311.4831
3311.4832
3311.4833
3311.4831
3311.4828
3311.4824
3311.4817
3311.4808
3311.4797
3311.4784
3311.4769
3311.4753
3311.4736
3311.4721
3311.4708
3311.47
3311.4697
3311.4698
3311.4705
3311.4721
3311.4749
3311.4792
3311.4853
3311.4936
3311.5043
3311.5174
3311.5328
3311.5499
3311.5678
3311.586
3311.608
3311.6652
3311.9535
3313.5081
3320.5551
3340.6997
3245.8562
3311.6283
3311.6284
3311.6286
3311.6285
3311.628
3311.6271
3311.626
3311.6244
3311.6224
3311.62
3311.6171
3311.6136
3311.6096
3311.6051
3311.6002
3311.5948
3311.5894
3311.584
3311.5789
3311.5743
3311.5703
3311.5671
3311.5654
3311.5655
3311.5681
3311.5736
3311.5825
3311.5953
3311.612
3311.6324
3311.6556
3311.6804
3311.7057
3311.7344
3311.7982
3312.0935
3313.6599
3320.7458
3341.1239
3247.2107
3311.8652
3311.8651
3311.8649
3311.864
3311.8625
3311.8604
3311.8576
3311.8542
3311.8499
3311.8448
3311.8387
3311.8317
3311.8236
3311.8145
3311.8044
3311.7934
3311.7819
3311.77
3311.7582
3311.7467
3311.736
3311.7266
3311.7193
3311.7149
3311.7144
3311.7186
3311.7282
3311.7438
3311.7657
3311.7935
3311.8259
3311.8611
3311.897
3311.9359
3312.0097
3312.3154
3313.8976
3321.0308
3341.679
3248.5825
3312.2196
3312.2194
3312.2187
3312.2168
3312.214
3312.21
3312.2051
3312.199
3312.1915
3312.1827
3312.1723
3312.1603
3312.1465
3312.1309
3312.1135
3312.0945
3312.0742
3312.053
3312.0314
3312.0099
3311.9891
3311.9702
3311.9543
3311.9427
3311.9368
3311.938
3311.9475
3311.9662
3311.9945
3312.0318
3312.0763
3312.1253
3312.1757
3312.2287
3312.3162
3312.6368
3314.2399
3321.4286
3342.3705
3249.8608
3312.6875
3312.6873
3312.6861
3312.683
3312.6784
3312.6724
3312.6647
3312.6554
3312.644
3312.6306
3312.6149
3312.5966
3312.5756
3312.5519
3312.5253
3312.496
3312.4643
3312.4306
3312.3957
3312.3604
3312.3256
3312.2927
3312.2637
3312.2405
3312.2251
3312.2197
3312.2261
3312.2455
3312.279
3312.3257
3312.3833
3312.448
3312.5154
3312.5858
3312.6909
3313.0315
3314.6618
3321.9126
3343.1332
3250.6926
3313.0775
3313.0782
3313.0768
3313.0725
3313.0664
3313.0583
3313.0482
3313.0358
3313.0209
3313.0031
3312.9822
3312.9579
3312.9299
3312.898
3312.862
3312.822
3312.7782
3312.7313
3312.6817
3312.6307
3312.5794
3312.5298
3312.4842
3312.4452
3312.4155
3312.3979
3312.3952
3312.4088
3312.4403
3312.4893
3312.5533
3312.6277
3312.7072
3312.7918
3312.9126
3313.2741
3314.9327
3322.2364
3343.5923
3250.7937
3313.0431
3313.0454
3313.0443
3313.0396
3313.0329
3313.024
3313.0129
3312.9993
3312.9828
3312.9631
3312.9399
3312.9127
3312.8811
3312.8447
3312.8034
3312.7568
3312.7051
3312.6485
3312.5877
3312.5235
3312.4572
3312.3906
3312.3262
3312.2669
3312.2159
3312.1766
3312.1527
3312.1467
3312.1608
3312.1963
3312.2515
3312.3221
3312.4029
3312.4942
3312.6259
3313.008
3314.6948
3322.0347
3343.3001
3249.4185
3311.6691
3311.6749
3311.6755
3311.672
3311.6668
3311.6598
3311.6509
3311.64
3311.6266
3311.6103
3311.5908
3311.5675
3311.5398
3311.5073
3311.4693
3311.4254
3311.375
3311.318
3311.2542
3311.1837
3311.1071
3311.0255
3310.9405
3310.8545
3310.7704
3310.6918
3310.6231
3310.5685
3310.5323
3310.5188
3310.5296
3310.5638
3310.6174
3310.6941
3310.8207
3311.2158
3312.9243
3320.2632
3340.9829
3245.199
3307.0378
3307.0501
3307.0546
3307.0553
3307.0557
3307.0555
3307.0551
3307.0544
3307.0529
3307.0502
3307.0462
3307.0402
3307.0314
3307.0193
3307.0024
3306.98
3306.9504
3306.9125
3306.8646
3306.8045
3306.7312
3306.6431
3306.5395
3306.4205
3306.2872
3306.1425
3305.9912
3305.84
3305.6977
3305.5745
3305.4805
3305.4215
3305.399
3305.4233
3305.5149
3305.906
3307.6199
3314.8957
3334.3757
3235.7827
3295.5551
3295.5776
3295.5894
3295.5991
3295.611
3295.6253
3295.6428
3295.6638
3295.6876
3295.7142
3295.7437
3295.7756
3295.8085
3295.8422
3295.8744
3295.9032
3295.9255
3295.9382
3295.937
3295.9154
3295.869
3295.7912
3295.6758
3295.5181
3295.3151
3295.0671
3294.7792
3294.4618
3294.1318
3293.8106
3293.5231
3293.2889
3293.1184
3293.0359
3293.0472
3293.4066
3295.0989
3302.2251
3319.5302
3217.5041
3270.9571
3270.9938
3271.0171
3271.0416
3271.0729
3271.111
3271.158
3271.2151
3271.2814
3271.3566
3271.4424
3271.5381
3271.6418
3271.7538
3271.8703
3271.9886
3272.1028
3272.2069
3272.2928
3272.3469
3272.3593
3272.315
3272.1985
3271.9971
3271.6999
3271.3034
3270.8119
3270.2416
3269.6228
3268.9945
3268.4051
3267.8961
3267.4909
3267.2371
3267.1116
3267.4051
3269.0406
3275.9138
3289.9492
3184.6339
3222.981
3223.0351
3223.0737
3223.1191
3223.1774
3223.2482
3223.3359
3223.443
3223.568
3223.7107
3223.8747
3224.0596
3224.2621
3224.4842
3224.7197
3224.9652
3225.211
3225.4475
3225.6615
3225.8294
3225.9339
3225.9476
3225.8427
3225.5947
3225.1808
3224.5922
3223.8324
3222.9253
3221.9205
3220.8814
3219.8889
3219.0139
3218.2944
3217.8145
3217.4976
3217.6924
3219.2352
3225.7519
3235.4625
3128.2658
3135.7422
3135.8146
3135.871
3135.9412
3136.0313
3136.1399
3136.2745
3136.4401
3136.6339
3136.8549
3137.1101
3137.3994
3137.7178
3138.0689
3138.4446
3138.8404
3139.2423
3139.6368
3140.0051
3140.3113
3140.5301
3140.6195
3140.5352
3140.2407
3139.6979
3138.8914
3137.8244
3136.53
3135.0817
3133.572
3132.1205
3130.8325
3129.7567
3129.0304
3128.4895
3128.5643
3129.9879
3136.0459
3140.689
3034.7562
2985.2977
2985.3847
2985.4579
2985.5518
2985.6722
2985.8151
2985.9925
2986.2127
2986.4706
2986.7637
2987.1038
2987.4905
2987.9172
2988.3891
2988.8964
2989.4346
2989.9845
2990.5298
2991.047
2991.4877
2991.8194
2991.9865
2991.9279
2991.5949
2990.9359
2989.9279
2988.5747
2986.9189
2985.0585
2983.1145
2981.2444
2979.586
2978.1884
2977.258
2976.5066
2976.4651
2977.7561
2983.2426
2982.7647
2883.1931
2735.6191
2735.7114
2735.7948
2735.9035
2736.0422
2736.2035
2736.4043
2736.6564
2736.9514
2737.2851
2737.6746
2738.1185
2738.609
2739.1531
2739.7395
2740.3652
2741.007
2741.6477
2742.2619
2742.7924
2743.2033
2743.4298
2743.3998
2743.0549
2742.3358
2741.2139
2739.6934
2737.8233
2735.7202
2733.5229
2731.4153
2729.5559
2727.9785
2726.9651
2726.082
2725.9606
2727.1088
2731.8733
2727.2395
2640.7445
2328.6232
2328.7055
2328.7856
2328.89
2329.0227
2329.1733
2329.3617
2329.6013
2329.8814
2330.1969
2330.5679
2330.9917
2331.4609
2331.9838
2332.5487
2333.156
2333.7816
2334.4103
2335.02
2335.5533
2335.977
2336.2272
2336.2319
2335.9315
2335.2672
2334.2092
2332.761
2330.9704
2328.9553
2326.8513
2324.8426
2323.0847
2321.5837
2320.6738
2319.8086
2319.6742
2320.6392
2324.4721
2317.7704
2251.5893
1642.0851
1642.1395
1642.1961
1642.2689
1642.3614
1642.4642
1642.5939
1642.7609
1642.9563
1643.1762
1643.4381
1643.7381
1644.0728
1644.4495
1644.8584
1645.3044
1645.7682
1646.2405
1646.7077
1647.1261
1647.4729
1647.6993
1647.7504
1647.5782
1647.136
1646.398
1645.3648
1644.0704
1642.6063
1641.0729
1639.6154
1638.3501
1637.2653
1636.6563
1636.0131
1635.9418
1636.6045
1639.1902
1633.4378
1593.4459
)
;

boundaryField
{
    piston
    {
        type            fixedValue;
        value           uniform 485.2;
    }
    cylinderHead
    {
        type            fixedValue;
        value           uniform 525.2;
    }
    cylinderWall
    {
        type            fixedValue;
        value           uniform 430.1;
    }
    wedgeFront
    {
        type            wedge;
    }
    wedgeBack
    {
        type            wedge;
    }
    axis
    {
        type            empty;
    }
}


// ************************************************************************* //
