/*--------------------------------*- C++ -*----------------------------------*\
  =========                 |
  \\      /  F ield         | OpenFOAM: The Open Source CFD Toolbox
   \\    /   O peration     | Website:  https://openfoam.org
    \\  /    A nd           | Version:  13
     \\/     M anipulation  |
\*---------------------------------------------------------------------------*/
FoamFile
{
    format      ascii;
    class       volScalarField;
    location    "17";
    object      p;
}
// * * * * * * * * * * * * * * * * * * * * * * * * * * * * * * * * * * * * * //

dimensions      [1 -1 -2 0 0 0 0];

internalField   nonuniform List<scalar> 
4800
(
8894169.7
8894169.7
8894169.7
8894169.7
8894169.7
8894169.7
8894169.7
8894169.7
8894169.7
8894169.8
8894169.8
8894169.8
8894169.8
8894169.9
8894169.9
8894170
8894170
8894170.1
8894170.2
8894170.3
8894170.4
8894170.5
8894170.6
8894170.6
8894170.6
8894170.3
8894169.8
8894169.3
8894169
8894168.5
8894168.2
8894168.5
8894168.8
8894168.9
8894168.9
8894168.8
8894168.8
8894169
8894169.4
8894169.8
8894170.2
8894170.2
8894170.2
8894170.2
8894170.2
8894170.2
8894170.2
8894170.3
8894170.3
8894170.3
8894170.3
8894170.3
8894170.4
8894170.4
8894170.5
8894170.5
8894170.6
8894170.6
8894170.7
8894170.8
8894170.9
8894171
8894171.1
8894171.2
8894171.1
8894170.8
8894170.4
8894169.8
8894169.6
8894169.1
8894168.8
8894169
8894169.3
8894169.4
8894169.4
8894169.3
8894169.3
8894169.4
8894169.8
8894170.2
8894170.6
8894170.6
8894170.6
8894170.6
8894170.6
8894170.6
8894170.6
8894170.6
8894170.7
8894170.7
8894170.7
8894170.7
8894170.8
8894170.8
8894170.8
8894170.9
8894170.9
8894171
8894171.1
8894171.2
8894171.3
8894171.4
8894171.5
8894171.6
8894171.5
8894171.2
8894170.8
8894170.3
8894170.1
8894169.6
8894169.2
8894169.4
8894169.7
8894169.8
8894169.8
8894169.7
8894169.7
8894169.8
8894170.1
8894170.5
8894170.9
8894170.9
8894170.9
8894171
8894171
8894171
8894171
8894171
8894171
8894171
8894171
8894171.1
8894171.1
8894171.1
8894171.2
8894171.2
8894171.3
8894171.4
8894171.4
8894171.5
8894171.6
8894171.7
8894171.8
8894171.9
8894171.8
8894171.6
8894171.1
8894170.7
8894170.4
8894169.9
8894169.5
8894169.7
8894170
8894170.1
8894170.1
8894170.1
8894170
8894170.1
8894170.4
8894170.7
8894171.3
8894171.3
8894171.3
8894171.3
8894171.3
8894171.3
8894171.3
8894171.3
8894171.3
8894171.3
8894171.4
8894171.4
8894171.4
8894171.5
8894171.5
8894171.6
8894171.6
8894171.7
8894171.8
8894171.8
8894171.9
8894172.1
8894172.2
8894172.2
8894172.1
8894171.9
8894171.5
8894171
8894170.7
8894170.1
8894169.8
8894170
8894170.3
8894170.4
8894170.4
8894170.4
8894170.3
8894170.4
8894170.7
8894171
8894171.6
8894171.6
8894171.6
8894171.6
8894171.6
8894171.6
8894171.6
8894171.6
8894171.6
8894171.7
8894171.7
8894171.7
8894171.7
8894171.8
8894171.8
8894171.9
8894171.9
8894172
8894172.1
8894172.1
8894172.3
8894172.4
8894172.5
8894172.5
8894172.4
8894172.2
8894171.8
8894171.3
8894171
8894170.3
8894170.1
8894170.3
8894170.6
8894170.7
8894170.7
8894170.7
8894170.6
8894170.7
8894170.9
8894171.2
8894171.9
8894171.9
8894171.9
8894171.9
8894171.9
8894171.9
8894171.9
8894171.9
8894171.9
8894172
8894172
8894172
8894172
8894172.1
8894172.1
8894172.2
8894172.2
8894172.3
8894172.4
8894172.4
8894172.6
8894172.7
8894172.8
8894172.8
8894172.8
8894172.5
8894172.1
8894171.6
8894171.2
8894170.6
8894170.3
8894170.6
8894170.9
8894171
8894171
8894171
8894170.9
8894171
8894171.2
8894171.5
8894172.2
8894172.2
8894172.2
8894172.2
8894172.2
8894172.2
8894172.2
8894172.2
8894172.2
8894172.3
8894172.3
8894172.3
8894172.3
8894172.4
8894172.4
8894172.5
8894172.5
8894172.6
8894172.7
8894172.7
8894172.8
8894173
8894173.1
8894173.1
8894173
8894172.8
8894172.4
8894171.9
8894171.4
8894170.8
8894170.5
8894170.9
8894171.2
8894171.3
8894171.3
8894171.2
8894171.2
8894171.2
8894171.4
8894171.7
8894172.5
8894172.5
8894172.5
8894172.5
8894172.5
8894172.5
8894172.5
8894172.5
8894172.5
8894172.6
8894172.6
8894172.6
8894172.6
8894172.7
8894172.7
8894172.8
8894172.8
8894172.9
8894172.9
8894173
8894173.1
8894173.2
8894173.4
8894173.4
8894173.3
8894173.1
8894172.7
8894172.2
8894171.6
8894171
8894170.8
8894171.1
8894171.5
8894171.6
8894171.6
8894171.5
8894171.5
8894171.5
8894171.7
8894172
8894172.8
8894172.8
8894172.8
8894172.8
8894172.8
8894172.8
8894172.8
8894172.8
8894172.8
8894172.8
8894172.9
8894172.9
8894172.9
8894173
8894173
8894173
8894173.1
8894173.2
8894173.2
8894173.3
8894173.4
8894173.5
8894173.6
8894173.7
8894173.6
8894173.4
8894173
8894172.4
8894171.8
8894171.2
8894171
8894171.4
8894171.8
8894171.9
8894171.9
8894171.8
8894171.8
8894171.8
8894172
8894172.2
8894173.1
8894173.1
8894173.1
8894173.1
8894173.1
8894173.1
8894173.1
8894173.1
8894173.1
8894173.1
8894173.2
8894173.2
8894173.2
8894173.2
8894173.3
8894173.3
8894173.4
8894173.4
8894173.5
8894173.6
8894173.7
8894173.8
8894173.9
8894174
8894173.9
8894173.7
8894173.3
8894172.7
8894172
8894171.4
8894171.3
8894171.7
8894172.1
8894172.2
8894172.2
8894172.1
8894172
8894172.1
8894172.2
8894172.5
8894173.3
8894173.3
8894173.3
8894173.4
8894173.4
8894173.4
8894173.4
8894173.4
8894173.4
8894173.4
8894173.4
8894173.5
8894173.5
8894173.5
8894173.6
8894173.6
8894173.7
8894173.7
8894173.8
8894173.9
8894174
8894174.1
8894174.2
8894174.2
8894174.2
8894174
8894173.5
8894172.9
8894172.2
8894171.6
8894171.5
8894172
8894172.4
8894172.5
8894172.5
8894172.4
8894172.3
8894172.4
8894172.5
8894172.7
8894173.6
8894173.6
8894173.6
8894173.6
8894173.6
8894173.7
8894173.7
8894173.7
8894173.7
8894173.7
8894173.7
8894173.8
8894173.8
8894173.8
8894173.9
8894173.9
8894174
8894174
8894174.1
8894174.2
8894174.3
8894174.4
8894174.4
8894174.5
8894174.4
8894174.2
8894173.8
8894173.1
8894172.4
8894171.8
8894171.8
8894172.2
8894172.6
8894172.8
8894172.8
8894172.7
8894172.6
8894172.6
8894172.7
8894173
8894173.9
8894173.9
8894173.9
8894173.9
8894173.9
8894173.9
8894173.9
8894174
8894174
8894174
8894174
8894174
8894174.1
8894174.1
8894174.1
8894174.2
8894174.2
8894174.3
8894174.4
8894174.4
8894174.5
8894174.6
8894174.7
8894174.8
8894174.7
8894174.5
8894174
8894173.3
8894172.6
8894172
8894172
8894172.5
8894172.9
8894173.1
8894173
8894173
8894172.9
8894172.9
8894173
8894173.2
8894174.2
8894174.2
8894174.2
8894174.2
8894174.2
8894174.2
8894174.2
8894174.2
8894174.3
8894174.3
8894174.3
8894174.3
8894174.3
8894174.4
8894174.4
8894174.5
8894174.5
8894174.6
8894174.6
8894174.7
8894174.8
8894174.9
8894175
8894175
8894174.9
8894174.7
8894174.2
8894173.6
8894172.8
8894172.3
8894172.3
8894172.8
8894173.2
8894173.3
8894173.3
8894173.3
8894173.2
8894173.2
8894173.3
8894173.5
8894174.5
8894174.5
8894174.5
8894174.5
8894174.5
8894174.5
8894174.5
8894174.5
8894174.5
8894174.5
8894174.6
8894174.6
8894174.6
8894174.7
8894174.7
8894174.7
8894174.8
8894174.8
8894174.9
8894175
8894175.1
8894175.1
8894175.2
8894175.3
8894175.2
8894174.9
8894174.5
8894173.8
8894173
8894172.5
8894172.6
8894173.1
8894173.5
8894173.6
8894173.6
8894173.5
8894173.5
8894173.5
8894173.5
8894173.8
8894174.7
8894174.7
8894174.8
8894174.8
8894174.8
8894174.8
8894174.8
8894174.8
8894174.8
8894174.8
8894174.8
8894174.9
8894174.9
8894174.9
8894175
8894175
8894175.1
8894175.1
8894175.2
8894175.2
8894175.3
8894175.4
8894175.5
8894175.5
8894175.4
8894175.2
8894174.7
8894174
8894173.3
8894172.7
8894172.8
8894173.3
8894173.7
8894173.9
8894173.9
8894173.8
8894173.8
8894173.8
8894173.8
8894174
8894175
8894175
8894175
8894175
8894175
8894175
8894175.1
8894175.1
8894175.1
8894175.1
8894175.1
8894175.1
8894175.2
8894175.2
8894175.2
8894175.3
8894175.3
8894175.4
8894175.4
8894175.5
8894175.6
8894175.6
8894175.7
8894175.7
8894175.7
8894175.4
8894174.9
8894174.2
8894173.5
8894173
8894173.1
8894173.6
8894174
8894174.2
8894174.2
8894174.1
8894174.1
8894174.1
8894174.1
8894174.3
8894175.3
8894175.3
8894175.3
8894175.3
8894175.3
8894175.3
8894175.3
8894175.3
8894175.3
8894175.4
8894175.4
8894175.4
8894175.4
8894175.5
8894175.5
8894175.5
8894175.6
8894175.6
8894175.7
8894175.8
8894175.8
8894175.9
8894176
8894176
8894175.9
8894175.6
8894175.1
8894174.4
8894173.7
8894173.2
8894173.4
8894173.9
8894174.3
8894174.4
8894174.4
8894174.4
8894174.3
8894174.4
8894174.4
8894174.6
8894175.6
8894175.6
8894175.6
8894175.6
8894175.6
8894175.6
8894175.6
8894175.6
8894175.6
8894175.6
8894175.6
8894175.7
8894175.7
8894175.7
8894175.8
8894175.8
8894175.8
8894175.9
8894175.9
8894176
8894176.1
8894176.1
8894176.2
8894176.2
8894176.1
8894175.8
8894175.3
8894174.6
8894173.9
8894173.5
8894173.6
8894174.2
8894174.6
8894174.7
8894174.7
8894174.7
8894174.6
8894174.6
8894174.7
8894174.8
8894175.8
8894175.8
8894175.8
8894175.8
8894175.8
8894175.8
8894175.9
8894175.9
8894175.9
8894175.9
8894175.9
8894175.9
8894176
8894176
8894176
8894176.1
8894176.1
8894176.1
8894176.2
8894176.3
8894176.3
8894176.4
8894176.4
8894176.4
8894176.3
8894176
8894175.5
8894174.8
8894174.1
8894173.7
8894173.9
8894174.5
8894174.8
8894175
8894175
8894175
8894174.9
8894174.9
8894175
8894175.1
8894176.1
8894176.1
8894176.1
8894176.1
8894176.1
8894176.1
8894176.1
8894176.1
8894176.1
8894176.2
8894176.2
8894176.2
8894176.2
8894176.2
8894176.3
8894176.3
8894176.4
8894176.4
8894176.5
8894176.5
8894176.6
8894176.6
8894176.6
8894176.6
8894176.5
8894176.2
8894175.7
8894175.1
8894174.4
8894174
8894174.2
8894174.7
8894175.1
8894175.2
8894175.2
8894175.2
8894175.2
8894175.2
8894175.2
8894175.4
8894176.3
8894176.3
8894176.3
8894176.4
8894176.4
8894176.4
8894176.4
8894176.4
8894176.4
8894176.4
8894176.4
8894176.5
8894176.5
8894176.5
8894176.5
8894176.6
8894176.6
8894176.7
8894176.7
8894176.8
8894176.8
8894176.8
8894176.9
8894176.9
8894176.7
8894176.4
8894176
8894175.3
8894174.6
8894174.3
8894174.5
8894175
8894175.4
8894175.5
8894175.5
8894175.5
8894175.5
8894175.5
8894175.5
8894175.6
8894176.6
8894176.6
8894176.6
8894176.6
8894176.6
8894176.6
8894176.6
8894176.6
8894176.7
8894176.7
8894176.7
8894176.7
8894176.7
8894176.8
8894176.8
8894176.8
8894176.9
8894176.9
8894176.9
8894177
8894177
8894177.1
8894177.1
8894177.1
8894176.9
8894176.6
8894176.2
8894175.5
8894174.9
8894174.5
8894174.7
8894175.3
8894175.6
8894175.8
8894175.8
8894175.8
8894175.8
8894175.8
8894175.8
8894175.9
8894176.9
8894176.9
8894176.9
8894176.9
8894176.9
8894176.9
8894176.9
8894176.9
8894176.9
8894176.9
8894176.9
8894177
8894177
8894177
8894177
8894177.1
8894177.1
8894177.1
8894177.2
8894177.2
8894177.3
8894177.3
8894177.3
8894177.3
8894177.1
8894176.8
8894176.4
8894175.7
8894175.1
8894174.8
8894175
8894175.6
8894175.9
8894176
8894176.1
8894176.1
8894176
8894176.1
8894176.1
8894176.2
8894177.1
8894177.1
8894177.1
8894177.1
8894177.1
8894177.1
8894177.1
8894177.1
8894177.2
8894177.2
8894177.2
8894177.2
8894177.2
8894177.3
8894177.3
8894177.3
8894177.3
8894177.4
8894177.4
8894177.5
8894177.5
8894177.5
8894177.5
8894177.5
8894177.3
8894177.1
8894176.6
8894176
8894175.4
8894175.1
8894175.3
8894175.9
8894176.2
8894176.3
8894176.3
8894176.3
8894176.3
8894176.3
8894176.4
8894176.5
8894177.4
8894177.4
8894177.4
8894177.4
8894177.4
8894177.4
8894177.4
8894177.4
8894177.4
8894177.4
8894177.4
8894177.4
8894177.5
8894177.5
8894177.5
8894177.6
8894177.6
8894177.6
8894177.7
8894177.7
8894177.7
8894177.8
8894177.7
8894177.7
8894177.5
8894177.3
8894176.8
8894176.2
8894175.7
8894175.4
8894175.6
8894176.1
8894176.4
8894176.6
8894176.6
8894176.6
8894176.6
8894176.6
8894176.6
8894176.7
8894177.6
8894177.6
8894177.6
8894177.6
8894177.6
8894177.6
8894177.6
8894177.6
8894177.6
8894177.7
8894177.7
8894177.7
8894177.7
8894177.7
8894177.8
8894177.8
8894177.8
8894177.9
8894177.9
8894177.9
8894178
8894178
8894178
8894177.9
8894177.7
8894177.5
8894177
8894176.5
8894175.9
8894175.7
8894175.9
8894176.4
8894176.7
8894176.8
8894176.8
8894176.8
8894176.8
8894176.9
8894176.9
8894177
8894177.8
8894177.8
8894177.8
8894177.8
8894177.9
8894177.9
8894177.9
8894177.9
8894177.9
8894177.9
8894177.9
8894177.9
8894178
8894178
8894178
8894178
8894178.1
8894178.1
8894178.1
8894178.2
8894178.2
8894178.2
8894178.2
8894178.1
8894177.9
8894177.7
8894177.2
8894176.7
8894176.2
8894176
8894176.2
8894176.7
8894177
8894177.1
8894177.1
8894177.1
8894177.1
8894177.2
8894177.2
8894177.3
8894178.1
8894178.1
8894178.1
8894178.1
8894178.1
8894178.1
8894178.1
8894178.1
8894178.1
8894178.1
8894178.2
8894178.2
8894178.2
8894178.2
8894178.2
8894178.3
8894178.3
8894178.3
8894178.3
8894178.4
8894178.4
8894178.4
8894178.4
8894178.3
8894178.1
8894177.9
8894177.5
8894176.9
8894176.5
8894176.3
8894176.5
8894177
8894177.2
8894177.3
8894177.3
8894177.4
8894177.4
8894177.4
8894177.4
8894177.5
8894178.3
8894178.3
8894178.3
8894178.3
8894178.3
8894178.3
8894178.3
8894178.4
8894178.4
8894178.4
8894178.4
8894178.4
8894178.4
8894178.4
8894178.5
8894178.5
8894178.5
8894178.5
8894178.6
8894178.6
8894178.6
8894178.6
8894178.6
8894178.5
8894178.3
8894178.1
8894177.7
8894177.2
8894176.8
8894176.6
8894176.8
8894177.2
8894177.5
8894177.6
8894177.6
8894177.6
8894177.6
8894177.7
8894177.7
8894177.8
8894178.6
8894178.6
8894178.6
8894178.6
8894178.6
8894178.6
8894178.6
8894178.6
8894178.6
8894178.6
8894178.6
8894178.6
8894178.7
8894178.7
8894178.7
8894178.7
8894178.7
8894178.8
8894178.8
8894178.8
8894178.8
8894178.8
8894178.8
8894178.7
8894178.5
8894178.3
8894177.9
8894177.4
8894177
8894176.9
8894177.1
8894177.5
8894177.7
8894177.8
8894177.9
8894177.9
8894177.9
8894177.9
8894178
8894178.1
8894178.8
8894178.8
8894178.8
8894178.8
8894178.8
8894178.8
8894178.8
8894178.8
8894178.8
8894178.8
8894178.8
8894178.9
8894178.9
8894178.9
8894178.9
8894178.9
8894179
8894179
8894179
8894179
8894179
8894179
8894179
8894178.9
8894178.7
8894178.5
8894178.1
8894177.7
8894177.3
8894177.2
8894177.4
8894177.8
8894178
8894178.1
8894178.1
8894178.1
8894178.1
8894178.2
8894178.2
8894178.3
8894179
8894179
8894179
8894179
8894179
8894179
8894179
8894179
8894179.1
8894179.1
8894179.1
8894179.1
8894179.1
8894179.1
8894179.1
8894179.2
8894179.2
8894179.2
8894179.2
8894179.2
8894179.2
8894179.2
8894179.2
8894179.1
8894178.9
8894178.7
8894178.3
8894177.9
8894177.6
8894177.5
8894177.7
8894178
8894178.2
8894178.3
8894178.3
8894178.4
8894178.4
8894178.4
8894178.5
8894178.6
8894179.2
8894179.2
8894179.2
8894179.2
8894179.2
8894179.3
8894179.3
8894179.3
8894179.3
8894179.3
8894179.3
8894179.3
8894179.3
8894179.3
8894179.4
8894179.4
8894179.4
8894179.4
8894179.4
8894179.5
8894179.5
8894179.4
8894179.4
8894179.3
8894179.1
8894178.9
8894178.5
8894178.2
8894177.9
8894177.8
8894178
8894178.3
8894178.5
8894178.6
8894178.6
8894178.6
8894178.6
8894178.7
8894178.7
8894178.8
8894179.5
8894179.5
8894179.5
8894179.5
8894179.5
8894179.5
8894179.5
8894179.5
8894179.5
8894179.5
8894179.5
8894179.5
8894179.5
8894179.6
8894179.6
8894179.6
8894179.6
8894179.6
8894179.6
8894179.7
8894179.7
8894179.6
8894179.6
8894179.5
8894179.3
8894179.1
8894178.8
8894178.4
8894178.1
8894178.1
8894178.3
8894178.6
8894178.7
8894178.8
8894178.8
8894178.9
8894178.9
8894178.9
8894179
8894179.1
8894179.7
8894179.7
8894179.7
8894179.7
8894179.7
8894179.7
8894179.7
8894179.7
8894179.7
8894179.7
8894179.7
8894179.7
8894179.8
8894179.8
8894179.8
8894179.8
8894179.8
8894179.8
8894179.9
8894179.9
8894179.9
8894179.8
8894179.8
8894179.7
8894179.5
8894179.3
8894179
8894178.7
8894178.4
8894178.4
8894178.6
8894178.8
8894179
8894179
8894179.1
8894179.1
8894179.1
8894179.2
8894179.2
8894179.3
8894179.9
8894179.9
8894179.9
8894179.9
8894179.9
8894179.9
8894179.9
8894179.9
8894179.9
8894179.9
8894180
8894180
8894180
8894180
8894180
8894180
8894180
8894180.1
8894180.1
8894180.1
8894180.1
8894180
8894180
8894179.9
8894179.7
8894179.5
8894179.2
8894178.9
8894178.7
8894178.6
8894178.8
8894179
8894179.2
8894179.3
8894179.3
8894179.3
8894179.4
8894179.4
8894179.5
8894179.6
8894180.1
8894180.1
8894180.1
8894180.1
8894180.1
8894180.1
8894180.1
8894180.1
8894180.1
8894180.2
8894180.2
8894180.2
8894180.2
8894180.2
8894180.2
8894180.2
8894180.2
8894180.3
8894180.3
8894180.3
8894180.3
8894180.2
8894180.2
8894180.1
8894179.9
8894179.7
8894179.4
8894179.1
8894178.9
8894178.9
8894179.1
8894179.3
8894179.4
8894179.5
8894179.5
8894179.6
8894179.6
8894179.7
8894179.7
8894179.8
8894180.3
8894180.3
8894180.3
8894180.3
8894180.3
8894180.3
8894180.3
8894180.4
8894180.4
8894180.4
8894180.4
8894180.4
8894180.4
8894180.4
8894180.4
8894180.4
8894180.4
8894180.5
8894180.5
8894180.5
8894180.4
8894180.4
8894180.3
8894180.2
8894180.1
8894179.9
8894179.6
8894179.4
8894179.2
8894179.2
8894179.3
8894179.5
8894179.7
8894179.7
8894179.8
8894179.8
8894179.8
8894179.9
8894179.9
8894180
8894180.5
8894180.5
8894180.5
8894180.5
8894180.5
8894180.5
8894180.6
8894180.6
8894180.6
8894180.6
8894180.6
8894180.6
8894180.6
8894180.6
8894180.6
8894180.6
8894180.6
8894180.7
8894180.7
8894180.7
8894180.6
8894180.6
8894180.5
8894180.4
8894180.3
8894180.1
8894179.8
8894179.6
8894179.4
8894179.4
8894179.6
8894179.8
8894179.9
8894180
8894180
8894180
8894180.1
8894180.1
8894180.2
8894180.3
8894180.7
8894180.7
8894180.7
8894180.7
8894180.8
8894180.8
8894180.8
8894180.8
8894180.8
8894180.8
8894180.8
8894180.8
8894180.8
8894180.8
8894180.8
8894180.8
8894180.8
8894180.9
8894180.9
8894180.8
8894180.8
8894180.8
8894180.7
8894180.6
8894180.5
8894180.3
8894180.1
8894179.8
8894179.7
8894179.7
8894179.8
8894180
8894180.1
8894180.2
8894180.2
8894180.3
8894180.3
8894180.4
8894180.4
8894180.5
8894180.9
8894180.9
8894180.9
8894181
8894181
8894181
8894181
8894181
8894181
8894181
8894181
8894181
8894181
8894181
8894181
8894181
8894181
8894181
8894181
8894181
8894181
8894181
8894180.9
8894180.8
8894180.7
8894180.5
8894180.3
8894180.1
8894179.9
8894179.9
8894180.1
8894180.2
8894180.3
8894180.4
8894180.4
8894180.5
8894180.5
8894180.6
8894180.6
8894180.7
8894181.1
8894181.2
8894181.2
8894181.2
8894181.2
8894181.2
8894181.2
8894181.2
8894181.2
8894181.2
8894181.2
8894181.2
8894181.2
8894181.2
8894181.2
8894181.2
8894181.2
8894181.2
8894181.2
8894181.2
8894181.2
8894181.2
8894181.1
8894181
8894180.8
8894180.7
8894180.5
8894180.3
8894180.2
8894180.2
8894180.3
8894180.4
8894180.5
8894180.6
8894180.6
8894180.7
8894180.7
8894180.8
8894180.8
8894181
8894181.3
8894181.3
8894181.4
8894181.4
8894181.4
8894181.4
8894181.4
8894181.4
8894181.4
8894181.4
8894181.4
8894181.4
8894181.4
8894181.4
8894181.4
8894181.4
8894181.4
8894181.4
8894181.4
8894181.4
8894181.4
8894181.3
8894181.3
8894181.2
8894181
8894180.9
8894180.7
8894180.5
8894180.4
8894180.4
8894180.5
8894180.7
8894180.8
8894180.8
8894180.9
8894180.9
8894180.9
8894181
8894181.1
8894181.2
8894181.5
8894181.5
8894181.5
8894181.5
8894181.5
8894181.6
8894181.6
8894181.6
8894181.6
8894181.6
8894181.6
8894181.6
8894181.6
8894181.6
8894181.6
8894181.6
8894181.6
8894181.6
8894181.6
8894181.6
8894181.6
8894181.5
8894181.4
8894181.3
8894181.2
8894181
8894180.9
8894180.7
8894180.6
8894180.6
8894180.7
8894180.9
8894181
8894181
8894181.1
8894181.1
8894181.2
8894181.2
8894181.3
8894181.4
8894181.7
8894181.7
8894181.7
8894181.7
8894181.7
8894181.7
8894181.7
8894181.8
8894181.8
8894181.8
8894181.8
8894181.8
8894181.8
8894181.8
8894181.8
8894181.8
8894181.8
8894181.8
8894181.8
8894181.8
8894181.7
8894181.7
8894181.6
8894181.5
8894181.4
8894181.2
8894181.1
8894180.9
8894180.8
8894180.9
8894181
8894181.1
8894181.2
8894181.2
8894181.3
8894181.3
8894181.4
8894181.5
8894181.5
8894181.6
8894181.9
8894181.9
8894181.9
8894181.9
8894181.9
8894181.9
8894181.9
8894181.9
8894181.9
8894182
8894182
8894182
8894182
8894182
8894182
8894182
8894182
8894182
8894182
8894181.9
8894181.9
8894181.9
8894181.8
8894181.7
8894181.6
8894181.4
8894181.3
8894181.1
8894181.1
8894181.1
8894181.2
8894181.3
8894181.4
8894181.5
8894181.5
8894181.5
8894181.6
8894181.7
8894181.7
8894181.8
8894182.1
8894182.1
8894182.1
8894182.1
8894182.1
8894182.1
8894182.1
8894182.1
8894182.1
8894182.1
8894182.1
8894182.1
8894182.1
8894182.2
8894182.2
8894182.2
8894182.2
8894182.2
8894182.1
8894182.1
8894182.1
8894182
8894182
8894181.9
8894181.7
8894181.6
8894181.5
8894181.3
8894181.3
8894181.3
8894181.4
8894181.5
8894181.6
8894181.7
8894181.7
8894181.8
8894181.8
8894181.9
8894181.9
8894182
8894182.3
8894182.3
8894182.3
8894182.3
8894182.3
8894182.3
8894182.3
8894182.3
8894182.3
8894182.3
8894182.3
8894182.3
8894182.3
8894182.3
8894182.3
8894182.3
8894182.3
8894182.3
8894182.3
8894182.3
8894182.3
8894182.2
8894182.1
8894182
8894181.9
8894181.8
8894181.6
8894181.5
8894181.5
8894181.5
8894181.6
8894181.7
8894181.8
8894181.9
8894181.9
8894182
8894182
8894182.1
8894182.1
8894182.2
8894182.5
8894182.5
8894182.5
8894182.5
8894182.5
8894182.5
8894182.5
8894182.5
8894182.5
8894182.5
8894182.5
8894182.5
8894182.5
8894182.5
8894182.5
8894182.5
8894182.5
8894182.5
8894182.5
8894182.5
8894182.4
8894182.4
8894182.3
8894182.2
8894182.1
8894182
8894181.8
8894181.7
8894181.7
8894181.7
8894181.8
8894181.9
8894182
8894182.1
8894182.1
8894182.2
8894182.2
8894182.3
8894182.3
8894182.4
8894182.7
8894182.7
8894182.7
8894182.7
8894182.7
8894182.7
8894182.7
8894182.7
8894182.7
8894182.7
8894182.7
8894182.7
8894182.7
8894182.7
8894182.7
8894182.7
8894182.7
8894182.7
8894182.7
8894182.6
8894182.6
8894182.5
8894182.5
8894182.4
8894182.3
8894182.1
8894182
8894181.9
8894181.9
8894181.9
8894182
8894182.1
8894182.2
8894182.2
8894182.3
8894182.3
8894182.4
8894182.5
8894182.5
8894182.6
8894182.8
8894182.8
8894182.8
8894182.8
8894182.8
8894182.8
8894182.8
8894182.8
8894182.9
8894182.9
8894182.9
8894182.9
8894182.9
8894182.9
8894182.9
8894182.9
8894182.8
8894182.8
8894182.8
8894182.8
8894182.8
8894182.7
8894182.6
8894182.5
8894182.4
8894182.3
8894182.2
8894182.1
8894182.1
8894182.1
8894182.2
8894182.3
8894182.4
8894182.4
8894182.5
8894182.5
8894182.6
8894182.7
8894182.7
8894182.8
8894183
8894183
8894183
8894183
8894183
8894183
8894183
8894183
8894183
8894183
8894183
8894183
8894183
8894183
8894183
8894183
8894183
8894183
8894183
8894183
8894182.9
8894182.9
8894182.8
8894182.7
8894182.6
8894182.5
8894182.4
8894182.3
8894182.3
8894182.3
8894182.4
8894182.5
8894182.6
8894182.6
8894182.7
8894182.7
8894182.8
8894182.9
8894182.9
8894183
8894183.2
8894183.2
8894183.2
8894183.2
8894183.2
8894183.2
8894183.2
8894183.2
8894183.2
8894183.2
8894183.2
8894183.2
8894183.2
8894183.2
8894183.2
8894183.2
8894183.2
8894183.2
8894183.1
8894183.1
8894183.1
8894183
8894182.9
8894182.9
8894182.8
8894182.7
8894182.6
8894182.5
8894182.5
8894182.5
8894182.6
8894182.7
8894182.7
8894182.8
8894182.9
8894182.9
8894183
8894183.1
8894183.1
8894183.2
8894183.4
8894183.4
8894183.4
8894183.4
8894183.4
8894183.4
8894183.4
8894183.4
8894183.4
8894183.4
8894183.4
8894183.4
8894183.4
8894183.4
8894183.4
8894183.3
8894183.3
8894183.3
8894183.3
8894183.3
8894183.2
8894183.2
8894183.1
8894183
8894182.9
8894182.8
8894182.7
8894182.7
8894182.6
8894182.7
8894182.8
8894182.8
8894182.9
8894183
8894183
8894183.1
8894183.1
8894183.2
8894183.3
8894183.4
8894183.5
8894183.5
8894183.5
8894183.5
8894183.5
8894183.5
8894183.5
8894183.5
8894183.5
8894183.5
8894183.5
8894183.5
8894183.5
8894183.5
8894183.5
8894183.5
8894183.5
8894183.5
8894183.5
8894183.4
8894183.4
8894183.3
8894183.3
8894183.2
8894183.1
8894183
8894182.9
8894182.8
8894182.8
8894182.9
8894182.9
8894183
8894183.1
8894183.2
8894183.2
8894183.3
8894183.3
8894183.4
8894183.5
8894183.6
8894183.7
8894183.7
8894183.7
8894183.7
8894183.7
8894183.7
8894183.7
8894183.7
8894183.7
8894183.7
8894183.7
8894183.7
8894183.7
8894183.7
8894183.7
8894183.7
8894183.7
8894183.6
8894183.6
8894183.6
8894183.5
8894183.5
8894183.4
8894183.3
8894183.2
8894183.1
8894183.1
8894183
8894183
8894183
8894183.1
8894183.2
8894183.3
8894183.3
8894183.4
8894183.5
8894183.5
8894183.6
8894183.7
8894183.8
8894183.8
8894183.8
8894183.8
8894183.8
8894183.8
8894183.8
8894183.8
8894183.8
8894183.8
8894183.8
8894183.8
8894183.8
8894183.8
8894183.8
8894183.8
8894183.8
8894183.8
8894183.8
8894183.8
8894183.7
8894183.7
8894183.6
8894183.6
8894183.5
8894183.4
8894183.3
8894183.2
8894183.2
8894183.2
8894183.2
8894183.3
8894183.4
8894183.5
8894183.5
8894183.6
8894183.6
8894183.7
8894183.8
8894183.8
8894183.9
8894184
8894184
8894184
8894184
8894184
8894184
8894184
8894184
8894184
8894184
8894184
8894184
8894184
8894184
8894184
8894184
8894184
8894183.9
8894183.9
8894183.9
8894183.8
8894183.8
8894183.7
8894183.6
8894183.6
8894183.5
8894183.4
8894183.4
8894183.4
8894183.4
8894183.5
8894183.5
8894183.6
8894183.7
8894183.7
8894183.8
8894183.9
8894184
8894184
8894184.1
8894184.2
8894184.2
8894184.2
8894184.2
8894184.2
8894184.2
8894184.2
8894184.2
8894184.2
8894184.2
8894184.2
8894184.2
8894184.1
8894184.1
8894184.1
8894184.1
8894184.1
8894184.1
8894184.1
8894184
8894184
8894183.9
8894183.9
8894183.8
8894183.7
8894183.6
8894183.6
8894183.5
8894183.5
8894183.6
8894183.6
8894183.7
8894183.8
8894183.9
8894183.9
8894184
8894184
8894184.1
8894184.2
8894184.3
8894184.3
8894184.3
8894184.3
8894184.3
8894184.3
8894184.3
8894184.3
8894184.3
8894184.3
8894184.3
8894184.3
8894184.3
8894184.3
8894184.3
8894184.3
8894184.3
8894184.3
8894184.2
8894184.2
8894184.2
8894184.1
8894184.1
8894184
8894183.9
8894183.9
8894183.8
8894183.7
8894183.7
8894183.7
8894183.7
8894183.8
8894183.9
8894184
8894184
8894184.1
8894184.1
8894184.2
8894184.3
8894184.3
8894184.5
8894184.5
8894184.5
8894184.5
8894184.5
8894184.5
8894184.5
8894184.5
8894184.5
8894184.5
8894184.5
8894184.5
8894184.4
8894184.4
8894184.4
8894184.4
8894184.4
8894184.4
8894184.4
8894184.3
8894184.3
8894184.3
8894184.2
8894184.1
8894184.1
8894184
8894183.9
8894183.9
8894183.8
8894183.9
8894183.9
8894184
8894184
8894184.1
8894184.2
8894184.2
8894184.3
8894184.4
8894184.5
8894184.5
8894184.6
8894184.6
8894184.6
8894184.6
8894184.6
8894184.6
8894184.6
8894184.6
8894184.6
8894184.6
8894184.6
8894184.6
8894184.6
8894184.6
8894184.6
8894184.6
8894184.6
8894184.5
8894184.5
8894184.5
8894184.4
8894184.4
8894184.3
8894184.3
8894184.2
8894184.1
8894184.1
8894184
8894184
8894184
8894184.1
8894184.1
8894184.2
8894184.3
8894184.3
8894184.4
8894184.5
8894184.5
8894184.6
8894184.7
8894184.8
8894184.8
8894184.8
8894184.8
8894184.8
8894184.8
8894184.8
8894184.8
8894184.8
8894184.7
8894184.7
8894184.7
8894184.7
8894184.7
8894184.7
8894184.7
8894184.7
8894184.7
8894184.7
8894184.6
8894184.6
8894184.5
8894184.5
8894184.4
8894184.4
8894184.3
8894184.2
8894184.2
8894184.2
8894184.2
8894184.2
8894184.3
8894184.4
8894184.4
8894184.5
8894184.6
8894184.6
8894184.7
8894184.8
8894184.8
8894184.9
8894184.9
8894184.9
8894184.9
8894184.9
8894184.9
8894184.9
8894184.9
8894184.9
8894184.9
8894184.9
8894184.9
8894184.9
8894184.9
8894184.9
8894184.8
8894184.8
8894184.8
8894184.8
8894184.8
8894184.7
8894184.7
8894184.6
8894184.6
8894184.5
8894184.4
8894184.4
8894184.3
8894184.3
8894184.3
8894184.4
8894184.4
8894184.5
8894184.6
8894184.6
8894184.7
8894184.8
8894184.8
8894184.9
8894185
8894185.1
8894185
8894185
8894185
8894185
8894185
8894185
8894185
8894185
8894185
8894185
8894185
8894185
8894185
8894185
8894185
8894185
8894184.9
8894184.9
8894184.9
8894184.9
8894184.8
8894184.8
8894184.7
8894184.6
8894184.6
8894184.5
8894184.5
8894184.5
8894184.5
8894184.5
8894184.6
8894184.7
8894184.7
8894184.8
8894184.9
8894184.9
8894185
8894185.1
8894185.1
8894185.3
8894185.2
8894185.2
8894185.2
8894185.2
8894185.2
8894185.2
8894185.2
8894185.2
8894185.2
8894185.2
8894185.2
8894185.1
8894185.1
8894185.1
8894185.1
8894185.1
8894185.1
8894185
8894185
8894185
8894184.9
8894184.9
8894184.8
8894184.8
8894184.7
8894184.7
8894184.6
8894184.6
8894184.6
8894184.7
8894184.7
8894184.8
8894184.9
8894184.9
8894185
8894185.1
8894185.1
8894185.2
8894185.3
8894185.4
8894185.3
8894185.3
8894185.3
8894185.3
8894185.3
8894185.3
8894185.3
8894185.3
8894185.3
8894185.3
8894185.3
8894185.3
8894185.3
8894185.3
8894185.2
8894185.2
8894185.2
8894185.2
8894185.1
8894185.1
8894185.1
8894185
8894185
8894184.9
8894184.8
8894184.8
8894184.8
8894184.7
8894184.8
8894184.8
8894184.9
8894185
8894185
8894185.1
8894185.2
8894185.2
8894185.3
8894185.4
8894185.4
8894185.6
8894185.4
8894185.4
8894185.4
8894185.4
8894185.4
8894185.4
8894185.4
8894185.4
8894185.4
8894185.4
8894185.4
8894185.4
8894185.4
8894185.4
8894185.4
8894185.3
8894185.3
8894185.3
8894185.3
8894185.2
8894185.2
8894185.1
8894185.1
8894185
8894185
8894184.9
8894184.9
8894184.9
8894184.9
8894185
8894185
8894185.1
8894185.2
8894185.2
8894185.3
8894185.4
8894185.4
8894185.5
8894185.6
8894185.7
8894185.6
8894185.6
8894185.6
8894185.6
8894185.6
8894185.6
8894185.6
8894185.6
8894185.6
8894185.5
8894185.5
8894185.5
8894185.5
8894185.5
8894185.5
8894185.5
8894185.4
8894185.4
8894185.4
8894185.4
8894185.3
8894185.3
8894185.2
8894185.2
8894185.1
8894185.1
8894185
8894185
8894185
8894185.1
8894185.2
8894185.2
8894185.3
8894185.4
8894185.4
8894185.5
8894185.6
8894185.7
8894185.7
8894185.8
8894185.7
8894185.7
8894185.7
8894185.7
8894185.7
8894185.7
8894185.7
8894185.7
8894185.7
8894185.7
8894185.7
8894185.7
8894185.6
8894185.6
8894185.6
8894185.6
8894185.6
8894185.5
8894185.5
8894185.5
8894185.4
8894185.4
8894185.3
8894185.3
8894185.2
8894185.2
8894185.2
8894185.2
8894185.2
8894185.2
8894185.3
8894185.4
8894185.4
8894185.5
8894185.6
8894185.6
8894185.7
8894185.8
8894185.9
8894186
8894185.8
8894185.8
8894185.8
8894185.8
8894185.8
8894185.8
8894185.8
8894185.8
8894185.8
8894185.8
8894185.8
8894185.8
8894185.8
8894185.7
8894185.7
8894185.7
8894185.7
8894185.7
8894185.6
8894185.6
8894185.5
8894185.5
8894185.4
8894185.4
8894185.3
8894185.3
8894185.3
8894185.3
8894185.3
8894185.4
8894185.4
8894185.5
8894185.6
8894185.6
8894185.7
8894185.8
8894185.8
8894185.9
8894186
8894186.1
8894185.9
8894185.9
8894185.9
8894185.9
8894185.9
8894185.9
8894185.9
8894185.9
8894185.9
8894185.9
8894185.9
8894185.9
8894185.9
8894185.9
8894185.8
8894185.8
8894185.8
8894185.8
8894185.7
8894185.7
8894185.7
8894185.6
8894185.6
8894185.5
8894185.5
8894185.4
8894185.4
8894185.4
8894185.4
8894185.5
8894185.6
8894185.6
8894185.7
8894185.8
8894185.8
8894185.9
8894186
8894186.1
8894186.1
8894186.2
8894186.1
8894186.1
8894186.1
8894186.1
8894186.1
8894186.1
8894186
8894186
8894186
8894186
8894186
8894186
8894186
8894186
8894186
8894185.9
8894185.9
8894185.9
8894185.9
8894185.8
8894185.8
8894185.7
8894185.7
8894185.6
8894185.6
8894185.6
8894185.5
8894185.5
8894185.6
8894185.6
8894185.7
8894185.8
8894185.8
8894185.9
8894186
8894186
8894186.1
8894186.2
8894186.3
8894186.4
8894186.2
8894186.2
8894186.2
8894186.2
8894186.2
8894186.2
8894186.2
8894186.2
8894186.1
8894186.1
8894186.1
8894186.1
8894186.1
8894186.1
8894186.1
8894186.1
8894186
8894186
8894186
8894185.9
8894185.9
8894185.8
8894185.8
8894185.7
8894185.7
8894185.7
8894185.7
8894185.7
8894185.7
8894185.7
8894185.8
8894185.9
8894185.9
8894186
8894186.1
8894186.2
8894186.2
8894186.3
8894186.4
8894186.5
8894186.3
8894186.3
8894186.3
8894186.3
8894186.3
8894186.3
8894186.3
8894186.3
8894186.3
8894186.3
8894186.2
8894186.2
8894186.2
8894186.2
8894186.2
8894186.2
8894186.1
8894186.1
8894186.1
8894186
8894186
8894185.9
8894185.9
8894185.9
8894185.8
8894185.8
8894185.8
8894185.8
8894185.8
8894185.9
8894185.9
8894186
8894186.1
8894186.1
8894186.2
8894186.3
8894186.4
8894186.5
8894186.5
8894186.6
8894186.4
8894186.4
8894186.4
8894186.4
8894186.4
8894186.4
8894186.4
8894186.4
8894186.4
8894186.4
8894186.4
8894186.3
8894186.3
8894186.3
8894186.3
8894186.3
8894186.2
8894186.2
8894186.2
8894186.1
8894186.1
8894186.1
8894186
8894186
8894185.9
8894185.9
8894185.9
8894185.9
8894185.9
8894186
8894186
8894186.1
8894186.2
8894186.3
8894186.3
8894186.4
8894186.5
8894186.6
8894186.6
8894186.7
8894186.5
8894186.5
8894186.5
8894186.5
8894186.5
8894186.5
8894186.5
8894186.5
8894186.5
8894186.5
8894186.5
8894186.4
8894186.4
8894186.4
8894186.4
8894186.4
8894186.3
8894186.3
8894186.3
8894186.2
8894186.2
8894186.2
8894186.1
8894186.1
8894186
8894186
8894186
8894186
8894186
8894186.1
8894186.2
8894186.2
8894186.3
8894186.4
8894186.4
8894186.5
8894186.6
8894186.7
8894186.7
8894186.9
8894186.6
8894186.6
8894186.6
8894186.6
8894186.6
8894186.6
8894186.6
8894186.6
8894186.6
8894186.6
8894186.6
8894186.5
8894186.5
8894186.5
8894186.5
8894186.5
8894186.4
8894186.4
8894186.4
8894186.3
8894186.3
8894186.3
8894186.2
8894186.2
8894186.1
8894186.1
8894186.1
8894186.1
8894186.2
8894186.2
8894186.3
8894186.3
8894186.4
8894186.5
8894186.6
8894186.6
8894186.7
8894186.8
8894186.9
8894187
8894186.7
8894186.7
8894186.7
8894186.7
8894186.7
8894186.7
8894186.7
8894186.7
8894186.7
8894186.7
8894186.7
8894186.6
8894186.6
8894186.6
8894186.6
8894186.6
8894186.5
8894186.5
8894186.5
8894186.4
8894186.4
8894186.4
8894186.3
8894186.3
8894186.2
8894186.2
8894186.2
8894186.2
8894186.3
8894186.3
8894186.4
8894186.5
8894186.5
8894186.6
8894186.7
8894186.7
8894186.8
8894186.9
8894187
8894187.1
8894186.8
8894186.8
8894186.8
8894186.8
8894186.8
8894186.8
8894186.8
8894186.8
8894186.8
8894186.8
8894186.8
8894186.7
8894186.7
8894186.7
8894186.7
8894186.7
8894186.6
8894186.6
8894186.6
8894186.5
8894186.5
8894186.5
8894186.4
8894186.4
8894186.3
8894186.3
8894186.3
8894186.3
8894186.4
8894186.4
8894186.5
8894186.6
8894186.6
8894186.7
8894186.8
8894186.9
8894186.9
8894187
8894187.1
8894187.2
8894186.9
8894186.9
8894186.9
8894186.9
8894186.9
8894186.9
8894186.9
8894186.9
8894186.9
8894186.9
8894186.9
8894186.8
8894186.8
8894186.8
8894186.8
8894186.8
8894186.7
8894186.7
8894186.7
8894186.6
8894186.6
8894186.5
8894186.5
8894186.5
8894186.4
8894186.4
8894186.4
8894186.4
8894186.5
8894186.5
8894186.6
8894186.7
8894186.7
8894186.8
8894186.9
8894187
8894187
8894187.1
8894187.2
8894187.3
8894187
8894187
8894187
8894187
8894187
8894187
8894187
8894187
8894187
8894187
8894186.9
8894186.9
8894186.9
8894186.9
8894186.9
8894186.9
8894186.8
8894186.8
8894186.8
8894186.7
8894186.7
8894186.6
8894186.6
8894186.6
8894186.5
8894186.5
8894186.5
8894186.5
8894186.6
8894186.6
8894186.7
8894186.8
8894186.8
8894186.9
8894187
8894187.1
8894187.1
8894187.2
8894187.3
8894187.4
8894187.1
8894187.1
8894187.1
8894187.1
8894187.1
8894187.1
8894187.1
8894187.1
8894187.1
8894187
8894187
8894187
8894187
8894187
8894187
8894186.9
8894186.9
8894186.9
8894186.8
8894186.8
8894186.8
8894186.7
8894186.7
8894186.7
8894186.6
8894186.6
8894186.6
8894186.6
8894186.7
8894186.7
8894186.8
8894186.9
8894186.9
8894187
8894187.1
8894187.2
8894187.2
8894187.3
8894187.4
8894187.5
8894187.2
8894187.2
8894187.2
8894187.2
8894187.2
8894187.2
8894187.2
8894187.2
8894187.1
8894187.1
8894187.1
8894187.1
8894187.1
8894187.1
8894187.1
8894187
8894187
8894187
8894186.9
8894186.9
8894186.9
8894186.8
8894186.8
8894186.7
8894186.7
8894186.7
8894186.7
8894186.7
8894186.8
8894186.8
8894186.9
8894187
8894187
8894187.1
8894187.2
8894187.3
8894187.3
8894187.4
8894187.5
8894187.6
8894187.3
8894187.3
8894187.3
8894187.3
8894187.3
8894187.3
8894187.3
8894187.2
8894187.2
8894187.2
8894187.2
8894187.2
8894187.2
8894187.2
8894187.1
8894187.1
8894187.1
8894187
8894187
8894187
8894186.9
8894186.9
8894186.9
8894186.8
8894186.8
8894186.8
8894186.8
8894186.8
8894186.9
8894186.9
8894187
8894187.1
8894187.1
8894187.2
8894187.3
8894187.4
8894187.4
8894187.5
8894187.6
8894187.7
8894187.4
8894187.4
8894187.4
8894187.4
8894187.3
8894187.3
8894187.3
8894187.3
8894187.3
8894187.3
8894187.3
8894187.3
8894187.3
8894187.2
8894187.2
8894187.2
8894187.2
8894187.1
8894187.1
8894187.1
8894187
8894187
8894186.9
8894186.9
8894186.9
8894186.9
8894186.9
8894186.9
8894187
8894187
8894187.1
8894187.1
8894187.2
8894187.3
8894187.4
8894187.4
8894187.5
8894187.6
8894187.7
8894187.8
8894187.4
8894187.4
8894187.4
8894187.4
8894187.4
8894187.4
8894187.4
8894187.4
8894187.4
8894187.4
8894187.4
8894187.4
8894187.3
8894187.3
8894187.3
8894187.3
8894187.2
8894187.2
8894187.2
8894187.1
8894187.1
8894187.1
8894187
8894187
8894187
8894187
8894187
8894187
8894187
8894187.1
8894187.2
8894187.2
8894187.3
8894187.4
8894187.5
8894187.5
8894187.6
8894187.7
8894187.8
8894187.9
8894187.5
8894187.5
8894187.5
8894187.5
8894187.5
8894187.5
8894187.5
8894187.5
8894187.5
8894187.5
8894187.4
8894187.4
8894187.4
8894187.4
8894187.4
8894187.3
8894187.3
8894187.3
8894187.2
8894187.2
8894187.2
8894187.1
8894187.1
8894187.1
8894187.1
8894187.1
8894187.1
8894187.1
8894187.1
8894187.2
8894187.2
8894187.3
8894187.4
8894187.5
8894187.5
8894187.6
8894187.7
8894187.8
8894187.8
8894188
8894187.6
8894187.6
8894187.6
8894187.6
8894187.6
8894187.6
8894187.6
8894187.6
8894187.6
8894187.5
8894187.5
8894187.5
8894187.5
8894187.5
8894187.4
8894187.4
8894187.4
8894187.4
8894187.3
8894187.3
8894187.2
8894187.2
8894187.2
8894187.2
8894187.1
8894187.1
8894187.1
8894187.2
8894187.2
8894187.3
8894187.3
8894187.4
8894187.5
8894187.5
8894187.6
8894187.7
8894187.8
8894187.9
8894187.9
8894188.1
8894187.7
8894187.7
8894187.7
8894187.7
8894187.7
8894187.7
8894187.6
8894187.6
8894187.6
8894187.6
8894187.6
8894187.6
8894187.6
8894187.5
8894187.5
8894187.5
8894187.5
8894187.4
8894187.4
8894187.4
8894187.3
8894187.3
8894187.3
8894187.2
8894187.2
8894187.2
8894187.2
8894187.2
8894187.3
8894187.3
8894187.4
8894187.5
8894187.5
8894187.6
8894187.7
8894187.8
8894187.8
8894188
8894188
8894188.1
8894187.7
8894187.7
8894187.7
8894187.7
8894187.7
8894187.7
8894187.7
8894187.7
8894187.7
8894187.7
8894187.7
8894187.6
8894187.6
8894187.6
8894187.6
8894187.6
8894187.5
8894187.5
8894187.5
8894187.4
8894187.4
8894187.4
8894187.3
8894187.3
8894187.3
8894187.3
8894187.3
8894187.3
8894187.4
8894187.4
8894187.5
8894187.6
8894187.6
8894187.7
8894187.8
8894187.9
8894187.9
8894188
8894188.1
8894188.2
8894187.8
8894187.8
8894187.8
8894187.8
8894187.8
8894187.8
8894187.8
8894187.8
8894187.8
8894187.7
8894187.7
8894187.7
8894187.7
8894187.7
8894187.6
8894187.6
8894187.6
8894187.6
8894187.5
8894187.5
8894187.5
8894187.4
8894187.4
8894187.4
8894187.4
8894187.4
8894187.4
8894187.4
8894187.4
8894187.5
8894187.6
8894187.6
8894187.7
8894187.8
8894187.8
8894187.9
8894188
8894188.1
8894188.2
8894188.3
8894187.9
8894187.9
8894187.9
8894187.9
8894187.9
8894187.9
8894187.8
8894187.8
8894187.8
8894187.8
8894187.8
8894187.8
8894187.8
8894187.7
8894187.7
8894187.7
8894187.7
8894187.6
8894187.6
8894187.6
8894187.5
8894187.5
8894187.5
8894187.4
8894187.4
8894187.4
8894187.4
8894187.5
8894187.5
8894187.6
8894187.6
8894187.7
8894187.8
8894187.8
8894187.9
8894188
8894188.1
8894188.2
8894188.2
8894188.4
8894187.9
8894187.9
8894187.9
8894187.9
8894187.9
8894187.9
8894187.9
8894187.9
8894187.9
8894187.9
8894187.9
8894187.8
8894187.8
8894187.8
8894187.8
8894187.7
8894187.7
8894187.7
8894187.6
8894187.6
8894187.6
8894187.5
8894187.5
8894187.5
8894187.5
8894187.5
8894187.5
8894187.5
8894187.6
8894187.6
8894187.7
8894187.8
8894187.8
8894187.9
8894188
8894188.1
8894188.1
8894188.2
8894188.3
8894188.4
8894188
8894188
8894188
8894188
8894188
8894188
8894188
8894188
8894187.9
8894187.9
8894187.9
8894187.9
8894187.9
8894187.9
8894187.8
8894187.8
8894187.8
8894187.7
8894187.7
8894187.7
8894187.6
8894187.6
8894187.6
8894187.6
8894187.6
8894187.6
8894187.6
8894187.6
8894187.6
8894187.7
8894187.8
8894187.8
8894187.9
8894188
8894188.1
8894188.1
8894188.2
8894188.3
8894188.4
8894188.5
8894188.1
8894188.1
8894188.1
8894188
8894188
8894188
8894188
8894188
8894188
8894188
8894188
8894188
8894187.9
8894187.9
8894187.9
8894187.9
8894187.8
8894187.8
8894187.8
8894187.7
8894187.7
8894187.7
8894187.6
8894187.6
8894187.6
8894187.6
8894187.6
8894187.7
8894187.7
8894187.8
8894187.8
8894187.9
8894188
8894188
8894188.1
8894188.2
8894188.3
8894188.4
8894188.4
8894188.5
8894188.1
8894188.1
8894188.1
8894188.1
8894188.1
8894188.1
8894188.1
8894188.1
8894188.1
8894188
8894188
8894188
8894188
8894188
8894187.9
8894187.9
8894187.9
8894187.8
8894187.8
8894187.8
8894187.7
8894187.7
8894187.7
8894187.7
8894187.7
8894187.7
8894187.7
8894187.7
8894187.8
8894187.8
8894187.9
8894187.9
8894188
8894188.1
8894188.2
8894188.3
8894188.3
8894188.4
8894188.5
8894188.6
8894188.2
8894188.2
8894188.2
8894188.2
8894188.1
8894188.1
8894188.1
8894188.1
8894188.1
8894188.1
8894188.1
8894188.1
8894188
8894188
8894188
8894188
8894187.9
8894187.9
8894187.9
8894187.8
8894187.8
8894187.8
8894187.7
8894187.7
8894187.7
8894187.7
8894187.7
8894187.8
8894187.8
8894187.9
8894187.9
8894188
8894188.1
8894188.2
8894188.2
8894188.3
8894188.4
8894188.5
8894188.5
8894188.7
8894188.2
8894188.2
8894188.2
8894188.2
8894188.2
8894188.2
8894188.2
8894188.2
8894188.2
8894188.1
8894188.1
8894188.1
8894188.1
8894188.1
8894188
8894188
8894188
8894187.9
8894187.9
8894187.9
8894187.8
8894187.8
8894187.8
8894187.8
8894187.8
8894187.8
8894187.8
8894187.8
8894187.9
8894187.9
8894188
8894188.1
8894188.1
8894188.2
8894188.3
8894188.4
8894188.4
8894188.5
8894188.6
8894188.7
8894188.3
8894188.3
8894188.3
8894188.3
8894188.2
8894188.2
8894188.2
8894188.2
8894188.2
8894188.2
8894188.2
8894188.2
8894188.1
8894188.1
8894188.1
8894188.1
8894188
8894188
8894188
8894187.9
8894187.9
8894187.9
8894187.8
8894187.8
8894187.8
8894187.8
8894187.8
8894187.9
8894187.9
8894188
8894188
8894188.1
8894188.2
8894188.3
8894188.3
8894188.4
8894188.5
8894188.6
8894188.7
8894188.8
8894188.3
8894188.3
8894188.3
8894188.3
8894188.3
8894188.3
8894188.3
8894188.3
8894188.3
8894188.2
8894188.2
8894188.2
8894188.2
8894188.2
8894188.1
8894188.1
8894188.1
8894188
8894188
8894188
8894187.9
8894187.9
8894187.9
8894187.9
8894187.9
8894187.9
8894187.9
8894187.9
8894188
8894188
8894188.1
8894188.2
8894188.2
8894188.3
8894188.4
8894188.5
8894188.5
8894188.6
8894188.7
8894188.8
8894188.3
8894188.3
8894188.3
8894188.3
8894188.3
8894188.3
8894188.3
8894188.3
8894188.3
8894188.3
8894188.3
8894188.2
8894188.2
8894188.2
8894188.2
8894188.1
8894188.1
8894188.1
8894188
8894188
8894188
8894188
8894187.9
8894187.9
8894187.9
8894187.9
8894187.9
8894188
8894188
8894188.1
8894188.1
8894188.2
8894188.3
8894188.4
8894188.4
8894188.5
8894188.6
8894188.7
8894188.7
8894188.9
8894188.4
8894188.4
8894188.4
8894188.4
8894188.4
8894188.4
8894188.4
8894188.3
8894188.3
8894188.3
8894188.3
8894188.3
8894188.3
8894188.2
8894188.2
8894188.2
8894188.1
8894188.1
8894188.1
8894188.1
8894188
8894188
8894188
8894188
8894188
8894188
8894188
8894188
8894188.1
8894188.1
8894188.2
8894188.2
8894188.3
8894188.4
8894188.5
8894188.6
8894188.6
8894188.7
8894188.8
8894188.9
8894188.4
8894188.4
8894188.4
8894188.4
8894188.4
8894188.4
8894188.4
8894188.4
8894188.4
8894188.4
8894188.3
8894188.3
8894188.3
8894188.3
8894188.2
8894188.2
8894188.2
8894188.2
8894188.1
8894188.1
8894188.1
8894188
8894188
8894188
8894188
8894188
8894188
8894188
8894188.1
8894188.1
8894188.2
8894188.3
8894188.4
8894188.4
8894188.5
8894188.6
8894188.7
8894188.8
8894188.8
8894188.9
8894188.5
8894188.5
8894188.5
8894188.4
8894188.4
8894188.4
8894188.4
8894188.4
8894188.4
8894188.4
8894188.4
8894188.3
8894188.3
8894188.3
8894188.3
8894188.2
8894188.2
8894188.2
8894188.2
8894188.1
8894188.1
8894188.1
8894188
8894188
8894188
8894188
8894188.1
8894188.1
8894188.1
8894188.2
8894188.2
8894188.3
8894188.4
8894188.5
8894188.5
8894188.6
8894188.7
8894188.8
8894188.9
8894189
8894188.5
8894188.5
8894188.5
8894188.5
8894188.5
8894188.5
8894188.5
8894188.4
8894188.4
8894188.4
8894188.4
8894188.4
8894188.4
8894188.3
8894188.3
8894188.3
8894188.2
8894188.2
8894188.2
8894188.2
8894188.1
8894188.1
8894188.1
8894188.1
8894188.1
8894188.1
8894188.1
8894188.1
8894188.2
8894188.2
8894188.3
8894188.4
8894188.4
8894188.5
8894188.6
8894188.7
8894188.7
8894188.8
8894188.9
8894189
8894188.5
8894188.5
8894188.5
8894188.5
8894188.5
8894188.5
8894188.5
8894188.5
8894188.5
8894188.4
8894188.4
8894188.4
8894188.4
8894188.4
8894188.3
8894188.3
8894188.3
8894188.2
8894188.2
8894188.2
8894188.1
8894188.1
8894188.1
8894188.1
8894188.1
8894188.1
8894188.1
8894188.1
8894188.2
8894188.2
8894188.3
8894188.4
8894188.5
8894188.5
8894188.6
8894188.7
8894188.8
8894188.9
8894188.9
8894189
8894188.5
8894188.5
8894188.5
8894188.5
8894188.5
8894188.5
8894188.5
8894188.5
8894188.5
8894188.5
8894188.5
8894188.4
8894188.4
8894188.4
8894188.4
8894188.3
8894188.3
8894188.3
8894188.2
8894188.2
8894188.2
8894188.1
8894188.1
8894188.1
8894188.1
8894188.1
8894188.1
8894188.2
8894188.2
8894188.3
8894188.3
8894188.4
8894188.5
8894188.6
8894188.6
8894188.7
8894188.8
8894188.9
8894189
8894189.1
8894188.6
8894188.6
8894188.6
8894188.6
8894188.6
8894188.5
8894188.5
8894188.5
8894188.5
8894188.5
8894188.5
8894188.5
8894188.4
8894188.4
8894188.4
8894188.4
8894188.3
8894188.3
8894188.3
8894188.2
8894188.2
8894188.2
8894188.2
8894188.1
8894188.1
8894188.1
8894188.2
8894188.2
8894188.2
8894188.3
8894188.4
8894188.4
8894188.5
8894188.6
8894188.7
8894188.8
8894188.8
8894188.9
8894189
8894189.1
8894188.6
8894188.6
8894188.6
8894188.6
8894188.6
8894188.6
8894188.6
8894188.5
8894188.5
8894188.5
8894188.5
8894188.5
8894188.5
8894188.4
8894188.4
8894188.4
8894188.3
8894188.3
8894188.3
8894188.2
8894188.2
8894188.2
8894188.2
8894188.2
8894188.2
8894188.2
8894188.2
8894188.2
8894188.3
8894188.3
8894188.4
8894188.5
8894188.5
8894188.6
8894188.7
8894188.8
8894188.8
8894188.9
8894189
8894189.1
8894188.6
8894188.6
8894188.6
8894188.6
8894188.6
8894188.6
8894188.6
8894188.6
8894188.6
8894188.5
8894188.5
8894188.5
8894188.5
8894188.4
8894188.4
8894188.4
8894188.4
8894188.3
8894188.3
8894188.3
8894188.2
8894188.2
8894188.2
8894188.2
8894188.2
8894188.2
8894188.2
8894188.2
8894188.3
8894188.3
8894188.4
8894188.5
8894188.6
8894188.6
8894188.7
8894188.8
8894188.9
8894189
8894189
8894189.1
8894188.6
8894188.6
8894188.6
8894188.6
8894188.6
8894188.6
8894188.6
8894188.6
8894188.6
8894188.6
8894188.5
8894188.5
8894188.5
8894188.5
8894188.4
8894188.4
8894188.4
8894188.3
8894188.3
8894188.3
8894188.3
8894188.2
8894188.2
8894188.2
8894188.2
8894188.2
8894188.2
8894188.3
8894188.3
8894188.4
8894188.4
8894188.5
8894188.6
8894188.6
8894188.7
8894188.8
8894188.9
8894189
8894189
8894189.2
8894188.6
8894188.6
8894188.6
8894188.6
8894188.6
8894188.6
8894188.6
8894188.6
8894188.6
8894188.6
8894188.5
8894188.5
8894188.5
8894188.5
8894188.5
8894188.4
8894188.4
8894188.4
8894188.3
8894188.3
8894188.3
8894188.2
8894188.2
8894188.2
8894188.2
8894188.2
8894188.2
8894188.3
8894188.3
8894188.4
8894188.4
8894188.5
8894188.6
8894188.7
8894188.7
8894188.8
8894188.9
8894189
8894189.1
8894189.2
8894188.6
8894188.6
8894188.6
8894188.6
8894188.6
8894188.6
8894188.6
8894188.6
8894188.6
8894188.6
8894188.6
8894188.5
8894188.5
8894188.5
8894188.5
8894188.4
8894188.4
8894188.4
8894188.3
8894188.3
8894188.3
8894188.3
8894188.2
8894188.2
8894188.2
8894188.2
8894188.3
8894188.3
8894188.3
8894188.4
8894188.5
8894188.5
8894188.6
8894188.7
8894188.7
8894188.8
8894188.9
8894189
8894189.1
8894189.2
8894188.7
8894188.7
8894188.7
8894188.6
8894188.6
8894188.6
8894188.6
8894188.6
8894188.6
8894188.6
8894188.6
8894188.5
8894188.5
8894188.5
8894188.5
8894188.4
8894188.4
8894188.4
8894188.3
8894188.3
8894188.3
8894188.3
8894188.2
8894188.2
8894188.2
8894188.2
8894188.3
8894188.3
8894188.3
8894188.4
8894188.5
8894188.5
8894188.6
8894188.7
8894188.8
8894188.8
8894188.9
8894189
8894189.1
8894189.2
8894188.7
8894188.7
8894188.7
8894188.7
8894188.6
8894188.6
8894188.6
8894188.6
8894188.6
8894188.6
8894188.6
8894188.5
8894188.5
8894188.5
8894188.5
8894188.4
8894188.4
8894188.4
8894188.4
8894188.3
8894188.3
8894188.3
8894188.2
8894188.2
8894188.2
8894188.2
8894188.3
8894188.3
8894188.3
8894188.4
8894188.5
8894188.5
8894188.6
8894188.7
8894188.8
8894188.9
8894188.9
8894189
8894189.1
8894189.2
8894188.7
8894188.7
8894188.7
8894188.7
8894188.6
8894188.6
8894188.6
8894188.6
8894188.6
8894188.6
8894188.6
8894188.6
8894188.5
8894188.5
8894188.5
8894188.4
8894188.4
8894188.4
8894188.4
8894188.3
8894188.3
8894188.3
8894188.3
8894188.2
8894188.2
8894188.3
8894188.3
8894188.3
8894188.4
8894188.4
8894188.5
8894188.5
8894188.6
8894188.7
8894188.8
8894188.9
8894188.9
8894189
8894189.1
8894189.2
8894188.7
8894188.7
8894188.7
8894188.7
8894188.7
8894188.6
8894188.6
8894188.6
8894188.6
8894188.6
8894188.6
8894188.6
8894188.5
8894188.5
8894188.5
8894188.5
8894188.4
8894188.4
8894188.4
8894188.3
8894188.3
8894188.3
8894188.3
8894188.2
8894188.2
8894188.3
8894188.3
8894188.3
8894188.4
8894188.4
8894188.5
8894188.5
8894188.6
8894188.7
8894188.8
8894188.9
8894188.9
8894189
8894189.1
8894189.2
)
;

boundaryField
{
    piston
    {
        type            zeroGradient;
    }
    cylinderHead
    {
        type            zeroGradient;
    }
    cylinderWall
    {
        type            zeroGradient;
    }
    wedgeFront
    {
        type            wedge;
    }
    wedgeBack
    {
        type            wedge;
    }
    axis
    {
        type            empty;
    }
}


// ************************************************************************* //
