/*--------------------------------*- C++ -*----------------------------------*\
  =========                 |
  \\      /  F ield         | OpenFOAM: The Open Source CFD Toolbox
   \\    /   O peration     | Website:  https://openfoam.org
    \\  /    A nd           | Version:  13
     \\/     M anipulation  |
\*---------------------------------------------------------------------------*/
FoamFile
{
    format      ascii;
    class       volScalarField;
    location    "17";
    object      rho;
}
// * * * * * * * * * * * * * * * * * * * * * * * * * * * * * * * * * * * * * //

dimensions      [1 -3 0 0 0 0 0];

internalField   nonuniform List<scalar> 
4800
(
15.582567
15.582958
15.582764
15.582835
15.582944
15.583086
15.583319
15.5836
15.584053
15.584695
15.585564
15.586785
15.588477
15.590786
15.594014
15.598535
15.604923
15.614064
15.627291
15.646389
15.672946
15.702523
15.702795
15.602995
15.432688
15.396615
15.731337
16.675659
17.423252
17.181134
16.334299
15.605045
15.220127
15.200939
15.249807
15.20215
14.89716
14.375033
13.769006
13.025603
11.995024
11.995638
11.995593
11.99561
11.995658
11.995738
11.995882
11.996061
11.996363
11.996796
11.997394
11.998248
11.999446
12.001101
12.003438
12.006744
12.011461
12.018276
12.028233
12.042746
12.062972
12.084106
12.077644
11.990623
11.873725
11.90468
12.283944
13.044121
13.594193
13.295329
12.473415
11.88008
11.684978
11.684925
11.719389
11.678148
11.476519
11.155146
10.845401
10.545597
10.451614
10.452393
10.452493
10.452433
10.452383
10.452357
10.452362
10.452378
10.452454
10.452594
10.45282
10.453188
10.45375
10.454583
10.45583
10.457681
10.460433
10.46456
10.4708
10.480201
10.49334
10.504847
10.491115
10.417449
10.348415
10.445484
10.855109
11.447319
11.77685
11.398831
10.681735
10.277235
10.177295
10.192601
10.219026
10.193535
10.086249
9.9409006
9.8142499
9.7207424
9.7695565
9.7703457
9.7705463
9.770408
9.7702567
9.7701094
9.7699568
9.7697776
9.769589
9.7693839
9.7691642
9.7689463
9.7687379
9.768555
9.7684361
9.7684276
9.7686063
9.7690889
9.7700367
9.7715606
9.7733069
9.7716321
9.7486947
9.6850667
9.6517481
9.7947878
10.182843
10.62788
10.771946
10.369799
9.79818
9.5445478
9.4996949
9.5295059
9.5590767
9.5551318
9.5105709
9.4503462
9.4136384
9.4371183
9.4665085
9.4672517
9.46749
9.4673139
9.4671123
9.4669025
9.4666665
9.4663831
9.4660517
9.4656596
9.4651965
9.4646555
9.4640188
9.4632664
9.4623752
9.4613061
9.4600007
9.4583561
9.456166
9.4529065
9.4469742
9.4328688
9.395099
9.3292901
9.3176896
9.4827604
9.827103
10.134516
10.157137
9.7739769
9.3462368
9.1940642
9.1831297
9.225682
9.2615683
9.2715541
9.2607993
9.2469039
9.2563654
9.3439087
9.3346804
9.3353562
9.3355999
9.3354089
9.3351865
9.334948
9.334672
9.3343373
9.3339343
9.3334467
9.3328569
9.3321448
9.331278
9.3302148
9.3288955
9.3272292
9.3250744
9.3221893
9.3181265
9.3119123
9.3011657
9.2790272
9.2308199
9.1575003
9.1513986
9.3148695
9.6113818
9.8081438
9.7578758
9.4170044
9.1069297
9.0182412
9.030315
9.082174
9.123789
9.144553
9.1536199
9.1642901
9.1962389
9.3153925
9.2832754
9.2838764
9.2841069
9.2839172
9.2836942
9.283451
9.2831658
9.2828179
9.2823931
9.281874
9.2812394
9.280462
9.2795026
9.2783074
9.2767985
9.2748572
9.2722968
9.2687992
9.2637783
9.2559801
9.2424114
9.215638
9.1595552
9.075897
9.0637367
9.2155609
9.4604051
9.5797907
9.4889504
9.1966518
8.9741184
8.9235624
8.9528093
9.0136982
9.0594762
9.0886183
9.1097363
9.1329644
9.1738194
9.307402
9.2682822
9.2687919
9.2689935
9.2688193
9.2686136
9.2683864
9.2681177
9.2677885
9.2673831
9.2668844
9.2662709
9.2655118
9.2645675
9.2633786
9.2618615
9.2598864
9.2572471
9.2535932
9.2482691
9.2398573
9.2250748
9.1959519
9.1342407
9.0404982
9.015897
9.1494768
9.3452593
9.4134738
9.3029916
9.0557007
8.8947425
8.8681855
8.9140999
8.981952
9.0296594
9.0648306
9.0936473
9.1227456
9.1655451
9.305435
9.2667965
9.2672242
9.2673965
9.2672405
9.2670563
9.2668507
9.2666061
9.2663054
9.265934
9.2654753
9.2649082
9.264204
9.2633226
9.2622073
9.2607735
9.2588919
9.2563544
9.2527989
9.2475254
9.2390032
9.2238356
9.1937314
9.1289975
9.0287384
8.9886392
9.0987913
9.2539976
9.288865
9.1711346
8.9616426
8.8428989
8.8332528
8.897421
8.9691849
9.0165903
9.0554245
9.0893461
9.1206495
9.1625162
9.3050875
9.275768
9.2760655
9.2761863
9.2760681
9.2759282
9.2757699
9.2755801
9.2753457
9.2750546
9.2746931
9.2742435
9.2736812
9.272972
9.2720667
9.2708914
9.2693318
9.2672006
9.2641661
9.2595487
9.2519834
9.2382045
9.2081661
9.139062
9.0269587
8.9716187
9.0567188
9.1799254
9.1933473
9.075198
8.8959206
8.8057026
8.8099823
8.8928834
8.966125
9.0120887
9.0524072
9.0896059
9.1232137
9.1615213
9.3051884
9.2861945
9.2863907
9.2864697
9.2863861
9.2862869
9.2861735
9.2860368
9.2858675
9.2856565
9.2853937
9.2850657
9.2846533
9.2841306
9.2834593
9.2825815
9.2814068
9.2797848
9.2774404
9.2738188
9.2677848
9.2563085
9.2282722
9.1585204
9.035618
8.9608148
9.0205244
9.1187584
9.1186102
9.0035209
8.8482086
8.7775041
8.7970289
8.8972905
8.9718021
9.011704
9.052053
9.0940335
9.1289058
9.1613399
9.3054006
9.2944984
9.2946188
9.2946664
9.2946113
9.2945458
9.2944702
9.2943789
9.2942656
9.2941241
9.2939476
9.2937267
9.2934481
9.2930935
9.292636
9.2920342
9.291223
9.2900922
9.2884293
9.2858581
9.2814802
9.272451
9.2478961
9.1810682
9.0511097
8.9549127
8.9889584
9.067656
9.0589565
8.9486512
8.8122792
8.7561075
8.792291
8.9133545
8.9881363
9.0187315
9.055029
9.1006174
9.1364989
9.1618334
9.3055944
9.3000707
9.3001395
9.3001656
9.3001314
9.3000908
9.3000436
9.2999864
9.2999155
9.2998269
9.2997164
9.2995779
9.299403
9.2991796
9.2988903
9.2985078
9.2979889
9.2972588
9.2961765
9.2944941
9.2915694
9.2848011
9.2645506
9.2035202
9.070783
8.95256
8.9616611
9.0242774
9.0105326
8.9058012
8.7843299
8.7392633
8.7918621
8.9373278
9.0133306
9.0341583
9.0619171
9.1089731
9.1456703
9.162748
9.3057571
9.3034052
9.3034417
9.3034546
9.3034343
9.3034102
9.3033821
9.3033481
9.303306
9.3032536
9.3031882
9.3031064
9.3030029
9.3028705
9.3026984
9.30247
9.3021581
9.3017146
9.3010639
9.3000402
9.2981787
9.2933819
9.2775698
9.2242241
9.0934573
8.9534281
8.9385369
8.9869259
8.9706103
8.8717587
8.7620297
8.7256692
8.7961811
8.9654928
9.0445267
9.0579689
9.0738904
9.1192638
9.1563265
9.1640005
9.305887
9.3051725
9.3051903
9.3051955
9.3051839
9.3051703
9.3051543
9.3051351
9.3051115
9.3050824
9.3050464
9.3050014
9.3049449
9.3048727
9.3047792
9.3046552
9.3044855
9.3042424
9.3038813
9.3033016
9.302156
9.2989319
9.2871724
9.2423653
9.1178496
8.9590402
8.9193362
8.9543886
8.9371988
8.8443296
8.743918
8.7145769
8.805883
8.9950403
9.0782715
9.0885718
9.0919712
9.131727
9.1684225
9.1655561
9.3059745
9.3060283
9.3060364
9.3060378
9.3060308
9.3060227
9.3060133
9.306002
9.3059884
9.3059719
9.3059517
9.3059268
9.3058957
9.3058564
9.3058058
9.305739
9.3056475
9.3055182
9.3053275
9.3050216
9.3043744
9.3023174
9.2939391
9.2576529
9.1428354
8.9697659
8.9039751
8.9258094
8.9088084
8.8219701
8.7290105
8.705333
8.8212644
9.024213
9.1114887
9.1229278
9.1161589
9.146756
9.181636
9.1673763
9.3060029
9.3064068
9.3064101
9.3064096
9.306405
9.3063997
9.3063936
9.3063865
9.3063781
9.306368
9.306356
9.3063415
9.3063237
9.3063016
9.3062735
9.3062366
9.3061863
9.3061168
9.3060156
9.3058533
9.3054998
9.3042773
9.2985283
9.2701201
9.1674308
8.9857419
8.8929545
8.9006132
8.8842972
8.8035462
8.716644
8.6975158
8.8423721
9.0521272
9.1421649
9.1574598
9.1449409
9.1645561
9.1954501
9.1694213
9.3059847
9.306548
9.3065491
9.3065477
9.3065442
9.3065403
9.3065358
9.3065306
9.3065247
9.3065177
9.3065096
9.3065001
9.3064886
9.3064747
9.3064573
9.3064348
9.3064056
9.3063664
9.306311
9.306223
9.3060336
9.305347
9.3015384
9.2799991
9.1909302
9.0069748
8.8873868
8.8783901
8.8627645
8.7881575
8.7065388
8.6927447
8.8684328
9.0784665
9.1693878
9.1891417
9.1756194
9.1847208
9.2092236
9.1717037
9.3059073
9.3065825
9.3065828
9.3065811
9.306578
9.3065746
9.3065707
9.3065663
9.3065612
9.3065554
9.3065488
9.3065411
9.306532
9.306521
9.3065077
9.3064921
9.3064731
9.3064485
9.3064147
9.3063629
9.3062602
9.3058826
9.3034521
9.2876176
9.2128475
9.0326977
8.8857839
8.8591061
8.8435038
8.7750689
8.6984654
8.6913285
8.8979229
9.1031769
9.1929853
9.2162355
9.2050575
9.2062054
9.2222739
9.1742626
9.3057584
9.3065665
9.3065661
9.3065641
9.3065614
9.3065585
9.3065552
9.3065515
9.3065473
9.3065427
9.3065375
9.3065316
9.3065249
9.306517
9.3065077
9.3064962
9.3064815
9.3064625
9.3064364
9.3063985
9.3063369
9.30613
9.304631
9.2933356
9.2326538
9.0620794
8.8895037
8.8429433
8.8260021
8.7636651
8.6920561
8.69463
8.9290737
9.1262704
9.2131753
9.2383242
9.2308463
9.2270535
9.2340171
9.1771586
9.3055235
9.3065113
9.3065106
9.3065085
9.306506
9.3065033
9.3065002
9.3064968
9.3064931
9.306489
9.3064844
9.3064794
9.3064737
9.3064672
9.3064597
9.306451
9.3064403
9.3064267
9.3064085
9.3063859
9.306351
9.306227
9.3053314
9.2975106
9.2499358
9.0940495
8.90065
8.8306052
8.8099792
8.7535276
8.6868235
8.7075405
8.9604365
9.1477563
9.2303116
9.25569
9.2518509
9.2456989
9.2439216
9.1802787
9.3051834
9.3064406
9.3064398
9.3064377
9.3064352
9.3064326
9.3064297
9.3064265
9.3064229
9.306419
9.3064147
9.30641
9.3064047
9.3063988
9.3063921
9.3063844
9.3063753
9.3063639
9.3063493
9.3063352
9.3063209
9.3062524
9.3057242
9.3004732
9.2644652
9.1271664
8.9197667
8.8242775
8.7954553
8.7443417
8.6830944
8.7321612
8.991124
9.1676392
9.2447478
9.2689433
9.2679921
9.2612174
9.251986
9.183428
9.3047281
9.3063645
9.3063636
9.3063615
9.3063591
9.3063565
9.3063537
9.3063505
9.306347
9.3063432
9.306339
9.3063344
9.3063293
9.3063236
9.3063173
9.30631
9.3063015
9.3062908
9.3062781
9.3062689
9.3062646
9.3062364
9.3059212
9.3025122
9.2762191
9.1598362
8.946645
8.8225734
8.7827468
8.7359841
8.6816843
8.7672575
9.0210174
9.186162
9.2566669
9.2789414
9.2798498
9.273286
9.2583113
9.1862526
9.3043315
9.3062869
9.3062859
9.3062838
9.3062814
9.3062789
9.306276
9.3062729
9.3062694
9.3062656
9.3062615
9.3062569
9.306252
9.3062464
9.3062402
9.3062331
9.3062247
9.3062143
9.3062029
9.306197
9.3061976
9.3061896
9.3060072
9.3038689
9.2853618
9.1907315
8.9807284
8.8268483
8.7743373
8.7295457
8.6836853
8.806851
9.0514586
9.2037613
9.2666907
9.2864232
9.2882347
9.2821285
9.2630993
9.1886729
9.3040208
9.3062091
9.3062081
9.306206
9.3062036
9.3062011
9.3061982
9.3061951
9.3061916
9.3061879
9.3061838
9.3061793
9.3061743
9.3061688
9.3061627
9.3061556
9.3061474
9.3061371
9.3061268
9.3061234
9.3061265
9.3061288
9.3060335
9.3047367
9.2921908
9.2186218
9.0208003
8.8398594
8.7711281
8.7268689
8.6939657
8.8490019
9.0820914
9.2202697
9.2751331
9.291966
9.2939715
9.2882902
9.2666026
9.1907184
9.3037828
9.3061317
9.3061307
9.3061286
9.3061262
9.3061237
9.3061208
9.3061177
9.3061143
9.3061105
9.3061064
9.3061019
9.306097
9.3060916
9.3060854
9.3060784
9.3060702
9.30606
9.3060511
9.3060495
9.306054
9.3060615
9.3060228
9.3052652
9.2970811
9.2425038
9.0647404
8.8628266
8.7726964
8.72686
8.7150019
8.8933951
9.1124799
9.2354662
9.2821569
9.2960159
9.2977835
9.2923958
9.2691021
9.1924469
9.3036013
9.3060548
9.3060538
9.3060517
9.3060494
9.3060469
9.306044
9.3060409
9.3060374
9.3060337
9.3060296
9.3060251
9.3060202
9.3060148
9.3060087
9.3060017
9.3059934
9.3059836
9.3059761
9.305976
9.3059811
9.3059913
9.3059821
9.3055566
9.300433
9.2618167
9.1094648
8.8954609
8.7819613
8.7335065
8.7466171
8.9398329
9.1420505
9.2491552
9.2878936
9.2989242
9.3002487
9.2950238
9.2708605
9.1939148
9.3034631
9.3059787
9.3059777
9.3059755
9.3059732
9.3059707
9.3059679
9.3059647
9.3059613
9.3059576
9.3059535
9.305949
9.3059441
9.3059387
9.3059326
9.3059256
9.3059172
9.3059078
9.3059019
9.3059028
9.3059084
9.30592
9.3059261
9.3056958
9.3026265
9.2764508
9.1511476
8.9369655
8.8024967
8.7504797
8.7883105
8.9877103
9.170162
9.2611895
9.2924775
9.3009703
9.3018018
9.2966469
9.2720978
9.1951697
9.3033577
9.3059032
9.3059022
9.3059001
9.3058977
9.3058952
9.3058924
9.3058893
9.3058858
9.3058821
9.305878
9.3058736
9.3058687
9.3058632
9.3058571
9.3058501
9.3058417
9.3058329
9.3058286
9.3058302
9.3058361
9.3058484
9.3058627
9.3057464
9.3039917
9.2868076
9.1882576
8.9847145
8.8345519
8.7797301
8.8390484
9.0358327
9.1961787
9.2714879
9.2960513
9.3023763
9.3027553
9.2976179
9.2729833
9.1962497
9.3032774
9.3058285
9.3058274
9.3058253
9.305823
9.3058205
9.3058177
9.3058145
9.3058111
9.3058074
9.3058033
9.3057989
9.305794
9.3057885
9.3057824
9.3057753
9.305767
9.305759
9.3057561
9.3057582
9.3057643
9.3057769
9.3057953
9.3057533
9.3047958
9.2938656
9.2195851
9.0355438
8.8770849
8.8212599
8.8966902
9.0827425
9.2195411
9.2800452
9.2987634
9.3033161
9.3033252
9.2981822
9.2736389
9.1971849
9.303216
9.3057545
9.3057535
9.3057514
9.3057491
9.3057466
9.3057438
9.3057406
9.3057372
9.3057335
9.3057294
9.3057249
9.30572
9.3057145
9.3057084
9.3057013
9.3056931
9.305686
9.3056843
9.3056867
9.305693
9.3057056
9.305726
9.3057234
9.3052219
9.2985001
9.2447737
9.0861894
8.927848
8.8734585
8.9582645
9.1268268
9.2398267
9.286933
9.3007616
9.3039233
9.3036514
9.2985018
9.2741477
9.1979988
9.3031687
9.3056814
9.3056803
9.3056782
9.3056759
9.3056734
9.3056706
9.3056675
9.305664
9.3056603
9.3056563
9.3056518
9.3056468
9.3056413
9.3056352
9.305628
9.30562
9.3056139
9.3056133
9.3056159
9.3056222
9.3056348
9.305656
9.3056716
9.3054187
9.3014325
9.2641041
9.1337443
8.9836296
8.9331335
9.0204557
9.1664894
9.2568052
9.2922924
9.302187
9.3042996
9.3038117
9.29868
9.2745636
9.1987098
9.3031319
9.3056091
9.305608
9.3056059
9.3056036
9.3056011
9.3055983
9.3055951
9.3055917
9.305588
9.3055839
9.3055794
9.3055745
9.3055689
9.3055627
9.3055555
9.3055479
9.3055429
9.305543
9.3055457
9.305552
9.3055646
9.3055857
9.3056099
9.3054903
9.3032157
9.2782819
9.17598
9.040783
8.9961245
9.0796769
9.2008114
9.2704796
9.296316
9.3031678
9.3045118
9.3038782
9.2987793
9.2749193
9.1993326
9.3031025
9.3055376
9.3055365
9.3055344
9.3055321
9.3055296
9.3055268
9.3055236
9.3055202
9.3055165
9.3055124
9.3055079
9.3055029
9.3054973
9.3054911
9.3054838
9.3054767
9.3054729
9.3054735
9.3054762
9.3054825
9.3054948
9.3055156
9.3055434
9.3055041
9.3042526
9.2882288
9.2115323
9.0957826
9.0580935
9.1330295
9.2292833
9.2810627
9.299226
9.3038152
9.3046124
9.3038962
9.2988355
9.2752336
9.1998788
9.3030781
9.305467
9.3054658
9.3054637
9.3054614
9.305459
9.3054562
9.305453
9.3054496
9.3054459
9.3054418
9.3054372
9.3054322
9.3054266
9.3054203
9.3054131
9.3054064
9.3054038
9.3054046
9.3054073
9.3054136
9.3054256
9.3054459
9.3054748
9.3054785
9.3048129
9.2949077
9.2399313
9.1457032
9.1152634
9.178611
9.2518891
9.2889262
9.3012502
9.304221
9.3046495
9.303891
9.298868
9.275517
9.2003583
9.3030569
9.3053972
9.3053961
9.305394
9.3053917
9.3053892
9.3053864
9.3053832
9.3053798
9.3053761
9.3053719
9.3053674
9.3053623
9.3053567
9.3053503
9.3053432
9.3053372
9.3053356
9.3053365
9.3053392
9.3053453
9.3053571
9.3053767
9.3054053
9.3054277
9.3050854
9.2992004
9.2614835
9.188545
9.1649418
9.2156068
9.2690559
9.2945345
9.3026012
9.304452
9.3046555
9.3038629
9.2988868
9.2757752
9.2007792
9.3030375
9.3053283
9.3053271
9.305325
9.3053228
9.3053203
9.3053175
9.3053143
9.3053109
9.3053071
9.305303
9.3052984
9.3052933
9.3052876
9.3052811
9.3052743
9.3052691
9.3052682
9.3052692
9.3052719
9.3052778
9.3052892
9.305308
9.3053358
9.3053661
9.3051988
9.30184
9.2770473
9.2233466
9.2057292
9.2441702
9.281521
9.2983719
9.3034631
9.3045631
9.3046349
9.3038224
9.2988965
9.2760111
9.2011483
9.3030189
9.3052603
9.3052591
9.305257
9.3052547
9.3052523
9.3052495
9.3052463
9.3052429
9.3052391
9.3052349
9.3052303
9.3052252
9.3052194
9.3052129
9.3052063
9.305202
9.3052017
9.3052027
9.3052052
9.305211
9.3052219
9.30524
9.3052667
9.3052997
9.3052314
9.30339
9.2877743
9.2501182
9.2374519
9.265173
9.2901767
9.3008882
9.3039845
9.3046053
9.3045967
9.3037751
9.2988997
9.2762266
9.2014719
9.3030003
9.3051931
9.305192
9.3051899
9.3051876
9.3051852
9.3051823
9.3051792
9.3051757
9.3051719
9.3051677
9.3051631
9.3051579
9.3051521
9.3051456
9.3051394
9.305136
9.305136
9.3051369
9.3051394
9.3051449
9.3051554
9.3051726
9.3051982
9.3052315
9.3052204
9.3042482
9.2948253
9.26965
9.2608716
9.2798955
9.2959262
9.3024661
9.3042705
9.3046129
9.3045491
9.3037245
9.2988991
9.2764227
9.2017551
9.302981
9.3051269
9.3051258
9.3051237
9.3051214
9.3051189
9.3051161
9.3051129
9.3051094
9.3051057
9.3051014
9.3050967
9.3050916
9.3050856
9.3050792
9.3050734
9.305071
9.3050711
9.305072
9.3050743
9.3050795
9.3050895
9.305106
9.3051303
9.3051628
9.3051781
9.3046794
9.299241
9.2831783
9.2773086
9.2897405
9.2995783
9.3034079
9.304407
9.3045916
9.3044958
9.3036727
9.298895
9.2766007
9.2020026
9.3029605
9.3050616
9.3050604
9.3050583
9.3050561
9.3050536
9.3050508
9.3050476
9.3050441
9.3050403
9.305036
9.3050313
9.3050261
9.3050201
9.3050138
9.3050086
9.3050068
9.305007
9.3050079
9.30501
9.3050149
9.3050244
9.30504
9.3050631
9.3050943
9.3051204
9.3048723
9.3018725
9.2920793
9.2882882
9.2960235
9.3017943
9.3039357
9.3044595
9.3045519
9.3044396
9.3036205
9.2988877
9.2767617
9.2022185
9.3029385
9.3049972
9.304996
9.3049939
9.3049917
9.3049892
9.3049863
9.3049831
9.3049796
9.3049758
9.3049715
9.3049667
9.3049614
9.3049555
9.3049494
9.3049448
9.3049436
9.3049438
9.3049445
9.3049465
9.3049511
9.3049601
9.3049748
9.3049968
9.3050264
9.3050563
9.3049383
9.3033608
9.2976437
9.2952734
9.2998507
9.3030748
9.3041992
9.3044703
9.3045033
9.304382
9.3035684
9.2988775
9.2769066
9.2024062
9.3029145
9.3049337
9.3049325
9.3049304
9.3049281
9.3049256
9.3049228
9.3049196
9.304916
9.3049122
9.3049078
9.3049031
9.3048977
9.3048917
9.3048859
9.3048821
9.3048813
9.3048814
9.304882
9.3048838
9.304888
9.3048965
9.3049104
9.3049313
9.3049592
9.3049896
9.3049466
9.3041357
9.3009471
9.2995063
9.3020719
9.303765
9.3043146
9.3044503
9.3044501
9.3043241
9.3035164
9.2988647
9.2770367
9.202569
9.3028884
9.3048711
9.3048699
9.3048677
9.3048655
9.304863
9.3048601
9.3048569
9.3048533
9.3048495
9.3048451
9.3048403
9.3048349
9.304829
9.3048235
9.3048204
9.3048198
9.3048199
9.3048203
9.3048219
9.3048258
9.3048337
9.3048469
9.3048666
9.3048928
9.3049221
9.304916
9.3045027
9.3028073
9.3019469
9.3032906
9.3041034
9.3043509
9.3044114
9.3043948
9.3042665
9.3034648
9.2988494
9.2771529
9.2027097
9.30286
9.3048093
9.3048081
9.304806
9.3048037
9.3048012
9.3047984
9.3047951
9.3047916
9.3047877
9.3047833
9.3047784
9.3047729
9.3047672
9.3047621
9.3047597
9.3047592
9.3047592
9.3047595
9.3047608
9.3047643
9.3047717
9.3047842
9.3048028
9.3048273
9.3048547
9.3048632
9.3046524
9.3037758
9.3032724
9.3039019
9.3042505
9.3043526
9.304364
9.3043386
9.3042094
9.3034136
9.2988319
9.2772564
9.2028305
9.3028292
9.3047485
9.3047473
9.3047451
9.3047429
9.3047404
9.3047375
9.3047342
9.3047307
9.3047267
9.3047223
9.3047174
9.3047119
9.3047063
9.3047018
9.3046999
9.3046994
9.3046993
9.3046995
9.3047005
9.3047037
9.3047106
9.3047223
9.3047398
9.3047627
9.304788
9.3048017
9.3046953
9.3042397
9.3039332
9.3041843
9.3042993
9.3043241
9.3043125
9.3042824
9.3041532
9.3033629
9.2988123
9.2773481
9.2029337
9.3027959
9.3046885
9.3046873
9.3046852
9.3046829
9.3046804
9.3046775
9.3046743
9.3046707
9.3046667
9.3046623
9.3046573
9.3046519
9.3046465
9.3046426
9.3046411
9.3046405
9.3046403
9.3046403
9.3046411
9.304644
9.3046503
9.3046614
9.3046778
9.304699
9.304722
9.3047368
9.3046876
9.3044361
9.3042356
9.3042965
9.3043059
9.3042823
9.3042592
9.3042266
9.3040977
9.3033125
9.2987909
9.277429
9.2030211
9.3027601
9.3046295
9.3046282
9.3046261
9.3046238
9.3046213
9.3046184
9.3046152
9.3046115
9.3046076
9.3046031
9.304598
9.3045927
9.3045877
9.3045844
9.3045831
9.3045825
9.3045822
9.304582
9.3045825
9.3045851
9.304591
9.3046013
9.3046166
9.3046362
9.3046571
9.3046709
9.3046466
9.3044979
9.3043539
9.3043271
9.3042804
9.304234
9.3042054
9.3041716
9.3040431
9.3032627
9.2987677
9.2774999
9.2030945
9.3027218
9.3045713
9.30457
9.3045679
9.3045656
9.3045631
9.3045602
9.3045569
9.3045533
9.3045493
9.3045448
9.3045397
9.3045345
9.3045299
9.3045272
9.304526
9.3045253
9.3045249
9.3045245
9.3045248
9.304527
9.3045325
9.3045421
9.3045563
9.3045743
9.3045931
9.3046052
9.3045903
9.304503
9.3043852
9.3043193
9.3042393
9.3041831
9.3041519
9.3041173
9.3039893
9.3032133
9.298743
9.2775616
9.2031552
9.302681
9.304514
9.3045127
9.3045106
9.3045083
9.3045058
9.3045029
9.3044996
9.3044959
9.3044919
9.3044873
9.3044823
9.3044773
9.3044732
9.3044709
9.3044698
9.304469
9.3044684
9.3044679
9.304468
9.3044699
9.3044748
9.3044837
9.3044968
9.3045133
9.30453
9.3045402
9.3045285
9.3044702
9.3043741
9.3042841
9.3041913
9.3041314
9.3040989
9.3040639
9.3039364
9.3031645
9.298717
9.277615
9.2032047
9.3026377
9.3044576
9.3044563
9.3044542
9.3044519
9.3044494
9.3044465
9.3044431
9.3044395
9.3044354
9.3044308
9.3044259
9.3044211
9.3044175
9.3044155
9.3044144
9.3044136
9.3044129
9.3044122
9.3044121
9.3044136
9.3044181
9.3044262
9.3044382
9.3044532
9.304468
9.3044763
9.3044652
9.3044184
9.3043345
9.3042368
9.3041405
9.3040798
9.3040467
9.3040113
9.3038843
9.3031162
9.2986896
9.2776606
9.203244
9.3025919
9.304402
9.3044007
9.3043986
9.3043963
9.3043938
9.3043909
9.3043876
9.3043838
9.3043797
9.3043751
9.3043704
9.3043659
9.3043628
9.3043611
9.3043599
9.304359
9.3043582
9.3043573
9.304357
9.3043582
9.3043621
9.3043696
9.3043805
9.304394
9.3044071
9.3044134
9.304402
9.3043602
9.3042828
9.3041848
9.3040891
9.3040286
9.3039951
9.3039596
9.303833
9.3030684
9.2986612
9.2776992
9.2032741
9.3025436
9.3043473
9.3043461
9.3043439
9.3043416
9.3043391
9.3043362
9.3043328
9.3043291
9.3043249
9.3043204
9.3043158
9.3043118
9.3043091
9.3043075
9.3043062
9.3043052
9.3043043
9.3043033
9.3043027
9.3043036
9.304307
9.3043137
9.3043237
9.3043358
9.3043471
9.3043516
9.3043395
9.3043
9.3042269
9.3041315
9.3040379
9.3039781
9.3039444
9.3039087
9.3037826
9.3030212
9.2986318
9.2777312
9.2032961
9.3024928
9.3042935
9.3042922
9.3042901
9.3042878
9.3042853
9.3042824
9.304279
9.3042752
9.304271
9.3042666
9.3042623
9.3042587
9.3042563
9.3042547
9.3042534
9.3042523
9.3042513
9.3042501
9.3042493
9.3042498
9.3042528
9.3042588
9.3042677
9.3042785
9.3042882
9.304291
9.3042781
9.3042397
9.30417
9.304078
9.3039872
9.3039283
9.3038945
9.3038587
9.303733
9.3029745
9.2986014
9.2777573
9.2033111
9.3024396
9.3042406
9.3042393
9.3042371
9.3042348
9.3042323
9.3042294
9.3042259
9.3042221
9.3042181
9.3042138
9.3042097
9.3042065
9.3042044
9.3042028
9.3042014
9.3042003
9.3041991
9.3041977
9.3041967
9.3041969
9.3041993
9.3042046
9.3042126
9.3042221
9.3042302
9.3042316
9.3042178
9.3041802
9.3041133
9.3040251
9.3039372
9.3038793
9.3038454
9.3038095
9.3036842
9.3029284
9.2985703
9.2777778
9.2033183
9.3023838
9.3041885
9.3041872
9.304185
9.3041827
9.3041802
9.3041772
9.3041738
9.30417
9.304166
9.3041619
9.3041582
9.3041554
9.3041534
9.3041517
9.3041503
9.304149
9.3041477
9.3041462
9.3041449
9.3041447
9.3041467
9.3041513
9.3041583
9.3041666
9.3041733
9.3041732
9.3041587
9.3041217
9.3040573
9.3039729
9.3038879
9.3038311
9.3037971
9.3037611
9.3036362
9.3028829
9.2985385
9.2777933
9.2033192
9.3023256
9.3041372
9.3041359
9.3041338
9.3041315
9.3041289
9.3041259
9.3041225
9.3041187
9.3041149
9.304111
9.3041077
9.3041052
9.3041032
9.3041015
9.3041
9.3040986
9.3040971
9.3040954
9.3040939
9.3040934
9.3040949
9.3040989
9.304105
9.3041121
9.3041174
9.304116
9.3041009
9.3040643
9.3040024
9.3039216
9.3038395
9.3037836
9.3037496
9.3037136
9.303589
9.302838
9.2985062
9.2778043
9.2033152
9.3022648
9.3040868
9.3040855
9.3040833
9.304081
9.3040785
9.3040755
9.304072
9.3040684
9.3040647
9.3040612
9.3040582
9.3040559
9.3040539
9.3040521
9.3040505
9.304049
9.3040474
9.3040455
9.3040437
9.3040429
9.304044
9.3040472
9.3040525
9.3040585
9.3040625
9.3040599
9.3040442
9.3040082
9.3039485
9.3038711
9.3037919
9.3037369
9.3037029
9.3036669
9.3035427
9.3027937
9.2984733
9.2778111
9.203306
9.3022015
9.3040373
9.3040359
9.3040337
9.3040314
9.3040289
9.3040259
9.3040225
9.304019
9.3040156
9.3040123
9.3040096
9.3040074
9.3040054
9.3040035
9.3040018
9.3040002
9.3039985
9.3039964
9.3039944
9.3039932
9.3039938
9.3039965
9.3040008
9.3040058
9.3040086
9.3040049
9.3039886
9.3039532
9.3038956
9.3038215
9.303745
9.303691
9.303657
9.3036211
9.3034971
9.30275
9.29844
9.2778133
9.2032921
9.3021355
9.3039885
9.3039871
9.303985
9.3039827
9.3039801
9.3039772
9.303974
9.3039706
9.3039674
9.3039645
9.3039619
9.3039597
9.3039577
9.3039558
9.303954
9.3039523
9.3039504
9.3039481
9.3039459
9.3039444
9.3039445
9.3039465
9.3039501
9.303954
9.3039557
9.303951
9.3039342
9.3038993
9.3038438
9.3037727
9.303699
9.3036459
9.303612
9.303576
9.3034523
9.302707
9.2984063
9.2778122
9.2032739
9.3020669
9.3039406
9.3039392
9.3039371
9.3039348
9.3039323
9.3039295
9.3039264
9.3039232
9.3039203
9.3039176
9.3039151
9.3039129
9.3039108
9.3039088
9.303907
9.3039051
9.3039031
9.3039007
9.3038981
9.3038963
9.303896
9.3038974
9.3039002
9.3039031
9.3039038
9.3038982
9.303881
9.3038466
9.303793
9.3037249
9.3036537
9.3036015
9.3035677
9.3035318
9.3034084
9.3026645
9.2983723
9.2778079
9.2032517
9.3019956
9.3038935
9.3038922
9.3038901
9.3038878
9.3038855
9.3038827
9.3038798
9.3038769
9.3038741
9.3038716
9.3038692
9.3038669
9.3038648
9.3038627
9.3038607
9.3038588
9.3038566
9.303854
9.3038512
9.303849
9.3038482
9.3038491
9.3038511
9.3038532
9.3038528
9.3038464
9.3038288
9.303795
9.3037432
9.3036779
9.3036093
9.303558
9.3035243
9.3034884
9.3033652
9.3026226
9.2983381
9.2778004
9.2032259
9.3019213
9.3038474
9.3038461
9.303844
9.3038419
9.3038396
9.303837
9.3038342
9.3038315
9.3038289
9.3038264
9.303824
9.3038217
9.3038195
9.3038174
9.3038153
9.3038132
9.3038109
9.3038081
9.3038051
9.3038026
9.3038013
9.3038016
9.303803
9.3038041
9.3038028
9.3037956
9.3037777
9.3037445
9.3036945
9.3036317
9.3035656
9.3035152
9.3034816
9.3034458
9.3033227
9.3025814
9.2983037
9.2777901
9.2031968
9.3018441
9.3038023
9.303801
9.303799
9.3037969
9.3037947
9.3037922
9.3037896
9.3037871
9.3037846
9.3037821
9.3037797
9.3037773
9.3037751
9.3037728
9.3037707
9.3037685
9.303766
9.303763
9.3037597
9.3037569
9.3037553
9.303755
9.3037556
9.303756
9.3037538
9.3037459
9.3037277
9.3036951
9.3036468
9.3035865
9.3035227
9.3034733
9.3034398
9.3034039
9.3032811
9.3025408
9.2982692
9.2777772
9.2031645
9.3017636
9.3037581
9.3037569
9.3037549
9.3037529
9.3037508
9.3037485
9.303746
9.3037435
9.3037411
9.3037386
9.3037362
9.3037338
9.3037314
9.3037291
9.3037269
9.3037245
9.3037219
9.3037187
9.3037152
9.3037121
9.30371
9.3037092
9.3037092
9.3037087
9.3037058
9.3036972
9.3036788
9.3036468
9.3036
9.3035421
9.3034806
9.3034321
9.3033987
9.3033629
9.3032402
9.3025009
9.2982347
9.277762
9.2031293
9.3016798
9.303715
9.3037138
9.3037119
9.3037099
9.3037079
9.3037057
9.3037033
9.3037009
9.3036984
9.3036959
9.3036934
9.303691
9.3036886
9.3036862
9.3036838
9.3036814
9.3036786
9.3036752
9.3036715
9.303668
9.3036655
9.3036642
9.3036636
9.3036624
9.3036587
9.3036495
9.3036309
9.3035995
9.3035543
9.3034985
9.3034394
9.3033916
9.3033584
9.3033227
9.3032001
9.3024616
9.2982001
9.2777445
9.2030913
9.3015924
9.3036728
9.3036717
9.3036698
9.3036679
9.303666
9.3036638
9.3036615
9.303659
9.3036566
9.303654
9.3036515
9.303649
9.3036465
9.303644
9.3036416
9.303639
9.3036361
9.3036325
9.3036285
9.3036247
9.3036219
9.30362
9.3036188
9.3036169
9.3036125
9.3036028
9.3035841
9.3035533
9.3035095
9.3034558
9.3033989
9.303352
9.3033189
9.3032832
9.3031608
9.3024229
9.2981655
9.2777249
9.2030508
9.3015011
9.3036317
9.3036306
9.3036287
9.3036268
9.3036249
9.3036228
9.3036204
9.303618
9.3036155
9.3036129
9.3036103
9.3036078
9.3036052
9.3036027
9.3036001
9.3035974
9.3035943
9.3035906
9.3035863
9.3035823
9.303579
9.3035767
9.3035748
9.3035723
9.3035673
9.303557
9.3035382
9.303508
9.3034656
9.303414
9.3033592
9.3033131
9.3032802
9.3032445
9.3031222
9.3023848
9.298131
9.2777035
9.2030078
9.3014055
9.3035914
9.3035903
9.3035884
9.3035866
9.3035847
9.3035826
9.3035802
9.3035777
9.3035752
9.3035726
9.30357
9.3035674
9.3035647
9.3035621
9.3035594
9.3035566
9.3035534
9.3035494
9.3035449
9.3035406
9.3035369
9.3035341
9.3035317
9.3035286
9.3035229
9.3035123
9.3034934
9.3034638
9.3034227
9.3033729
9.3033202
9.303275
9.3032422
9.3032066
9.3030844
9.3023474
9.2980966
9.2776805
9.2029625
9.3013053
9.303552
9.3035509
9.303549
9.3035472
9.3035453
9.3035431
9.3035407
9.3035382
9.3035357
9.303533
9.3035304
9.3035277
9.303525
9.3035223
9.3035195
9.3035166
9.3035132
9.303509
9.3035043
9.3034996
9.3034956
9.3034924
9.3034895
9.3034858
9.3034795
9.3034684
9.3034495
9.3034205
9.3033807
9.3033327
9.303282
9.3032376
9.303205
9.3031694
9.3030473
9.3023107
9.2980623
9.2776558
9.2029149
9.3012
9.3035133
9.3035122
9.3035104
9.3035085
9.3035066
9.3035045
9.303502
9.3034995
9.3034969
9.3034943
9.3034915
9.3034888
9.3034861
9.3034832
9.3034804
9.3034773
9.3034737
9.3034694
9.3034644
9.3034595
9.3034551
9.3034515
9.303448
9.3034437
9.303437
9.3034255
9.3034066
9.3033781
9.3033395
9.3032933
9.3032444
9.303201
9.3031686
9.303133
9.3030109
9.3022745
9.2980282
9.2776297
9.2028651
9.3010891
9.3034755
9.3034744
9.3034725
9.3034707
9.3034687
9.3034666
9.3034641
9.3034616
9.303459
9.3034563
9.3034535
9.3034507
9.3034479
9.303445
9.303442
9.3034388
9.3034351
9.3034306
9.3034254
9.3034201
9.3034154
9.3034113
9.3034074
9.3034026
9.3033953
9.3033836
9.3033647
9.3033368
9.3032993
9.3032547
9.3032076
9.3031651
9.3031329
9.3030974
9.3029753
9.3022391
9.2979942
9.2776022
9.2028132
9.3009719
9.3034384
9.3034373
9.3034354
9.3034336
9.3034316
9.3034294
9.303427
9.3034244
9.3034218
9.303419
9.3034162
9.3034134
9.3034105
9.3034075
9.3034044
9.303401
9.3033972
9.3033925
9.3033871
9.3033815
9.3033765
9.303372
9.3033676
9.3033623
9.3033546
9.3033425
9.3033237
9.3032963
9.30326
9.3032169
9.3031715
9.30313
9.303098
9.3030625
9.3029404
9.3022042
9.2979605
9.2775736
9.2027592
9.3008477
9.3034021
9.303401
9.3033991
9.3033972
9.3033953
9.3033931
9.3033906
9.303388
9.3033853
9.3033825
9.3033797
9.3033768
9.3033738
9.3033707
9.3033675
9.3033641
9.30336
9.3033551
9.3033495
9.3033437
9.3033383
9.3033334
9.3033286
9.3033228
9.3033147
9.3033024
9.3032836
9.3032567
9.3032215
9.3031799
9.3031361
9.3030956
9.3030638
9.3030284
9.3029063
9.3021701
9.2979271
9.2775438
9.2027031
9.3007155
9.3033666
9.3033654
9.3033635
9.3033616
9.3033597
9.3033575
9.303355
9.3033523
9.3033496
9.3033468
9.3033439
9.3033409
9.3033379
9.3033347
9.3033314
9.3033278
9.3033236
9.3033186
9.3033127
9.3033066
9.3033009
9.3032957
9.3032904
9.3032842
9.3032757
9.3032631
9.3032444
9.3032181
9.3031839
9.3031437
9.3031014
9.3030619
9.3030304
9.302995
9.3028728
9.3021365
9.2978938
9.2775129
9.2026449
9.3005745
9.3033318
9.3033306
9.3033287
9.3033268
9.3033248
9.3033226
9.3033201
9.3033174
9.3033147
9.3033118
9.3033089
9.3033059
9.3033027
9.3032995
9.3032961
9.3032923
9.303288
9.3032827
9.3032766
9.3032703
9.3032643
9.3032587
9.303253
9.3032464
9.3032375
9.3032247
9.3032061
9.3031803
9.3031471
9.3031083
9.3030674
9.303029
9.3029977
9.3029623
9.3028401
9.3021036
9.2978609
9.277481
9.2025846
9.3004233
9.3032977
9.3032965
9.3032946
9.3032927
9.3032907
9.3032885
9.303286
9.3032832
9.3032805
9.3032776
9.3032746
9.3032715
9.3032683
9.303265
9.3032614
9.3032576
9.3032531
9.3032476
9.3032413
9.3032347
9.3032284
9.3032225
9.3032164
9.3032094
9.3032002
9.3031872
9.3031687
9.3031434
9.3031111
9.3030736
9.3030341
9.3029968
9.3029658
9.3029304
9.3028081
9.3020714
9.2978283
9.2774483
9.2025221
9.3002606
9.3032644
9.3032632
9.3032613
9.3032594
9.3032574
9.3032551
9.3032526
9.3032498
9.3032471
9.3032441
9.3032411
9.3032379
9.3032347
9.3032312
9.3032276
9.3032236
9.3032189
9.3032133
9.3032068
9.3031999
9.3031933
9.303187
9.3031806
9.3031732
9.3031637
9.3031506
9.3031322
9.3031074
9.303076
9.3030397
9.3030016
9.3029654
9.3029346
9.3028992
9.3027769
9.3020398
9.297796
9.2774146
9.2024574
9.3000847
9.3032319
9.3032306
9.3032287
9.3032268
9.3032248
9.3032225
9.3032199
9.3032172
9.3032144
9.3032114
9.3032083
9.3032051
9.3032017
9.3031982
9.3031944
9.3031903
9.3031855
9.3031797
9.303173
9.3031659
9.303159
9.3031524
9.3031456
9.3031379
9.3031281
9.3031148
9.3030965
9.3030722
9.3030417
9.3030065
9.3029697
9.3029346
9.3029041
9.3028687
9.3027463
9.3020089
9.297764
9.2773801
9.2023904
9.2998937
9.3032
9.3031988
9.3031968
9.3031949
9.3031929
9.3031906
9.303188
9.3031852
9.3031824
9.3031794
9.3031762
9.303173
9.3031695
9.3031659
9.303162
9.3031578
9.3031528
9.3031469
9.3031399
9.3031326
9.3031254
9.3031185
9.3031114
9.3031033
9.3030932
9.3030799
9.3030617
9.3030378
9.3030082
9.3029741
9.3029385
9.3029046
9.3028744
9.302839
9.3027165
9.3019786
9.2977323
9.2773448
9.202321
9.2996853
9.3031689
9.3031677
9.3031657
9.3031638
9.3031618
9.3031595
9.3031569
9.303154
9.3031512
9.3031481
9.3031449
9.3031416
9.3031381
9.3031343
9.3031304
9.303126
9.3031209
9.3031147
9.3031076
9.3031
9.3030926
9.3030853
9.3030779
9.3030695
9.3030592
9.3030458
9.3030278
9.3030043
9.3029754
9.3029425
9.302908
9.3028751
9.3028453
9.30281
9.3026874
9.301949
9.297701
9.2773088
9.2022491
9.2994568
9.3031386
9.3031373
9.3031353
9.3031334
9.3031314
9.3031291
9.3031264
9.3031236
9.3031207
9.3031175
9.3031143
9.3031109
9.3031073
9.3031035
9.3030994
9.3030949
9.3030897
9.3030833
9.303076
9.3030682
9.3030605
9.303053
9.3030452
9.3030366
9.303026
9.3030125
9.3029946
9.3029716
9.3029435
9.3029116
9.3028783
9.3028464
9.302817
9.3027818
9.302659
9.3019201
9.29767
9.277272
9.2021744
9.2992051
9.3031089
9.3031076
9.3031057
9.3031037
9.3031017
9.3030994
9.3030967
9.3030938
9.3030909
9.3030877
9.3030844
9.303081
9.3030773
9.3030734
9.3030692
9.3030646
9.3030592
9.3030527
9.3030451
9.3030371
9.3030291
9.3030213
9.3030133
9.3030044
9.3029936
9.30298
9.3029623
9.3029397
9.3029124
9.3028814
9.3028492
9.3028182
9.3027894
9.3027542
9.3026314
9.3018918
9.2976394
9.2772344
9.2020968
9.2989265
9.30308
9.3030787
9.3030767
9.3030748
9.3030728
9.3030704
9.3030677
9.3030648
9.3030618
9.3030586
9.3030553
9.3030518
9.303048
9.303044
9.3030397
9.303035
9.3030294
9.3030227
9.303015
9.3030067
9.3029985
9.3029905
9.3029822
9.302973
9.302962
9.3029483
9.3029308
9.3029087
9.302882
9.302852
9.3028207
9.3027907
9.3027625
9.3027274
9.3026044
9.3018641
9.2976092
9.2771961
9.202016
9.2986166
9.3030518
9.3030505
9.3030485
9.3030466
9.3030445
9.3030421
9.3030394
9.3030365
9.3030335
9.3030302
9.3030269
9.3030233
9.3030195
9.3030153
9.3030109
9.3030061
9.3030004
9.3029935
9.3029856
9.3029771
9.3029687
9.3029603
9.3029518
9.3029423
9.3029312
9.3029175
9.3029001
9.3028784
9.3028524
9.3028233
9.302793
9.3027639
9.3027364
9.3027013
9.3025782
9.3018372
9.2975793
9.2771571
9.2019319
9.2982705
9.3030243
9.303023
9.303021
9.303019
9.303017
9.3030146
9.3030119
9.3030089
9.3030059
9.3030026
9.3029991
9.3029955
9.3029916
9.3029874
9.3029829
9.3029779
9.302972
9.302965
9.3029569
9.3029482
9.3029396
9.302931
9.3029221
9.3029125
9.3029012
9.3028874
9.3028702
9.3028489
9.3028236
9.3027953
9.302766
9.3027377
9.3027109
9.3026759
9.3025527
9.3018109
9.2975498
9.2771172
9.2018441
9.297882
9.3029975
9.3029962
9.3029942
9.3029922
9.3029902
9.3029878
9.302985
9.302982
9.3029789
9.3029756
9.3029721
9.3029684
9.3029644
9.3029602
9.3029555
9.3029504
9.3029444
9.3029372
9.3029289
9.30292
9.3029111
9.3029023
9.3028932
9.3028834
9.3028719
9.3028581
9.302841
9.3028201
9.3027955
9.302768
9.3027396
9.3027122
9.302686
9.3026513
9.3025279
9.3017852
9.2975207
9.2770766
9.2017523
9.2974443
9.3029715
9.3029701
9.3029681
9.3029661
9.3029641
9.3029616
9.3029589
9.3029558
9.3029527
9.3029494
9.3029458
9.3029421
9.302938
9.3029336
9.3029289
9.3029236
9.3029175
9.3029101
9.3029016
9.3028926
9.3028835
9.3028744
9.3028651
9.302855
9.3028434
9.3028296
9.3028127
9.3027922
9.3027681
9.3027415
9.3027139
9.3026873
9.3026618
9.3026273
9.3025038
9.3017602
9.2974919
9.277035
9.201656
9.2969491
9.3029461
9.3029447
9.3029427
9.3029407
9.3029387
9.3029362
9.3029334
9.3029303
9.3029272
9.3029238
9.3029202
9.3029164
9.3029122
9.3029078
9.3029029
9.3028975
9.3028913
9.3028837
9.3028751
9.3028658
9.3028565
9.3028472
9.3028377
9.3028274
9.3028157
9.3028019
9.3027851
9.302765
9.3027415
9.3027156
9.3026888
9.302663
9.3026381
9.302604
9.3024804
9.3017358
9.2974634
9.2769926
9.2015549
9.2963868
9.3029214
9.30292
9.302918
9.302916
9.3029139
9.3029115
9.3029086
9.3029056
9.3029024
9.302899
9.3028953
9.3028914
9.3028872
9.3028826
9.3028777
9.3028722
9.3028657
9.3028581
9.3028492
9.3028398
9.3028302
9.3028207
9.302811
9.3028005
9.3027887
9.3027749
9.3027583
9.3027385
9.3027156
9.3026904
9.3026645
9.3026394
9.3026151
9.3025814
9.3024577
9.3017121
9.2974352
9.2769491
9.2014485
9.2957461
9.3028974
9.3028961
9.302894
9.302892
9.3028899
9.3028874
9.3028846
9.3028815
9.3028782
9.3028748
9.3028711
9.3028671
9.3028628
9.3028582
9.3028531
9.3028475
9.3028409
9.3028331
9.3028241
9.3028144
9.3028047
9.302795
9.302785
9.3027744
9.3027625
9.3027486
9.3027322
9.3027128
9.3026904
9.302666
9.3026408
9.3026164
9.3025927
9.3025594
9.3024357
9.301689
9.2974074
9.2769045
9.2013362
9.295014
9.3028741
9.3028727
9.3028707
9.3028687
9.3028666
9.302864
9.3028612
9.3028581
9.3028548
9.3028513
9.3028476
9.3028435
9.3028392
9.3028344
9.3028292
9.3028235
9.3028168
9.3028088
9.3027996
9.3027898
9.3027799
9.3027699
9.3027598
9.302749
9.302737
9.3027231
9.3027069
9.3026878
9.302666
9.3026422
9.3026177
9.302594
9.3025709
9.302538
9.3024144
9.3016666
9.2973797
9.2768586
9.2012173
9.2941752
9.3028515
9.3028501
9.3028481
9.302846
9.3028439
9.3028414
9.3028385
9.3028353
9.302832
9.3028285
9.3028247
9.3028206
9.3028162
9.3028113
9.3028061
9.3028002
9.3027934
9.3027852
9.3027759
9.3027658
9.3027557
9.3027456
9.3027353
9.3027243
9.3027122
9.3026984
9.3026823
9.3026635
9.3026422
9.3026191
9.3025953
9.3025723
9.3025497
9.3025172
9.3023936
9.3016448
9.2973524
9.2768113
9.2010912
9.2932119
9.3028295
9.3028282
9.3028261
9.3028241
9.3028219
9.3028194
9.3028165
9.3028133
9.30281
9.3028064
9.3028025
9.3027984
9.3027939
9.3027889
9.3027836
9.3027776
9.3027706
9.3027623
9.3027528
9.3027426
9.3027323
9.302722
9.3027115
9.3027004
9.3026881
9.3026743
9.3026584
9.30264
9.3026191
9.3025966
9.3025735
9.3025511
9.3025291
9.302497
9.3023735
9.3016235
9.2973252
9.2767623
9.200957
9.2921036
9.3028083
9.3028069
9.3028048
9.3028028
9.3028006
9.3027981
9.3027951
9.3027919
9.3027886
9.3027849
9.302781
9.3027768
9.3027722
9.3027672
9.3027617
9.3027556
9.3027485
9.30274
9.3027304
9.30272
9.3027095
9.302699
9.3026884
9.3026771
9.3026648
9.302651
9.3026352
9.3026171
9.3025968
9.3025749
9.3025524
9.3025306
9.3025091
9.3024773
9.3023539
9.3016027
9.2972981
9.2767115
9.2008138
9.2908266
9.3027876
9.3027862
9.3027841
9.3027821
9.30278
9.3027774
9.3027744
9.3027712
9.3027678
9.3027641
9.3027602
9.3027559
9.3027512
9.3027461
9.3027406
9.3027343
9.3027271
9.3027185
9.3027086
9.3026981
9.3026875
9.3026768
9.3026659
9.3026545
9.3026422
9.3026284
9.3026128
9.302595
9.3025751
9.3025537
9.3025319
9.3025107
9.3024897
9.3024583
9.3023349
9.3015824
9.2972709
9.2766586
9.2006605
9.2893538
9.3027676
9.3027661
9.3027641
9.302762
9.3027599
9.3027573
9.3027543
9.302751
9.3027476
9.3027439
9.3027399
9.3027356
9.3027308
9.3027256
9.30272
9.3027136
9.3027063
9.3026975
9.3026875
9.3026768
9.302666
9.3026552
9.3026442
9.3026327
9.3026202
9.3026065
9.302591
9.3025735
9.302554
9.3025332
9.302512
9.3024914
9.3024708
9.3024397
9.3023164
9.3015625
9.2972437
9.2766034
9.2004953
9.2876542
9.3027479
9.3027465
9.3027444
9.3027423
9.3027402
9.3027376
9.3027346
9.3027313
9.3027279
9.3027241
9.3027201
9.3027157
9.3027109
9.3027056
9.3026999
9.3026934
9.3026859
9.3026771
9.3026669
9.3026561
9.3026451
9.3026341
9.302623
9.3026114
9.3025989
9.3025852
9.3025698
9.3025526
9.3025336
9.3025133
9.3024926
9.3024725
9.3024524
9.3024216
9.3022982
9.3015429
9.297216
9.2765452
9.2003161
9.285693
9.3027282
9.3027268
9.3027247
9.3027226
9.3027205
9.3027179
9.3027148
9.3027116
9.3027081
9.3027044
9.3027003
9.3026959
9.302691
9.3026857
9.3026799
9.3026734
9.3026658
9.3026568
9.3026466
9.3026357
9.3026246
9.3026135
9.3026022
9.3025905
9.302578
9.3025643
9.3025491
9.3025322
9.3025135
9.3024937
9.3024735
9.3024538
9.3024341
9.3024036
9.3022801
9.3015232
9.2971876
9.2764831
9.2001194
9.2834315
9.3027075
9.302706
9.3027039
9.3027019
9.3026997
9.3026971
9.3026941
9.3026908
9.3026874
9.3026836
9.3026796
9.3026752
9.3026703
9.302665
9.3026592
9.3026527
9.3026451
9.3026361
9.3026258
9.3026149
9.3026037
9.3025926
9.3025813
9.3025696
9.302557
9.3025434
9.3025284
9.3025117
9.3024933
9.3024739
9.3024541
9.3024348
9.3024153
9.3023849
9.3022613
9.3015026
9.2971574
9.2764155
9.1998994
9.280827
9.302683
9.3026815
9.3026795
9.3026774
9.3026753
9.3026728
9.3026698
9.3026666
9.3026632
9.3026595
9.3026555
9.3026512
9.3026464
9.3026413
9.3026356
9.3026292
9.3026218
9.3026129
9.3026029
9.3025921
9.3025811
9.3025701
9.3025589
9.3025473
9.3025349
9.3025214
9.3025065
9.3024899
9.3024718
9.3024525
9.3024329
9.3024136
9.3023942
9.3023637
9.3022396
9.3014787
9.297123
9.2763392
9.1996457
9.2778345
9.302649
9.3026474
9.3026454
9.3026435
9.3026414
9.302639
9.3026361
9.302633
9.3026298
9.3026264
9.3026226
9.3026186
9.3026142
9.3026094
9.3026041
9.3025982
9.3025913
9.302583
9.3025735
9.3025633
9.302553
9.3025425
9.3025318
9.3025206
9.3025085
9.3024953
9.3024805
9.302464
9.3024458
9.3024263
9.3024063
9.3023866
9.3023665
9.3023354
9.3022103
9.3014467
9.297079
9.2762475
9.1993402
9.2744078
9.3025922
9.3025906
9.3025887
9.3025869
9.302585
9.3025828
9.3025802
9.3025775
9.3025747
9.3025717
9.3025686
9.3025652
9.3025616
9.3025578
9.3025536
9.3025488
9.3025432
9.3025363
9.3025283
9.3025196
9.3025108
9.3025017
9.3024923
9.3024822
9.3024709
9.3024582
9.3024436
9.3024269
9.302408
9.3023875
9.302366
9.3023446
9.3023227
9.3022898
9.3021626
9.3013953
9.2970136
9.2761267
9.1989499
9.2705039
9.302485
9.3024835
9.3024817
9.3024801
9.3024787
9.3024769
9.3024749
9.3024729
9.302471
9.3024692
9.3024673
9.3024655
9.3024636
9.3024618
9.3024599
9.3024577
9.3024549
9.3024511
9.3024464
9.3024411
9.3024356
9.3024298
9.3024234
9.3024157
9.3024063
9.3023947
9.3023803
9.3023628
9.3023422
9.3023189
9.3022938
9.3022682
9.3022421
9.302205
9.3020736
9.3013003
9.2969013
9.2759483
9.1984179
9.2660888
9.3022725
9.302271
9.3022694
9.3022684
9.3022677
9.3022669
9.3022661
9.3022656
9.3022656
9.3022658
9.3022665
9.3022677
9.3022694
9.3022716
9.3022743
9.3022774
9.3022804
9.302283
9.302285
9.3022867
9.3022883
9.3022892
9.3022889
9.3022865
9.302281
9.3022716
9.3022576
9.3022384
9.3022138
9.3021844
9.3021515
9.3021171
9.302082
9.3020366
9.3018966
9.3011133
9.2966917
9.275657
9.1976485
9.2611507
9.3018522
9.3018506
9.3018495
9.3018496
9.3018503
9.3018513
9.3018528
9.3018551
9.3018584
9.3018627
9.3018683
9.3018751
9.3018834
9.3018933
9.3019049
9.3019179
9.301932
9.3019467
9.3019617
9.301977
9.3019922
9.3020063
9.3020182
9.3020261
9.3020283
9.3020235
9.3020102
9.3019875
9.301955
9.3019135
9.3018654
9.3018139
9.3017615
9.3016999
9.3015439
9.3007436
9.2962903
9.2751517
9.196489
9.2557204
9.3010486
9.3010468
9.3010466
9.3010484
9.3010515
9.3010558
9.3010613
9.3010685
9.3010777
9.3010892
9.3011033
9.3011201
9.3011401
9.3011636
9.3011907
9.3012214
9.3012552
9.3012915
9.3013299
9.3013696
9.3014096
9.3014479
9.301482
9.3015091
9.3015259
9.3015297
9.301518
9.301489
9.3014423
9.3013792
9.3013037
9.3012215
9.3011383
9.3010478
9.3008636
9.3000344
9.2955353
9.2742627
9.1947131
9.2499089
9.299595
9.2995927
9.2995937
9.2995985
9.2996056
9.2996151
9.2996272
9.2996424
9.2996614
9.2996845
9.2997124
9.2997456
9.2997847
9.2998304
9.299883
9.2999427
9.300009
9.3000812
9.3001583
9.3002387
9.3003203
9.3003995
9.3004717
9.3005317
9.300574
9.3005933
9.3005851
9.3005467
9.3004769
9.3003784
9.300258
9.3001258
9.2999921
9.2998537
9.2996238
9.2987473
9.2941814
9.2727375
9.1920232
9.2439736
9.2971578
9.2971543
9.297157
9.2971664
9.2971795
9.2971969
9.2972188
9.2972461
9.2972795
9.2973202
9.2973688
9.2974264
9.2974941
9.297573
9.2976638
9.297767
9.2978822
9.2980085
9.2981444
9.2982869
9.2984325
9.2985749
9.2987066
9.2988188
9.2989022
9.2989478
9.2989475
9.2988972
9.2987951
9.2986453
9.2984594
9.2982536
9.2980453
9.2978351
9.2975365
9.2965874
9.2919265
9.2702729
9.1881144
9.2384332
9.2934811
9.2934754
9.2934801
9.2934957
9.293517
9.293545
9.2935802
9.2936237
9.2936767
9.2937408
9.2938172
9.2939075
9.2940134
9.2941368
9.2942786
9.2944401
9.2946209
9.2948201
9.2950355
9.2952628
9.2954962
9.2957264
9.2959418
9.2961291
9.2962732
9.2963604
9.2963776
9.2963178
9.2961796
9.2959677
9.2957003
9.2954012
9.2950967
9.2947913
9.2943998
9.2933481
9.2885599
9.266671
9.1830203
9.2346331
9.2888
9.2887899
9.2887966
9.2888195
9.2888506
9.2888912
9.288942
9.2890046
9.2890805
9.2891718
9.2892804
9.2894084
9.2895581
9.2897323
9.2899325
9.2901607
9.2904167
9.2906997
9.2910072
9.2913335
9.291671
9.2920069
9.2923257
9.2926087
9.292835
9.2929847
9.2930394
9.2929873
9.292828
9.2925652
9.2922228
9.2918323
9.2914282
9.2910172
9.2905164
9.2893335
9.284388
9.2622748
9.177551
9.2342287
9.2852217
9.2852044
9.2852118
9.2852414
9.2852813
9.2853331
9.2853975
9.2854766
9.2855721
9.2856862
9.2858214
9.2859801
9.2861654
9.2863801
9.2866266
9.2869072
9.2872226
9.2875721
9.2879534
9.2883608
9.2887857
9.2892142
9.2896284
9.2900064
9.2903239
9.2905562
9.2906807
9.2906797
9.2905528
9.2902998
9.2899438
9.2895188
9.2890612
9.2885758
9.2879836
9.2866666
9.2815647
9.259318
9.1747467
9.2408378
9.287309
9.2872817
9.2872873
9.2873204
9.2873648
9.2874221
9.2874925
9.2875787
9.2876822
9.2878048
9.2879488
9.288117
9.288312
9.2885366
9.2887936
9.2890852
9.2894129
9.2897769
9.2901759
9.2906063
9.2910613
9.2915298
9.2919966
9.2924425
9.2928451
9.2931807
9.2934254
9.2935578
9.2935689
9.2934532
9.2932159
9.2928821
9.2924772
9.2919966
9.2913681
9.2899393
9.2847127
9.2624899
9.1801951
9.2613943
9.3062547
9.3062128
9.3062117
9.3062414
9.3062809
9.3063308
9.3063907
9.3064638
9.3065507
9.3066506
9.3067659
9.3068987
9.3070499
9.3072202
9.3074134
9.3076297
9.307872
9.3081421
9.3084411
9.3087721
9.3091347
9.3095291
9.3099528
9.3104002
9.3108639
9.3113313
9.3117845
9.3122
9.3125513
9.3128105
9.3129439
9.3129415
9.3127943
9.3124762
9.3119321
9.3104583
9.3051915
9.2832369
9.2066091
9.3089924
9.3650336
9.3649726
9.3649579
9.3649735
9.3649944
9.3650177
9.3650419
9.3650721
9.3651061
9.3651377
9.3651689
9.3652008
9.3652295
9.3652518
9.3652722
9.3652869
9.3653001
9.3653163
9.3653404
9.3653889
9.365474
9.3656196
9.3658507
9.366192
9.3666707
9.3673013
9.3680828
9.3689911
9.369969
9.3709424
9.3718013
9.3724673
9.3728647
9.3729306
9.3726517
9.3712371
9.3660657
9.3446603
9.2779429
9.4072684
9.5082379
9.5081533
9.5081162
9.5081053
9.5080909
9.5080642
9.5080223
9.507974
9.5079119
9.5078207
9.5077022
9.507556
9.5073698
9.5071336
9.5068535
9.5065178
9.5061331
9.5057073
9.5052505
9.5048002
9.5043891
9.5040785
9.5039397
9.5040479
9.5044882
9.5053221
9.5065783
9.5082323
9.5101787
9.5122656
9.5142613
9.515982
9.5172483
9.5179436
9.5181414
9.5169003
9.5119865
9.4913499
9.4389855
9.5978159
9.8234375
9.8233244
9.8232552
9.8232063
9.8231415
9.823042
9.822904
9.8227438
9.8225458
9.8222802
9.8219501
9.8215543
9.8210669
9.8204688
9.8197694
9.818945
9.8180053
9.8169627
9.8158331
9.8146834
9.8135726
9.8126144
9.8119437
9.8117077
9.8120725
9.8131613
9.81505
9.8177088
9.8209631
9.8245509
9.8280701
9.8311992
9.8336219
9.8351487
9.8360298
9.8350298
9.8305162
9.8106701
9.776448
9.9637169
10.498322
10.498175
10.498064
10.49797
10.497845
10.497657
10.4974
10.497107
10.496747
10.496272
10.495689
10.494997
10.494152
10.493123
10.491927
10.490522
10.488924
10.487149
10.485219
10.483237
10.481292
10.479561
10.478256
10.477611
10.477895
10.479302
10.481964
10.485842
10.490671
10.49605
10.501363
10.506134
10.509886
10.512334
10.514048
10.51326
10.509201
10.489773
10.475813
10.68745
12.029031
12.02884
12.028675
12.028534
12.028346
12.028058
12.027667
12.027227
12.026692
12.025985
12.025122
12.024107
12.022867
12.021361
12.019616
12.017568
12.015237
12.012649
12.009826
12.006915
12.004038
12.001442
11.999434
11.998343
11.998562
12.000371
12.003956
12.009275
12.015941
12.023389
12.03074
12.037349
12.042556
12.045937
12.048613
12.047869
12.044164
12.024118
12.03097
12.264516
16.53459
16.53432
16.534062
16.533861
16.533597
16.533175
16.532597
16.531964
16.5312
16.530177
16.528929
16.527469
16.525684
16.523503
16.520978
16.518004
16.514611
16.510829
16.506679
16.502375
16.498083
16.494158
16.491052
16.48925
16.489338
16.491755
16.496769
16.504341
16.513892
16.524593
16.53512
16.544578
16.551977
16.556653
16.560748
16.559612
16.555676
16.531072
16.560369
16.841958
)
;

boundaryField
{
    piston
    {
        type            calculated;
        value           nonuniform List<scalar> 
40
(
63.606575
63.606575
63.606575
63.606575
63.606575
63.606575
63.606575
63.606576
63.606576
63.606576
63.606576
63.606576
63.606576
63.606577
63.606577
63.606577
63.606578
63.606578
63.606579
63.606579
63.60658
63.606581
63.606582
63.606582
63.606581
63.60658
63.606576
63.606572
63.60657
63.606567
63.606565
63.606567
63.606569
63.60657
63.606569
63.606569
63.606569
63.60657
63.606573
63.606576
)
;
    }
    cylinderHead
    {
        type            calculated;
        value           nonuniform List<scalar> 
40
(
58.762331
58.762331
58.762331
58.762331
58.762331
58.762331
58.762331
58.762331
58.76233
58.76233
58.76233
58.76233
58.76233
58.76233
58.76233
58.762329
58.762329
58.762329
58.762329
58.762329
58.762328
58.762328
58.762328
58.762328
58.762328
58.762328
58.762328
58.762329
58.762329
58.762329
58.76233
58.76233
58.762331
58.762331
58.762332
58.762332
58.762333
58.762333
58.762334
58.762334
)
;
    }
    cylinderWall
    {
        type            calculated;
        value           nonuniform List<scalar> 
120
(
71.755198
71.755201
71.755203
71.755206
71.755208
71.75521
71.755212
71.755214
71.755216
71.755218
71.75522
71.755222
71.755224
71.755226
71.755228
71.75523
71.755232
71.755234
71.755237
71.755239
71.755241
71.755243
71.755245
71.755247
71.75525
71.755252
71.755254
71.755256
71.755258
71.755261
71.755263
71.755265
71.755267
71.755269
71.755271
71.755273
71.755275
71.755277
71.755279
71.755281
71.755283
71.755285
71.755286
71.755288
71.75529
71.755292
71.755293
71.755295
71.755297
71.755298
71.7553
71.755302
71.755303
71.755305
71.755306
71.755308
71.755309
71.755311
71.755312
71.755314
71.755315
71.755316
71.755318
71.755319
71.75532
71.755322
71.755323
71.755324
71.755325
71.755326
71.755328
71.755329
71.75533
71.755331
71.755332
71.755333
71.755334
71.755335
71.755336
71.755337
71.755338
71.755338
71.755339
71.75534
71.755341
71.755342
71.755343
71.755343
71.755344
71.755345
71.755345
71.755346
71.755347
71.755347
71.755348
71.755348
71.755349
71.755349
71.75535
71.75535
71.755351
71.755351
71.755352
71.755352
71.755352
71.755353
71.755353
71.755353
71.755353
71.755354
71.755354
71.755354
71.755354
71.755354
71.755354
71.755354
71.755354
71.755355
71.755355
71.755355
)
;
    }
    wedgeFront
    {
        type            wedge;
    }
    wedgeBack
    {
        type            wedge;
    }
    axis
    {
        type            empty;
    }
}


// ************************************************************************* //
