/*--------------------------------*- C++ -*----------------------------------*\
  =========                 |
  \\      /  F ield         | OpenFOAM: The Open Source CFD Toolbox
   \\    /   O peration     | Website:  https://openfoam.org
    \\  /    A nd           | Version:  13
     \\/     M anipulation  |
\*---------------------------------------------------------------------------*/
FoamFile
{
    format      ascii;
    class       volScalarField;
    location    "17";
    object      T;
}
// * * * * * * * * * * * * * * * * * * * * * * * * * * * * * * * * * * * * * //

dimensions      [0 0 0 1 0 0 0];

internalField   nonuniform List<scalar> 
4800
(
1980.5409
1980.4912
1980.5158
1980.5068
1980.4929
1980.4749
1980.4453
1980.4096
1980.352
1980.2705
1980.16
1980.0049
1979.79
1979.4968
1979.087
1978.5135
1977.7035
1976.5457
1974.8728
1972.4623
1969.12
1965.4112
1965.3771
1977.948
1999.7756
2004.4609
1961.8111
1850.716
1771.3059
1796.2671
1889.3927
1977.6877
2027.7037
2030.2633
2023.7573
2030.1015
2071.6639
2146.9104
2241.4042
2369.3269
2572.8928
2572.7613
2572.7709
2572.7672
2572.7569
2572.7399
2572.709
2572.6705
2572.6058
2572.5128
2572.3846
2572.2015
2571.9448
2571.5902
2571.0895
2570.3816
2569.3722
2567.9153
2565.7895
2562.6975
2558.4006
2553.9261
2555.2927
2573.8375
2599.1772
2592.4185
2512.3782
2365.9632
2270.2275
2321.2595
2474.2146
2597.7863
2641.161
2641.1731
2633.406
2642.7058
2689.1351
2766.6075
2845.622
2926.5212
2952.8371
2952.6171
2952.5888
2952.6058
2952.6198
2952.6273
2952.6257
2952.6213
2952.5997
2952.5602
2952.4965
2952.3925
2952.2337
2951.9985
2951.6464
2951.1242
2950.3477
2949.1842
2947.4266
2944.7829
2941.0957
2937.8741
2941.7193
2962.5216
2982.2843
2954.5703
2843.0774
2695.9948
2620.5575
2707.4627
2889.2224
3002.9388
3032.4275
3027.874
3020.0442
3027.5966
3059.8006
3104.5387
3144.6022
3174.8515
3158.9883
3158.7331
3158.6683
3158.713
3158.7619
3158.8095
3158.8589
3158.9168
3158.9778
3159.0442
3159.1152
3159.1857
3159.2531
3159.3123
3159.3507
3159.3535
3159.2957
3159.1397
3158.8332
3158.3406
3157.7763
3158.3176
3165.7487
3186.5468
3197.547
3150.851
3030.7759
2903.8635
2865.0268
2976.1339
3149.7594
3233.4597
3248.7266
3238.5637
3228.5453
3229.8782
3245.0115
3265.6911
3278.4256
3270.2688
3260.116
3259.8601
3259.778
3259.8387
3259.9081
3259.9803
3260.0616
3260.1592
3260.2733
3260.4084
3260.5679
3260.7543
3260.9737
3261.233
3261.5401
3261.9087
3262.3588
3262.9261
3263.6819
3264.8073
3266.8575
3271.7426
3284.8955
3308.0673
3312.1858
3254.5289
3140.4898
3045.2284
3038.4461
3157.5593
3302.0681
3356.7213
3360.7183
3345.2175
3332.2556
3328.6666
3332.5323
3337.5401
3334.1287
3302.8913
3306.1568
3305.9174
3305.8311
3305.8988
3305.9775
3306.062
3306.1598
3306.2783
3306.4211
3306.5938
3306.8028
3307.0551
3307.3623
3307.7392
3308.207
3308.7981
3309.5627
3310.5869
3312.0304
3314.2407
3318.07
3325.9865
3343.3563
3370.1249
3372.372
3313.1885
3210.9761
3146.5603
3162.7698
3277.2537
3388.8382
3422.1653
3417.5899
3398.0756
3382.5765
3374.8958
3371.5529
3367.6273
3355.9279
3313.0022
3324.4643
3324.2491
3324.1666
3324.2345
3324.3144
3324.4015
3324.5036
3324.6282
3324.7803
3324.9663
3325.1936
3325.4722
3325.816
3326.2445
3326.7855
3327.4818
3328.4007
3329.6567
3331.4614
3334.2682
3339.1632
3348.8642
3369.369
3400.4265
3404.9887
3348.8922
3262.2196
3221.5649
3252.4056
3355.7771
3438.991
3458.4745
3447.1766
3423.8904
3406.5893
3395.6663
3387.7945
3379.1783
3364.1294
3315.8465
3329.8424
3329.6593
3329.5869
3329.6494
3329.7233
3329.805
3329.9015
3330.0198
3330.1655
3330.3447
3330.5652
3330.8381
3331.1776
3331.6051
3332.1509
3332.8616
3333.8118
3335.1283
3337.0483
3340.0863
3345.4386
3356.0334
3378.7069
3413.7413
3423.0562
3373.0804
3302.4145
3278.4835
3317.4185
3408.0095
3469.6804
3480.0709
3462.146
3435.9921
3417.8383
3404.5772
3393.7885
3382.9635
3367.1665
3316.5475
3330.3764
3330.2227
3330.1607
3330.2168
3330.283
3330.3569
3330.4448
3330.5529
3330.6864
3330.8513
3331.0552
3331.3084
3331.6254
3332.0265
3332.5425
3333.2197
3334.1335
3335.4147
3337.3168
3340.3952
3345.8881
3356.8441
3380.6475
3418.1878
3433.4366
3391.8706
3334.9826
3322.4639
3365.1144
3443.7788
3490.0223
3493.8336
3468.6362
3440.8832
3422.7924
3408.1138
3395.3946
3383.7411
3368.2797
3316.6715
3327.1554
3327.0486
3327.0053
3327.0477
3327.0979
3327.1547
3327.2227
3327.3068
3327.4113
3327.541
3327.7023
3327.9041
3328.1586
3328.4836
3328.9055
3329.4657
3330.2314
3331.3222
3332.9835
3335.7088
3340.6842
3351.582
3376.9247
3418.8618
3439.9505
3407.6274
3361.8924
3356.984
3400.6881
3469.2211
3504.7646
3503.0622
3470.4062
3442.0575
3424.5022
3409.2498
3395.2976
3382.7902
3368.6456
3316.6356
3323.4197
3323.3495
3323.3212
3323.3512
3323.3867
3323.4273
3323.4762
3323.5368
3323.6123
3323.7064
3323.8238
3323.9714
3324.1586
3324.399
3324.7134
3325.1342
3325.7154
3326.5558
3327.8549
3330.0216
3334.1504
3344.2798
3369.7501
3415.5854
3444.0981
3421.3005
3384.4435
3384.4983
3427.7611
3487.9282
3516.0241
3508.2205
3468.6873
3439.8796
3424.6486
3409.3833
3393.6447
3380.681
3368.7124
3316.5601
3320.4506
3320.4076
3320.3906
3320.4103
3320.4337
3320.4607
3320.4933
3320.5338
3320.5844
3320.6474
3320.7264
3320.8259
3320.9526
3321.1162
3321.3313
3321.6213
3322.0256
3322.6204
3323.5404
3325.1081
3328.346
3337.1834
3361.4744
3409.7395
3446.3682
3433.3149
3403.5172
3406.7855
3448.7788
3502.1493
3524.616
3510.1111
3462.436
3433.6284
3421.9801
3408.2629
3391.1896
3377.8715
3368.531
3316.4911
3318.4612
3318.4367
3318.4274
3318.4396
3318.4541
3318.4709
3318.4913
3318.5166
3318.5482
3318.5877
3318.6371
3318.6996
3318.7793
3318.8826
3319.0191
3319.2043
3319.465
3319.8515
3320.4524
3321.4976
3323.9189
3331.1844
3353.2742
3402.3443
3447.274
3443.7729
3419.8777
3425.0941
3465.3726
3513.2922
3531.4095
3510.2824
3453.1486
3424.0308
3416.1368
3405.6724
3388.079
3374.4843
3368.1949
3316.4332
3317.2719
3317.2589
3317.2543
3317.2616
3317.2701
3317.2802
3317.2923
3317.3073
3317.326
3317.3493
3317.3785
3317.4155
3317.4627
3317.524
3317.6055
3317.7168
3317.875
3318.1071
3318.4724
3319.1368
3320.85
3326.5098
3345.7478
3393.8608
3446.9398
3452.6822
3434.0914
3440.337
3478.67
3522.2339
3536.9114
3508.559
3442.3006
3412.2208
3407.157
3401.1786
3384.2558
3370.5571
3367.7346
3316.387
3316.642
3316.6357
3316.6338
3316.6379
3316.6428
3316.6485
3316.6553
3316.6638
3316.6741
3316.687
3316.703
3316.7232
3316.7489
3316.7823
3316.8265
3316.887
3316.9737
3317.1024
3317.3092
3317.7177
3318.868
3323.0705
3339.1808
3384.7815
3444.7807
3460.1149
3446.5699
3453.1988
3489.4585
3529.5298
3541.4134
3504.6935
3430.9933
3399.5373
3395.6845
3394.4149
3379.637
3366.1104
3367.1632
3316.3559
3316.3371
3316.3342
3316.3337
3316.3362
3316.3391
3316.3425
3316.3465
3316.3513
3316.3572
3316.3644
3316.3733
3316.3844
3316.3984
3316.4165
3316.4403
3316.4729
3316.519
3316.587
3316.6961
3316.9268
3317.6603
3320.6511
3333.6667
3375.5316
3440.6617
3466.0843
3457.6054
3464.2034
3498.3027
3535.5577
3545.174
3498.5826
3419.9019
3387.144
3382.8969
3385.4087
3374.0841
3361.2663
3366.4947
3316.3459
3316.2023
3316.2011
3316.2013
3316.203
3316.2049
3316.207
3316.2096
3316.2126
3316.2162
3316.2204
3316.2256
3316.232
3316.2399
3316.2499
3316.2631
3316.281
3316.3058
3316.3419
3316.3997
3316.5257
3316.9615
3319.0123
3329.1834
3366.4754
3434.5445
3470.3797
3467.3934
3473.761
3505.624
3540.5737
3548.3605
3490.2312
3409.356
3375.7786
3370.1404
3374.7539
3367.5307
3356.2168
3365.744
3316.3525
3316.1521
3316.1517
3316.1522
3316.1535
3316.1549
3316.1565
3316.1583
3316.1604
3316.1629
3316.1658
3316.1692
3316.1733
3316.1783
3316.1845
3316.1925
3316.203
3316.2169
3316.2367
3316.2681
3316.3356
3316.5803
3317.9384
3325.6394
3357.8681
3426.448
3472.554
3476.0726
3482.2008
3511.7627
3544.6832
3550.3081
3479.975
3399.4646
3365.7564
3358.5211
3363.4706
3360.1376
3351.1973
3364.9065
3316.3802
3316.1399
3316.1398
3316.1404
3316.1415
3316.1427
3316.1441
3316.1457
3316.1475
3316.1496
3316.152
3316.1547
3316.158
3316.1619
3316.1666
3316.1722
3316.179
3316.1878
3316.1998
3316.2183
3316.2549
3316.3895
3317.2559
3322.9116
3349.8798
3416.6904
3473.1804
3483.6392
3489.785
3517.0008
3547.9733
3550.8867
3468.4415
3390.2369
3357.117
3348.6478
3352.7142
3352.2961
3346.4552
3363.9681
3316.4333
3316.1457
3316.1459
3316.1466
3316.1475
3316.1486
3316.1498
3316.1511
3316.1526
3316.1542
3316.1561
3316.1582
3316.1606
3316.1634
3316.1667
3316.1709
3316.1761
3316.1829
3316.1922
3316.2057
3316.2277
3316.3015
3316.8357
3320.8672
3342.6936
3405.6127
3471.7272
3490.0065
3496.7052
3521.5774
3550.5895
3549.5385
3456.3413
3381.6582
3349.7602
3340.6413
3343.3476
3344.7219
3342.1995
3362.9066
3316.5172
3316.1655
3316.1658
3316.1665
3316.1674
3316.1684
3316.1694
3316.1707
3316.172
3316.1735
3316.1751
3316.1769
3316.1789
3316.1813
3316.1839
3316.1871
3316.1909
3316.1957
3316.2022
3316.2103
3316.2228
3316.267
3316.5862
3319.376
3336.4484
3393.6404
3467.3796
3494.8828
3503.0648
3525.6559
3552.7284
3544.2758
3444.2437
3373.7156
3343.5414
3334.3736
3335.7572
3337.9768
3338.6186
3361.7638
3316.6384
3316.1908
3316.1911
3316.1918
3316.1927
3316.1936
3316.1947
3316.1958
3316.1971
3316.1985
3316.2
3316.2017
3316.2036
3316.2057
3316.2081
3316.2109
3316.2141
3316.2182
3316.2234
3316.2285
3316.2336
3316.258
3316.4463
3318.3187
3331.216
3381.327
3459.9484
3497.389
3508.8495
3529.3596
3554.2543
3534.2827
3432.4883
3366.3987
3338.3203
3329.6061
3329.9478
3332.3837
3335.7086
3360.6111
3316.8009
3316.218
3316.2183
3316.2191
3316.2199
3316.2208
3316.2219
3316.223
3316.2243
3316.2256
3316.2271
3316.2288
3316.2306
3316.2326
3316.2349
3316.2375
3316.2405
3316.2444
3316.2489
3316.2522
3316.2538
3316.2638
3316.3762
3317.5915
3326.9951
3369.2671
3449.5538
3498.0646
3513.9268
3532.7362
3554.8317
3520.1346
3421.114
3359.6109
3334.0219
3326.0185
3325.6929
3328.0469
3333.4298
3359.5778
3316.9423
3316.2458
3316.2461
3316.2468
3316.2477
3316.2486
3316.2496
3316.2508
3316.252
3316.2533
3316.2548
3316.2564
3316.2582
3316.2602
3316.2624
3316.265
3316.268
3316.2717
3316.2758
3316.2779
3316.2777
3316.2806
3316.3456
3317.1078
3323.7193
3357.9412
3436.4623
3496.3706
3517.2948
3535.3419
3554.0126
3504.3091
3409.6085
3353.1868
3330.4156
3323.3389
3322.6907
3324.8766
3331.7069
3358.693
3317.0532
3316.2736
3316.2739
3316.2747
3316.2755
3316.2764
3316.2774
3316.2786
3316.2798
3316.2811
3316.2826
3316.2842
3316.286
3316.288
3316.2902
3316.2927
3316.2956
3316.2993
3316.303
3316.3042
3316.3031
3316.3023
3316.3363
3316.7985
3321.2767
3347.782
3421.197
3491.2245
3518.5817
3536.4263
3549.8102
3487.617
3398.1084
3347.1832
3327.3843
3321.3566
3320.6399
3322.671
3330.4474
3357.9456
3317.1382
3316.3013
3316.3016
3316.3024
3316.3032
3316.3041
3316.3051
3316.3062
3316.3075
3316.3088
3316.3103
3316.3119
3316.3136
3316.3156
3316.3178
3316.3203
3316.3232
3316.3269
3316.3301
3316.3306
3316.3291
3316.3264
3316.3402
3316.6102
3319.5298
3339.1316
3404.6133
3482.1774
3517.9528
3536.4301
3541.2418
3470.2079
3386.7764
3341.6757
3324.8666
3319.9097
3319.2786
3321.2031
3329.5494
3357.3143
3317.203
3316.3287
3316.3291
3316.3298
3316.3307
3316.3316
3316.3326
3316.3337
3316.3349
3316.3363
3316.3377
3316.3393
3316.3411
3316.343
3316.3452
3316.3477
3316.3507
3316.3542
3316.3569
3316.3569
3316.3551
3316.3515
3316.3548
3316.5064
3318.3335
3332.1689
3387.8979
3469.4026
3514.2415
3533.7388
3528.4419
3452.1821
3375.8217
3336.73
3322.8131
3318.8715
3318.3988
3320.2641
3328.918
3356.7784
3317.2524
3316.356
3316.3563
3316.3571
3316.3579
3316.3588
3316.3598
3316.3609
3316.3622
3316.3635
3316.365
3316.3666
3316.3683
3316.3703
3316.3724
3316.3749
3316.3779
3316.3813
3316.3834
3316.3831
3316.3811
3316.377
3316.3748
3316.4569
3317.5511
3326.9123
3372.4663
3453.2902
3506.0432
3526.8846
3511.7024
3433.7925
3365.4731
3332.3943
3321.174
3318.1415
3317.8448
3319.6845
3328.4739
3356.3204
3317.29
3316.3829
3316.3833
3316.3841
3316.3849
3316.3858
3316.3868
3316.3879
3316.3891
3316.3905
3316.3919
3316.3935
3316.3953
3316.3972
3316.3994
3316.4019
3316.4049
3316.4081
3316.4096
3316.4091
3316.407
3316.4026
3316.3975
3316.4389
3317.0644
3323.2021
3358.8455
3434.9379
3493.322
3515.1346
3491.5447
3415.5051
3355.9521
3328.6928
3319.8973
3317.64
3317.5049
3319.338
3328.1561
3355.9263
3317.3188
3316.4097
3316.41
3316.4108
3316.4116
3316.4125
3316.4135
3316.4146
3316.4159
3316.4172
3316.4186
3316.4202
3316.422
3316.4239
3316.4261
3316.4287
3316.4316
3316.4345
3316.4356
3316.4348
3316.4326
3316.4282
3316.4216
3316.4366
3316.7778
3320.6785
3347.4325
3415.6148
3476.5845
3498.5857
3468.923
3397.8652
3347.4481
3325.6235
3318.9291
3317.305
3317.3018
3319.1366
3327.921
3355.5852
3317.3408
3316.4361
3316.4365
3316.4372
3316.4381
3316.4389
3316.4399
3316.4411
3316.4423
3316.4436
3316.4451
3316.4467
3316.4484
3316.4504
3316.4526
3316.4551
3316.4581
3316.4606
3316.4612
3316.4604
3316.4581
3316.4536
3316.4464
3316.4473
3316.626
3319.0235
3338.312
3396.5766
3456.817
3478.0052
3445.0796
3381.4529
3340.0991
3323.1571
3318.2162
3317.0886
3317.1855
3319.0226
3327.7385
3355.2883
3317.3577
3316.4622
3316.4626
3316.4634
3316.4642
3316.4651
3316.4661
3316.4672
3316.4685
3316.4698
3316.4712
3316.4728
3316.4746
3316.4766
3316.4788
3316.4813
3316.4842
3316.4864
3316.4866
3316.4857
3316.4834
3316.4789
3316.4714
3316.4658
3316.5559
3317.9772
3331.3464
3378.8923
3435.3528
3454.7716
3421.3277
3366.8218
3333.9729
3321.2406
3317.7078
3316.9545
3317.1285
3318.9591
3327.5893
3355.0291
3317.3709
3316.4881
3316.4885
3316.4892
3316.4901
3316.491
3316.492
3316.4931
3316.4943
3316.4956
3316.4971
3316.4987
3316.5005
3316.5025
3316.5047
3316.5073
3316.51
3316.5118
3316.5117
3316.5108
3316.5085
3316.5041
3316.4965
3316.4879
3316.5305
3317.3413
3326.256
3363.3399
3413.6355
3430.5813
3399.0126
3354.2625
3329.0552
3319.8032
3317.3581
3316.879
3317.1049
3318.9238
3327.4618
3354.8021
3317.3815
3316.5137
3316.5141
3316.5148
3316.5156
3316.5165
3316.5175
3316.5187
3316.5199
3316.5212
3316.5227
3316.5243
3316.5261
3316.5281
3316.5303
3316.5329
3316.5355
3316.5368
3316.5366
3316.5356
3316.5334
3316.529
3316.5216
3316.5117
3316.5256
3316.9717
3322.6939
3350.359
3392.9943
3407.1119
3379.1566
3343.9149
3325.2592
3318.7644
3317.1274
3316.8432
3317.0985
3318.9038
3327.3492
3354.603
3317.3903
3316.5389
3316.5393
3316.5401
3316.5409
3316.5418
3316.5428
3316.5439
3316.5451
3316.5465
3316.5479
3316.5496
3316.5514
3316.5534
3316.5556
3316.5582
3316.5606
3316.5615
3316.5612
3316.5603
3316.558
3316.5537
3316.5465
3316.5362
3316.5348
3316.772
3320.3065
3340.0618
3374.4742
3385.7429
3362.3757
3335.7446
3322.4443
3318.0422
3316.9828
3316.8301
3317.1005
3318.8923
3327.2476
3354.4282
3317.398
3316.5639
3316.5643
3316.565
3316.5659
3316.5667
3316.5677
3316.5689
3316.5701
3316.5714
3316.5729
3316.5745
3316.5763
3316.5784
3316.5806
3316.5832
3316.5853
3316.5859
3316.5856
3316.5846
3316.5824
3316.5783
3316.5713
3316.561
3316.553
3316.675
3318.7738
3332.2892
3358.7408
3367.3907
3348.8776
3329.5667
3320.4397
3317.5604
3316.9006
3316.828
3317.1106
3318.8857
3327.1551
3354.2749
3317.405
3316.5885
3316.5889
3316.5897
3316.5905
3316.5914
3316.5924
3316.5935
3316.5947
3316.5961
3316.5976
3316.5992
3316.601
3316.603
3316.6054
3316.6078
3316.6097
3316.61
3316.6096
3316.6087
3316.6066
3316.6025
3316.5958
3316.5859
3316.5751
3316.6346
3317.8321
3326.6988
3346.0676
3352.4711
3338.5301
3325.0952
3319.0694
3317.2532
3316.861
3316.8354
3317.1251
3318.8823
3327.0705
3354.1404
3317.4117
3316.6128
3316.6133
3316.614
3316.6148
3316.6157
3316.6167
3316.6178
3316.6191
3316.6204
3316.6219
3316.6236
3316.6254
3316.6274
3316.6298
3316.6321
3316.6336
3316.6338
3316.6334
3316.6325
3316.6305
3316.6266
3316.6201
3316.6106
3316.5988
3316.6231
3317.2795
3322.8567
3336.3836
3340.9583
3330.9622
3321.9973
3318.1716
3317.0673
3316.8461
3316.8491
3317.1421
3318.8812
3326.9934
3354.0226
3317.4184
3316.6369
3316.6373
3316.638
3316.6388
3316.6397
3316.6407
3316.6418
3316.6431
3316.6444
3316.6459
3316.6476
3316.6494
3316.6515
3316.6538
3316.6561
3316.6573
3316.6573
3316.6569
3316.6561
3316.6541
3316.6504
3316.6442
3316.6351
3316.6232
3316.6271
3316.9735
3320.3361
3329.3537
3332.5095
3325.6778
3319.9428
3317.6088
3316.9655
3316.8434
3316.8662
3317.1602
3318.8815
3326.9231
3353.9194
3317.4254
3316.6605
3316.6609
3316.6617
3316.6625
3316.6634
3316.6644
3316.6655
3316.6668
3316.6681
3316.6696
3316.6713
3316.6732
3316.6753
3316.6776
3316.6796
3316.6805
3316.6805
3316.6802
3316.6793
3316.6775
3316.6739
3316.668
3316.6593
3316.6477
3316.6422
3316.8199
3318.7595
3324.5019
3326.6052
3322.1534
3318.639
3317.273
3316.9169
3316.8511
3316.8853
3317.1788
3318.8831
3326.8593
3353.8293
3317.4328
3316.6839
3316.6843
3316.6851
3316.6859
3316.6867
3316.6878
3316.6889
3316.6902
3316.6915
3316.693
3316.6947
3316.6966
3316.6987
3316.701
3316.7028
3316.7035
3316.7034
3316.7031
3316.7023
3316.7006
3316.6972
3316.6916
3316.6833
3316.6722
3316.6628
3316.7512
3317.8207
3321.3174
3322.673
3319.9082
3317.8486
3317.085
3316.8983
3316.8654
3316.9054
3317.1974
3318.8858
3326.8017
3353.7507
3317.4407
3316.7069
3316.7073
3316.7081
3316.7089
3316.7098
3316.7108
3316.712
3316.7132
3316.7146
3316.7161
3316.7178
3316.7197
3316.7218
3316.724
3316.7256
3316.7261
3316.726
3316.7257
3316.725
3316.7234
3316.7202
3316.7149
3316.7071
3316.6965
3316.6857
3316.7277
3317.2901
3319.3298
3320.1761
3318.542
3317.392
3316.9911
3316.8945
3316.8828
3316.926
3317.2161
3318.8895
3326.7498
3353.6824
3317.4494
3316.7296
3316.7301
3316.7308
3316.7316
3316.7325
3316.7335
3316.7347
3316.7359
3316.7373
3316.7389
3316.7406
3316.7425
3316.7446
3316.7467
3316.7481
3316.7484
3316.7483
3316.7481
3316.7475
3316.7459
3316.7429
3316.7379
3316.7305
3316.7205
3316.7096
3316.7248
3317.0138
3318.1509
3318.665
3317.7497
3317.146
3316.9501
3316.9017
3316.9018
3316.9467
3317.2347
3318.8942
3326.7033
3353.6231
3317.4588
3316.752
3316.7525
3316.7532
3316.754
3316.7549
3316.7559
3316.7571
3316.7584
3316.7598
3316.7613
3316.763
3316.765
3316.7671
3316.769
3316.7701
3316.7703
3316.7703
3316.7702
3316.7696
3316.7682
3316.7654
3316.7607
3316.7536
3316.7442
3316.7337
3316.7358
3316.8831
3317.4875
3317.7943
3317.3151
3317.0254
3316.9372
3316.9157
3316.9216
3316.9674
3317.2532
3318.8997
3326.6617
3353.572
3317.469
3316.7741
3316.7746
3316.7753
3316.7761
3316.777
3316.778
3316.7792
3316.7805
3316.7819
3316.7834
3316.7852
3316.7871
3316.7892
3316.791
3316.7918
3316.792
3316.792
3316.7919
3316.7915
3316.7902
3316.7876
3316.7831
3316.7764
3316.7676
3316.7578
3316.7547
3316.8298
3317.1422
3317.3217
3317.0973
3316.973
3316.9367
3316.9326
3316.9417
3316.9878
3317.2715
3318.9061
3326.6246
3353.528
3317.48
3316.7959
3316.7963
3316.7971
3316.7979
3316.7988
3316.7998
3316.801
3316.8022
3316.8036
3316.8052
3316.807
3316.8089
3316.8109
3316.8125
3316.8132
3316.8134
3316.8134
3316.8134
3316.813
3316.8119
3316.8094
3316.8052
3316.7989
3316.7907
3316.7817
3316.7767
3316.8146
3316.9769
3317.0862
3316.9967
3316.9557
3316.9469
3316.9511
3316.9619
3317.0079
3317.2897
3318.9131
3326.5918
3353.4905
3317.492
3316.8173
3316.8178
3316.8185
3316.8193
3316.8202
3316.8212
3316.8224
3316.8237
3316.8251
3316.8267
3316.8285
3316.8304
3316.8323
3316.8337
3316.8343
3316.8345
3316.8345
3316.8345
3316.8342
3316.8332
3316.8309
3316.827
3316.8211
3316.8135
3316.8052
3316.7999
3316.8174
3316.907
3316.9784
3316.9567
3316.9534
3316.9619
3316.9702
3316.9818
3317.0278
3317.3077
3318.9208
3326.5629
3353.4587
3317.5048
3316.8384
3316.8389
3316.8397
3316.8405
3316.8414
3316.8424
3316.8436
3316.8448
3316.8463
3316.8479
3316.8497
3316.8516
3316.8534
3316.8545
3316.855
3316.8552
3316.8553
3316.8554
3316.8552
3316.8543
3316.8522
3316.8485
3316.843
3316.836
3316.8285
3316.8235
3316.8321
3316.885
3316.9364
3316.9459
3316.9626
3316.9792
3316.9894
3317.0015
3317.0473
3317.3256
3318.9292
3326.5376
3353.4321
3317.5186
3316.8593
3316.8597
3316.8605
3316.8613
3316.8622
3316.8632
3316.8644
3316.8657
3316.8671
3316.8687
3316.8705
3316.8724
3316.874
3316.875
3316.8754
3316.8757
3316.8758
3316.876
3316.8758
3316.875
3316.8731
3316.8696
3316.8646
3316.8581
3316.8514
3316.847
3316.8522
3316.8833
3316.9253
3316.9488
3316.9773
3316.9974
3317.0086
3317.0209
3317.0666
3317.3433
3318.9381
3326.5155
3353.41
3317.5332
3316.8798
3316.8802
3316.881
3316.8818
3316.8827
3316.8837
3316.8849
3316.8862
3316.8876
3316.8893
3316.891
3316.8928
3316.8943
3316.8951
3316.8955
3316.8958
3316.896
3316.8962
3316.8961
3316.8955
3316.8937
3316.8905
3316.8858
3316.8799
3316.8739
3316.8702
3316.8743
3316.8951
3316.9293
3316.9614
3316.9945
3317.0159
3317.0275
3317.04
3317.0855
3317.3608
3318.9475
3326.4964
3353.3921
3317.5487
3316.8999
3316.9004
3316.9012
3316.902
3316.9029
3316.9039
3316.9051
3316.9064
3316.9079
3316.9095
3316.9112
3316.9129
3316.9142
3316.9149
3316.9153
3316.9156
3316.9159
3316.9161
3316.9162
3316.9156
3316.914
3316.9111
3316.9068
3316.9014
3316.8961
3316.8931
3316.897
3316.9136
3316.9435
3316.9783
3317.0127
3317.0344
3317.0462
3317.0589
3317.1042
3317.3781
3318.9573
3326.4802
3353.3778
3317.5651
3316.9198
3316.9203
3316.921
3316.9218
3316.9227
3316.9238
3316.925
3316.9263
3316.9278
3316.9294
3316.9311
3316.9327
3316.9338
3316.9344
3316.9348
3316.9352
3316.9355
3316.9357
3316.9359
3316.9354
3316.934
3316.9313
3316.9274
3316.9226
3316.9179
3316.9156
3316.9196
3316.9344
3316.962
3316.9969
3317.0311
3317.0527
3317.0647
3317.0774
3317.1225
3317.3952
3318.9675
3326.4664
3353.3669
3317.5824
3316.9394
3316.9398
3316.9406
3316.9414
3316.9423
3316.9433
3316.9445
3316.9459
3316.9474
3316.949
3316.9506
3316.9521
3316.953
3316.9536
3316.954
3316.9544
3316.9547
3316.9551
3316.9553
3316.9549
3316.9537
3316.9513
3316.9477
3316.9434
3316.9393
3316.9376
3316.9419
3316.956
3316.982
3317.0161
3317.0495
3317.0708
3317.0828
3317.0956
3317.1406
3317.4121
3318.9781
3326.455
3353.359
3317.6006
3316.9586
3316.9591
3316.9598
3316.9607
3316.9615
3316.9626
3316.9638
3316.9652
3316.9666
3316.9682
3316.9698
3316.9711
3316.9719
3316.9725
3316.9729
3316.9733
3316.9737
3316.9741
3316.9744
3316.9742
3316.9731
3316.9709
3316.9677
3316.9639
3316.9604
3316.9593
3316.9639
3316.9775
3317.0024
3317.0352
3317.0676
3317.0886
3317.1007
3317.1135
3317.1583
3317.4288
3318.989
3326.4457
3353.3536
3317.6197
3316.9776
3316.978
3316.9788
3316.9796
3316.9805
3316.9815
3316.9828
3316.9841
3316.9856
3316.9871
3316.9886
3316.9897
3316.9904
3316.991
3316.9915
3316.9919
3316.9924
3316.9928
3316.9932
3316.9931
3316.9922
3316.9903
3316.9874
3316.984
3316.9811
3316.9806
3316.9854
3316.9988
3317.0227
3317.0541
3317.0855
3317.1062
3317.1183
3317.1311
3317.1758
3317.4453
3319.0002
3326.4384
3353.351
3317.6396
3316.9962
3316.9967
3316.9974
3316.9982
3316.9991
3317.0002
3317.0014
3317.0028
3317.0042
3317.0057
3317.007
3317.008
3317.0087
3317.0093
3317.0098
3317.0103
3317.0107
3317.0113
3317.0117
3317.0118
3317.011
3317.0094
3317.0068
3317.0039
3317.0014
3317.0014
3317.0066
3317.0197
3317.0427
3317.0728
3317.1031
3317.1234
3317.1356
3317.1484
3317.193
3317.4616
3319.0116
3326.4329
3353.3508
3317.6605
3317.0145
3317.015
3317.0158
3317.0166
3317.0175
3317.0186
3317.0198
3317.0211
3317.0225
3317.0239
3317.0251
3317.0259
3317.0266
3317.0273
3317.0278
3317.0283
3317.0288
3317.0294
3317.0299
3317.0301
3317.0296
3317.0281
3317.0259
3317.0234
3317.0214
3317.0219
3317.0273
3317.0403
3317.0623
3317.0912
3317.1205
3317.1404
3317.1526
3317.1654
3317.2099
3317.4777
3319.0232
3326.4291
3353.3523
3317.6822
3317.0325
3317.033
3317.0338
3317.0346
3317.0355
3317.0366
3317.0378
3317.0391
3317.0404
3317.0417
3317.0428
3317.0436
3317.0443
3317.0449
3317.0455
3317.046
3317.0466
3317.0473
3317.0479
3317.0482
3317.0478
3317.0466
3317.0447
3317.0425
3317.0411
3317.042
3317.0475
3317.0604
3317.0816
3317.1092
3317.1375
3317.1571
3317.1693
3317.1821
3317.2265
3317.4935
3319.035
3326.4267
3353.3557
3317.7049
3317.0503
3317.0508
3317.0515
3317.0524
3317.0533
3317.0543
3317.0555
3317.0568
3317.058
3317.0592
3317.0601
3317.0609
3317.0616
3317.0623
3317.0629
3317.0635
3317.0641
3317.0648
3317.0655
3317.0659
3317.0657
3317.0648
3317.0632
3317.0614
3317.0603
3317.0616
3317.0674
3317.08
3317.1006
3317.127
3317.1543
3317.1736
3317.1857
3317.1985
3317.2428
3317.5092
3319.047
3326.426
3353.3609
3317.7285
3317.0677
3317.0682
3317.069
3317.0698
3317.0707
3317.0718
3317.0729
3317.0741
3317.0752
3317.0763
3317.0772
3317.078
3317.0787
3317.0794
3317.08
3317.0806
3317.0813
3317.0821
3317.0829
3317.0834
3317.0834
3317.0826
3317.0813
3317.0799
3317.0793
3317.0809
3317.0869
3317.0993
3317.1191
3317.1444
3317.1708
3317.1897
3317.2018
3317.2147
3317.2588
3317.5246
3319.059
3326.4264
3353.3675
3317.753
3317.0849
3317.0854
3317.0861
3317.0869
3317.0878
3317.0888
3317.0899
3317.0911
3317.0921
3317.0931
3317.0939
3317.0947
3317.0955
3317.0962
3317.0968
3317.0975
3317.0982
3317.0991
3317.1
3317.1006
3317.1007
3317.1002
3317.0992
3317.0981
3317.0978
3317.0998
3317.1059
3317.1181
3317.1373
3317.1616
3317.187
3317.2056
3317.2177
3317.2305
3317.2745
3317.5398
3319.0712
3326.4281
3353.3757
3317.7785
3317.1017
3317.1022
3317.1029
3317.1037
3317.1046
3317.1056
3317.1066
3317.1076
3317.1086
3317.1095
3317.1104
3317.1112
3317.112
3317.1127
3317.1134
3317.1141
3317.1149
3317.1158
3317.1168
3317.1175
3317.1178
3317.1175
3317.1167
3317.1159
3317.116
3317.1183
3317.1246
3317.1366
3317.1551
3317.1784
3317.2029
3317.2212
3317.2332
3317.246
3317.29
3317.5548
3319.0835
3326.4308
3353.3851
3317.8051
3317.1182
3317.1187
3317.1194
3317.1202
3317.121
3317.1219
3317.1229
3317.1239
3317.1248
3317.1257
3317.1265
3317.1274
3317.1281
3317.1289
3317.1296
3317.1304
3317.1312
3317.1322
3317.1333
3317.1341
3317.1346
3317.1344
3317.1339
3317.1335
3317.1339
3317.1365
3317.1428
3317.1547
3317.1725
3317.1949
3317.2185
3317.2365
3317.2485
3317.2613
3317.3052
3317.5696
3319.0958
3326.4345
3353.3958
3317.8327
3317.1344
3317.1348
3317.1355
3317.1363
3317.1371
3317.1379
3317.1389
3317.1398
3317.1406
3317.1415
3317.1424
3317.1432
3317.144
3317.1448
3317.1456
3317.1464
3317.1473
3317.1483
3317.1495
3317.1505
3317.151
3317.1511
3317.1509
3317.1507
3317.1514
3317.1542
3317.1607
3317.1723
3317.1896
3317.2111
3317.2338
3317.2515
3317.2635
3317.2763
3317.3201
3317.5841
3319.1082
3326.4392
3353.4077
3317.8614
3317.1502
3317.1506
3317.1513
3317.152
3317.1528
3317.1536
3317.1545
3317.1553
3317.1562
3317.1571
3317.158
3317.1588
3317.1597
3317.1605
3317.1613
3317.1621
3317.163
3317.1642
3317.1654
3317.1665
3317.1672
3317.1675
3317.1675
3317.1676
3317.1686
3317.1717
3317.1782
3317.1896
3317.2063
3317.227
3317.2489
3317.2663
3317.2782
3317.291
3317.3347
3317.5984
3319.1206
3326.4448
3353.4205
3317.8914
3317.1656
3317.166
3317.1667
3317.1674
3317.1681
3317.1689
3317.1697
3317.1706
3317.1715
3317.1724
3317.1733
3317.1741
3317.175
3317.1758
3317.1767
3317.1775
3317.1785
3317.1797
3317.181
3317.1823
3317.1831
3317.1836
3317.1838
3317.1842
3317.1855
3317.1887
3317.1953
3317.2065
3317.2227
3317.2426
3317.2637
3317.2807
3317.2926
3317.3054
3317.3491
3317.6125
3319.133
3326.4511
3353.4344
3317.9226
3317.1807
3317.1811
3317.1817
3317.1824
3317.1831
3317.1839
3317.1847
3317.1856
3317.1865
3317.1874
3317.1883
3317.1891
3317.19
3317.1909
3317.1918
3317.1927
3317.1937
3317.195
3317.1964
3317.1977
3317.1987
3317.1994
3317.1998
3317.2004
3317.202
3317.2054
3317.2121
3317.2231
3317.2387
3317.2578
3317.2782
3317.2949
3317.3067
3317.3195
3317.3632
3317.6263
3319.1454
3326.4582
3353.4493
3317.9552
3317.1954
3317.1958
3317.1965
3317.1971
3317.1978
3317.1986
3317.1994
3317.2003
3317.2011
3317.2021
3317.203
3317.2039
3317.2048
3317.2057
3317.2066
3317.2076
3317.2087
3317.21
3317.2115
3317.2129
3317.2141
3317.2149
3317.2155
3317.2164
3317.2182
3317.2218
3317.2285
3317.2393
3317.2544
3317.2728
3317.2924
3317.3088
3317.3206
3317.3333
3317.377
3317.64
3319.1578
3326.4659
3353.465
3317.9894
3317.2098
3317.2102
3317.2109
3317.2115
3317.2122
3317.2129
3317.2138
3317.2147
3317.2156
3317.2165
3317.2174
3317.2184
3317.2193
3317.2202
3317.2212
3317.2222
3317.2233
3317.2247
3317.2263
3317.2278
3317.2291
3317.2301
3317.2309
3317.232
3317.234
3317.2378
3317.2445
3317.2551
3317.2698
3317.2875
3317.3063
3317.3225
3317.3342
3317.3469
3317.3905
3317.6534
3319.1701
3326.4742
3353.4816
3318.0252
3317.2239
3317.2243
3317.225
3317.2256
3317.2263
3317.2271
3317.2279
3317.2288
3317.2297
3317.2306
3317.2316
3317.2325
3317.2335
3317.2345
3317.2355
3317.2365
3317.2377
3317.2392
3317.2408
3317.2425
3317.2439
3317.245
3317.2461
3317.2474
3317.2496
3317.2535
3317.2602
3317.2706
3317.2848
3317.3019
3317.32
3317.3359
3317.3475
3317.3602
3317.4038
3317.6665
3319.1824
3326.4831
3353.499
3318.0628
3317.2377
3317.2381
3317.2388
3317.2394
3317.2401
3317.2409
3317.2418
3317.2427
3317.2436
3317.2445
3317.2455
3317.2465
3317.2474
3317.2484
3317.2495
3317.2505
3317.2518
3317.2533
3317.2551
3317.2568
3317.2584
3317.2597
3317.2609
3317.2624
3317.2648
3317.2688
3317.2756
3317.2857
3317.2995
3317.316
3317.3335
3317.349
3317.3606
3317.3733
3317.4168
3317.6795
3319.1947
3326.4925
3353.5172
3318.1024
3317.2513
3317.2517
3317.2523
3317.253
3317.2537
3317.2544
3317.2553
3317.2562
3317.2572
3317.2581
3317.2591
3317.2601
3317.2611
3317.2621
3317.2632
3317.2643
3317.2656
3317.2672
3317.2691
3317.2709
3317.2726
3317.274
3317.2754
3317.2771
3317.2797
3317.2839
3317.2906
3317.3005
3317.3139
3317.3298
3317.3466
3317.3618
3317.3733
3317.386
3317.4296
3317.6922
3319.2068
3326.5024
3353.5361
3318.1443
3317.2645
3317.2649
3317.2656
3317.2663
3317.267
3317.2677
3317.2686
3317.2695
3317.2705
3317.2714
3317.2724
3317.2734
3317.2745
3317.2755
3317.2766
3317.2778
3317.2792
3317.2809
3317.2828
3317.2847
3317.2865
3317.2881
3317.2896
3317.2915
3317.2942
3317.2985
3317.3052
3317.315
3317.328
3317.3433
3317.3596
3317.3744
3317.3858
3317.3985
3317.4421
3317.7046
3319.2189
3326.5127
3353.5559
3318.1887
3317.2775
3317.2779
3317.2786
3317.2793
3317.28
3317.2807
3317.2816
3317.2826
3317.2835
3317.2845
3317.2855
3317.2865
3317.2876
3317.2887
3317.2898
3317.2911
3317.2925
3317.2942
3317.2962
3317.2983
3317.3002
3317.3019
3317.3036
3317.3056
3317.3085
3317.3129
3317.3196
3317.3292
3317.3417
3317.3566
3317.3722
3317.3867
3317.3981
3317.4107
3317.4543
3317.7169
3319.2309
3326.5235
3353.5764
3318.2359
3317.2902
3317.2907
3317.2913
3317.292
3317.2927
3317.2935
3317.2944
3317.2953
3317.2963
3317.2973
3317.2983
3317.2994
3317.3004
3317.3016
3317.3027
3317.304
3317.3055
3317.3073
3317.3094
3317.3115
3317.3135
3317.3154
3317.3173
3317.3194
3317.3225
3317.3269
3317.3336
3317.343
3317.3552
3317.3695
3317.3847
3317.3988
3317.41
3317.4227
3317.4663
3317.7289
3319.2428
3326.5346
3353.5976
3318.2862
3317.3027
3317.3031
3317.3038
3317.3045
3317.3052
3317.306
3317.3069
3317.3078
3317.3088
3317.3098
3317.3108
3317.3119
3317.313
3317.3142
3317.3154
3317.3167
3317.3182
3317.3201
3317.3223
3317.3245
3317.3266
3317.3286
3317.3306
3317.333
3317.3361
3317.3407
3317.3473
3317.3565
3317.3684
3317.3822
3317.3968
3317.4105
3317.4217
3317.4344
3317.478
3317.7407
3319.2546
3326.5461
3353.6196
3318.3402
3317.3149
3317.3153
3317.316
3317.3167
3317.3174
3317.3182
3317.3191
3317.32
3317.321
3317.322
3317.3231
3317.3242
3317.3253
3317.3265
3317.3278
3317.3291
3317.3307
3317.3327
3317.3349
3317.3372
3317.3395
3317.3416
3317.3437
3317.3462
3317.3495
3317.3541
3317.3607
3317.3697
3317.3812
3317.3946
3317.4087
3317.4221
3317.4331
3317.4458
3317.4894
3317.7522
3319.2663
3326.5579
3353.6424
3318.3983
3317.3268
3317.3272
3317.3279
3317.3286
3317.3293
3317.3301
3317.331
3317.332
3317.333
3317.334
3317.3351
3317.3362
3317.3374
3317.3386
3317.3399
3317.3413
3317.343
3317.3449
3317.3473
3317.3497
3317.352
3317.3543
3317.3565
3317.3591
3317.3625
3317.3672
3317.3737
3317.3826
3317.3938
3317.4068
3317.4204
3317.4333
3317.4443
3317.457
3317.5006
3317.7635
3319.2779
3326.57
3353.6661
3318.4611
3317.3384
3317.3389
3317.3396
3317.3403
3317.341
3317.3418
3317.3427
3317.3437
3317.3447
3317.3457
3317.3468
3317.348
3317.3492
3317.3504
3317.3517
3317.3532
3317.3549
3317.357
3317.3594
3317.3619
3317.3643
3317.3667
3317.3691
3317.3718
3317.3753
3317.38
3317.3865
3317.3952
3317.4061
3317.4186
3317.4318
3317.4443
3317.4552
3317.4679
3317.5116
3317.7746
3319.2894
3326.5824
3353.6905
3318.5293
3317.3498
3317.3503
3317.351
3317.3517
3317.3524
3317.3532
3317.3541
3317.3551
3317.3561
3317.3572
3317.3583
3317.3595
3317.3607
3317.362
3317.3633
3317.3648
3317.3666
3317.3687
3317.3712
3317.3738
3317.3763
3317.3788
3317.3813
3317.3842
3317.3877
3317.3925
3317.399
3317.4075
3317.4181
3317.4302
3317.443
3317.4551
3317.4659
3317.4785
3317.5222
3317.7854
3319.3007
3326.5951
3353.7159
3318.6037
3317.361
3317.3614
3317.3621
3317.3628
3317.3635
3317.3643
3317.3653
3317.3663
3317.3673
3317.3684
3317.3695
3317.3707
3317.3719
3317.3733
3317.3747
3317.3762
3317.378
3317.3802
3317.3827
3317.3854
3317.3881
3317.3906
3317.3933
3317.3962
3317.3999
3317.4047
3317.4111
3317.4195
3317.4298
3317.4416
3317.4539
3317.4656
3317.4763
3317.4889
3317.5326
3317.796
3319.3119
3326.6081
3353.7421
3318.6853
3317.3718
3317.3723
3317.373
3317.3737
3317.3744
3317.3752
3317.3762
3317.3772
3317.3782
3317.3793
3317.3805
3317.3817
3317.3829
3317.3843
3317.3857
3317.3873
3317.3892
3317.3914
3317.394
3317.3968
3317.3995
3317.4022
3317.405
3317.408
3317.4118
3317.4166
3317.423
3317.4312
3317.4412
3317.4526
3317.4645
3317.4759
3317.4864
3317.499
3317.5428
3317.8064
3319.323
3326.6213
3353.7694
3318.7752
3317.3824
3317.3829
3317.3836
3317.3843
3317.385
3317.3858
3317.3868
3317.3878
3317.3889
3317.39
3317.3911
3317.3924
3317.3937
3317.3951
3317.3965
3317.3982
3317.4001
3317.4024
3317.4051
3317.4079
3317.4108
3317.4135
3317.4164
3317.4195
3317.4234
3317.4282
3317.4345
3317.4426
3317.4524
3317.4634
3317.4749
3317.486
3317.4963
3317.5089
3317.5527
3317.8165
3319.334
3326.6348
3353.7977
3318.8747
3317.3928
3317.3932
3317.3939
3317.3946
3317.3954
3317.3962
3317.3972
3317.3982
3317.3992
3317.4004
3317.4016
3317.4028
3317.4041
3317.4056
3317.4071
3317.4088
3317.4108
3317.4131
3317.4159
3317.4188
3317.4217
3317.4246
3317.4275
3317.4308
3317.4347
3317.4396
3317.4458
3317.4537
3317.4632
3317.4739
3317.4851
3317.4958
3317.5059
3317.5185
3317.5624
3317.8264
3319.3448
3326.6486
3353.8272
3318.9853
3317.4029
3317.4033
3317.404
3317.4047
3317.4055
3317.4063
3317.4073
3317.4083
3317.4094
3317.4105
3317.4117
3317.413
3317.4144
3317.4158
3317.4174
3317.4191
3317.4211
3317.4236
3317.4264
3317.4294
3317.4324
3317.4353
3317.4384
3317.4417
3317.4457
3317.4506
3317.4568
3317.4645
3317.4738
3317.4842
3317.495
3317.5054
3317.5153
3317.5278
3317.5717
3317.8361
3319.3555
3326.6626
3353.8579
3319.1089
3317.4127
3317.4132
3317.4139
3317.4146
3317.4153
3317.4162
3317.4171
3317.4182
3317.4193
3317.4204
3317.4217
3317.423
3317.4243
3317.4258
3317.4274
3317.4292
3317.4313
3317.4338
3317.4367
3317.4397
3317.4428
3317.4459
3317.449
3317.4524
3317.4564
3317.4613
3317.4675
3317.4751
3317.4841
3317.4942
3317.5047
3317.5148
3317.5244
3317.5369
3317.5809
3317.8455
3319.3661
3326.6769
3353.8899
3319.2476
3317.4223
3317.4228
3317.4235
3317.4242
3317.4249
3317.4258
3317.4267
3317.4278
3317.4289
3317.4301
3317.4313
3317.4326
3317.434
3317.4356
3317.4372
3317.439
3317.4412
3317.4437
3317.4467
3317.4498
3317.453
3317.4561
3317.4593
3317.4628
3317.4669
3317.4718
3317.4779
3317.4854
3317.4942
3317.504
3317.5142
3317.524
3317.5333
3317.5457
3317.5898
3317.8547
3319.3765
3326.6915
3353.9234
3319.4039
3317.4316
3317.4321
3317.4328
3317.4335
3317.4342
3317.4351
3317.4361
3317.4372
3317.4383
3317.4395
3317.4407
3317.4421
3317.4435
3317.4451
3317.4468
3317.4486
3317.4508
3317.4534
3317.4564
3317.4596
3317.4629
3317.4661
3317.4694
3317.473
3317.4771
3317.482
3317.4881
3317.4954
3317.504
3317.5135
3317.5234
3317.5329
3317.542
3317.5543
3317.5984
3317.8636
3319.3868
3326.7065
3353.9585
3319.5807
3317.4407
3317.4412
3317.4419
3317.4426
3317.4433
3317.4442
3317.4452
3317.4463
3317.4474
3317.4486
3317.4499
3317.4513
3317.4527
3317.4543
3317.456
3317.4579
3317.4602
3317.4628
3317.4659
3317.4692
3317.4725
3317.4758
3317.4792
3317.4829
3317.487
3317.492
3317.4979
3317.5051
3317.5135
3317.5228
3317.5323
3317.5416
3317.5505
3317.5626
3317.6068
3317.8724
3319.397
3326.7217
3353.9954
3319.7816
3317.4495
3317.45
3317.4507
3317.4514
3317.4522
3317.4531
3317.4541
3317.4552
3317.4563
3317.4575
3317.4588
3317.4602
3317.4617
3317.4633
3317.4651
3317.467
3317.4693
3317.472
3317.4752
3317.4785
3317.4819
3317.4853
3317.4887
3317.4925
3317.4967
3317.5016
3317.5075
3317.5146
3317.5228
3317.5318
3317.541
3317.55
3317.5587
3317.5707
3317.6149
3317.8809
3319.4071
3326.7374
3354.0342
3320.0104
3317.4581
3317.4586
3317.4593
3317.46
3317.4608
3317.4617
3317.4627
3317.4638
3317.4649
3317.4662
3317.4675
3317.4689
3317.4704
3317.4721
3317.4739
3317.4758
3317.4782
3317.481
3317.4842
3317.4876
3317.491
3317.4945
3317.498
3317.5018
3317.5061
3317.511
3317.5169
3317.5238
3317.5318
3317.5405
3317.5495
3317.5583
3317.5667
3317.5786
3317.6228
3317.8891
3319.4171
3326.7534
3354.0752
3320.2719
3317.4664
3317.4669
3317.4677
3317.4684
3317.4691
3317.47
3317.471
3317.4722
3317.4733
3317.4746
3317.4759
3317.4773
3317.4789
3317.4806
3317.4824
3317.4844
3317.4868
3317.4896
3317.4929
3317.4964
3317.4999
3317.5035
3317.5071
3317.5109
3317.5152
3317.5201
3317.5259
3317.5327
3317.5405
3317.549
3317.5578
3317.5663
3317.5745
3317.5863
3317.6304
3317.8971
3319.427
3326.7699
3354.1186
3320.5716
3317.4745
3317.475
3317.4758
3317.4765
3317.4772
3317.4781
3317.4792
3317.4803
3317.4815
3317.4827
3317.4841
3317.4855
3317.4871
3317.4888
3317.4907
3317.4928
3317.4952
3317.4981
3317.5014
3317.505
3317.5086
3317.5122
3317.5158
3317.5197
3317.524
3317.529
3317.5347
3317.5414
3317.549
3317.5573
3317.5658
3317.574
3317.5821
3317.5937
3317.6378
3317.905
3319.4368
3326.7869
3354.1646
3320.9158
3317.4824
3317.4829
3317.4836
3317.4843
3317.4851
3317.486
3317.487
3317.4882
3317.4894
3317.4906
3317.492
3317.4935
3317.4951
3317.4968
3317.4987
3317.5009
3317.5033
3317.5063
3317.5097
3317.5133
3317.5169
3317.5206
3317.5243
3317.5283
3317.5326
3317.5376
3317.5433
3317.5498
3317.5573
3317.5653
3317.5736
3317.5816
3317.5895
3317.601
3317.6451
3317.9126
3319.4465
3326.8044
3354.2135
3321.312
3317.49
3317.4905
3317.4912
3317.492
3317.4927
3317.4936
3317.4947
3317.4958
3317.497
3317.4983
3317.4997
3317.5012
3317.5028
3317.5046
3317.5065
3317.5087
3317.5112
3317.5142
3317.5177
3317.5214
3317.5251
3317.5288
3317.5326
3317.5366
3317.541
3317.5459
3317.5515
3317.558
3317.5653
3317.5731
3317.5812
3317.5889
3317.5967
3317.608
3317.6521
3317.92
3319.4562
3326.8227
3354.2657
3321.7685
3317.4974
3317.4979
3317.4986
3317.4994
3317.5001
3317.501
3317.5021
3317.5032
3317.5044
3317.5057
3317.5071
3317.5087
3317.5103
3317.5121
3317.5141
3317.5163
3317.5189
3317.522
3317.5254
3317.5292
3317.533
3317.5368
3317.5406
3317.5447
3317.5491
3317.554
3317.5596
3317.5659
3317.573
3317.5807
3317.5885
3317.5961
3317.6036
3317.6148
3317.6589
3317.9273
3319.466
3326.8417
3354.3217
3322.2952
3317.5046
3317.5051
3317.5058
3317.5065
3317.5073
3317.5082
3317.5093
3317.5104
3317.5117
3317.513
3317.5144
3317.5159
3317.5176
3317.5195
3317.5215
3317.5237
3317.5263
3317.5295
3317.533
3317.5368
3317.5406
3317.5445
3317.5484
3317.5525
3317.5569
3317.5618
3317.5674
3317.5736
3317.5806
3317.588
3317.5956
3317.603
3317.6104
3317.6215
3317.6655
3317.9344
3319.4757
3326.8615
3354.3819
3322.9032
3317.5116
3317.5121
3317.5128
3317.5136
3317.5143
3317.5153
3317.5163
3317.5175
3317.5187
3317.5201
3317.5215
3317.523
3317.5248
3317.5266
3317.5287
3317.5309
3317.5336
3317.5368
3317.5404
3317.5442
3317.5481
3317.552
3317.556
3317.5601
3317.5646
3317.5695
3317.5749
3317.5811
3317.5879
3317.5952
3317.6026
3317.6098
3317.617
3317.628
3317.672
3317.9414
3319.4856
3326.8824
3354.4473
3323.605
3317.5186
3317.5192
3317.5199
3317.5206
3317.5214
3317.5223
3317.5234
3317.5246
3317.5258
3317.5271
3317.5286
3317.5301
3317.5319
3317.5337
3317.5358
3317.5381
3317.5408
3317.544
3317.5476
3317.5515
3317.5555
3317.5594
3317.5634
3317.5676
3317.5721
3317.5769
3317.5823
3317.5884
3317.5951
3317.6022
3317.6094
3317.6164
3317.6235
3317.6344
3317.6785
3317.9485
3319.4958
3326.9047
3354.519
3324.4147
3317.5261
3317.5266
3317.5273
3317.5281
3317.5288
3317.5297
3317.5308
3317.532
3317.5332
3317.5345
3317.536
3317.5375
3317.5393
3317.5411
3317.5432
3317.5455
3317.5482
3317.5514
3317.5551
3317.559
3317.5629
3317.5669
3317.5709
3317.5751
3317.5795
3317.5844
3317.5898
3317.5957
3317.6023
3317.6092
3317.6163
3317.6232
3317.6302
3317.6411
3317.6852
3317.9559
3319.5066
3326.929
3354.5993
3325.3476
3317.5348
3317.5353
3317.5361
3317.5368
3317.5375
3317.5384
3317.5395
3317.5406
3317.5419
3317.5432
3317.5446
3317.5461
3317.5478
3317.5496
3317.5516
3317.5539
3317.5566
3317.5597
3317.5633
3317.5671
3317.571
3317.5749
3317.5789
3317.583
3317.5875
3317.5923
3317.5976
3317.6035
3317.61
3317.6169
3317.6239
3317.6308
3317.6378
3317.6487
3317.693
3317.9644
3319.5189
3326.9564
3354.6918
3326.4202
3317.547
3317.5475
3317.5482
3317.5489
3317.5496
3317.5505
3317.5515
3317.5526
3317.5538
3317.555
3317.5563
3317.5578
3317.5593
3317.561
3317.5629
3317.565
3317.5674
3317.5704
3317.5737
3317.5774
3317.5811
3317.5848
3317.5886
3317.5926
3317.5969
3317.6016
3317.6069
3317.6128
3317.6193
3317.6262
3317.6334
3317.6405
3317.6477
3317.6588
3317.7034
3317.9758
3319.5346
3326.9893
3354.8032
3327.6493
3317.5672
3317.5678
3317.5685
3317.5691
3317.5698
3317.5706
3317.5715
3317.5725
3317.5734
3317.5745
3317.5756
3317.5768
3317.5781
3317.5794
3317.5809
3317.5826
3317.5846
3317.587
3317.5899
3317.593
3317.5961
3317.5993
3317.6027
3317.6063
3317.6103
3317.6148
3317.6201
3317.626
3317.6328
3317.6401
3317.6478
3317.6555
3317.6633
3317.6751
3317.7204
3317.9942
3319.558
3327.0326
3354.9456
3329.0506
3317.6055
3317.606
3317.6066
3317.6072
3317.6077
3317.6084
3317.609
3317.6098
3317.6104
3317.6111
3317.6117
3317.6124
3317.6131
3317.6137
3317.6144
3317.6151
3317.6161
3317.6174
3317.6191
3317.621
3317.6229
3317.625
3317.6273
3317.63
3317.6334
3317.6375
3317.6427
3317.6489
3317.6563
3317.6646
3317.6736
3317.6827
3317.6921
3317.7053
3317.7522
3318.0281
3319.5981
3327.0966
3355.1396
3330.6368
3317.6813
3317.6818
3317.6824
3317.6827
3317.683
3317.6833
3317.6835
3317.6837
3317.6837
3317.6836
3317.6834
3317.6829
3317.6823
3317.6815
3317.6805
3317.6794
3317.6784
3317.6774
3317.6767
3317.6761
3317.6755
3317.6752
3317.6753
3317.6761
3317.6781
3317.6814
3317.6864
3317.6933
3317.7021
3317.7126
3317.7243
3317.7366
3317.7492
3317.7654
3317.8154
3318.0948
3319.673
3327.2011
3355.4203
3332.4128
3317.8312
3317.8318
3317.8321
3317.8321
3317.8319
3317.8315
3317.831
3317.8301
3317.829
3317.8274
3317.8254
3317.823
3317.82
3317.8165
3317.8123
3317.8077
3317.8026
3317.7974
3317.792
3317.7866
3317.7811
3317.7761
3317.7718
3317.769
3317.7682
3317.7699
3317.7747
3317.7828
3317.7944
3317.8092
3317.8264
3317.8448
3317.8635
3317.8855
3317.9412
3318.2267
3319.8163
3327.3824
3355.8434
3334.3679
3318.1179
3318.1185
3318.1186
3318.1179
3318.1168
3318.1153
3318.1133
3318.1107
3318.1074
3318.1033
3318.0983
3318.0923
3318.0852
3318.0768
3318.0671
3318.0561
3318.0441
3318.0311
3318.0174
3318.0032
3317.989
3317.9753
3317.9631
3317.9534
3317.9474
3317.9461
3317.9503
3317.9606
3317.9773
3317.9998
3318.0268
3318.0561
3318.0858
3318.1182
3318.1839
3318.4798
3320.086
3327.7014
3356.4915
3336.4628
3318.6365
3318.6373
3318.637
3318.6353
3318.6327
3318.6293
3318.625
3318.6196
3318.6128
3318.6045
3318.5946
3318.5827
3318.5688
3318.5524
3318.5337
3318.5124
3318.4887
3318.4629
3318.4354
3318.4067
3318.3776
3318.3493
3318.3235
3318.3021
3318.287
3318.2801
3318.2831
3318.2968
3318.3217
3318.3569
3318.3999
3318.4471
3318.4948
3318.5442
3318.6263
3318.9391
3320.5696
3328.2487
3357.4738
3338.6051
3319.5065
3319.5077
3319.5068
3319.5034
3319.4987
3319.4925
3319.4847
3319.475
3319.463
3319.4485
3319.4311
3319.4105
3319.3864
3319.3582
3319.3258
3319.2889
3319.2478
3319.2027
3319.1542
3319.1033
3319.0513
3319.0005
3318.9534
3318.9134
3318.8836
3318.8673
3318.8675
3318.8854
3318.9219
3318.9754
3319.0418
3319.1152
3319.1896
3319.2647
3319.3713
3319.7102
3321.3754
3329.1336
3358.9021
3340.6073
3320.8198
3320.8218
3320.8201
3320.8146
3320.8069
3320.7969
3320.7844
3320.7688
3320.7498
3320.7269
3320.6996
3320.6674
3320.6295
3320.5854
3320.5348
3320.477
3320.4124
3320.3413
3320.2643
3320.1831
3320.0997
3320.0175
3319.9406
3319.8737
3319.8222
3319.7911
3319.7849
3319.8063
3319.8557
3319.9314
3320.0269
3320.1338
3320.2425
3320.3517
3320.4916
3320.8673
3322.5793
3330.4276
3360.7654
3341.982
3322.4933
3322.4969
3322.4945
3322.4863
3322.4752
3322.4607
3322.4425
3322.4201
3322.3929
3322.3603
3322.3214
3322.2757
3322.2221
3322.1598
3322.0882
3322.0066
3321.915
3321.8138
3321.7039
3321.5872
3321.4666
3321.3465
3321.2325
3321.1314
3321.0505
3320.997
3320.9774
3320.9961
3321.0531
3321.147
3321.2694
3321.409
3321.5535
3321.7005
3321.8795
3322.3026
3324.0723
3332.0084
3362.7683
3342.1284
3323.7737
3323.7799
3323.7773
3323.7667
3323.7524
3323.7338
3323.7108
3323.6825
3323.6483
3323.6074
3323.559
3323.5022
3323.4359
3323.3591
3323.2708
3323.1704
3323.0575
3322.9325
3322.7961
3322.6503
3322.4983
3322.345
3322.1969
3322.0617
3321.9482
3321.8651
3321.8206
3321.821
3321.8663
3321.9569
3322.0842
3322.2362
3322.3999
3322.5735
3322.7854
3323.2567
3325.0834
3333.0724
3363.7961
3339.7381
3323.0267
3323.0365
3323.0345
3323.0226
3323.0068
3322.9863
3322.9611
3322.9302
3322.8932
3322.8493
3322.7978
3322.7376
3322.6678
3322.5875
3322.4955
3322.3912
3322.274
3322.1438
3322.0011
3321.8472
3321.6846
3321.517
3321.3502
3321.1908
3321.0469
3320.927
3320.8395
3320.7922
3320.7883
3320.8297
3320.9145
3321.0338
3321.1785
3321.3503
3321.575
3322.0859
3323.956
3331.931
3361.7997
3332.3252
3316.2617
3316.2766
3316.277
3316.2665
3316.2523
3316.2346
3316.2132
3316.1872
3316.1562
3316.1206
3316.0795
3316.0322
3315.9783
3315.9176
3315.8488
3315.7717
3315.6854
3315.5891
3315.4827
3315.3647
3315.2356
3315.0951
3314.9442
3314.785
3314.6199
3314.4535
3314.2922
3314.1443
3314.0193
3313.9271
3313.8796
3313.8805
3313.9329
3314.0462
3314.2398
3314.7645
3316.6407
3324.4845
3352.1546
3315.2866
3295.4474
3295.4689
3295.4741
3295.4686
3295.4612
3295.453
3295.4445
3295.4339
3295.4219
3295.4108
3295.3998
3295.3886
3295.3785
3295.3706
3295.3634
3295.3582
3295.3536
3295.3479
3295.3394
3295.3223
3295.2923
3295.2411
3295.1598
3295.0397
3294.8713
3294.6495
3294.3747
3294.0553
3293.7115
3293.3694
3293.0676
3292.8336
3292.6941
3292.6709
3292.7689
3293.266
3295.0844
3302.6323
3326.3815
3280.6524
3245.8145
3245.8434
3245.856
3245.8597
3245.8646
3245.8738
3245.8881
3245.9045
3245.9257
3245.9568
3245.9973
3246.0472
3246.1108
3246.1914
3246.2871
3246.4017
3246.533
3246.6785
3246.8345
3246.9883
3247.1287
3247.2348
3247.2822
3247.2453
3247.0949
3246.81
3246.381
3245.8162
3245.1519
3244.44
3243.7595
3243.173
3242.7415
3242.5046
3242.4373
3242.8602
3244.5354
3251.5899
3269.6287
3215.5209
3141.6677
3141.7038
3141.726
3141.7416
3141.7623
3141.7942
3141.8383
3141.8895
3141.9529
3142.0378
3142.1434
3142.27
3142.426
3142.6173
3142.8412
3143.105
3143.4058
3143.7397
3144.1014
3144.4697
3144.8257
3145.1327
3145.3477
3145.4234
3145.3064
3144.9574
3144.3523
3143.5008
3142.4591
3141.3116
3140.1867
3139.1873
3138.4139
3137.9268
3137.6457
3137.9648
3139.4055
3145.7563
3156.7679
3097.4363
2939.7057
2939.7469
2939.778
2939.8043
2939.8391
2939.8919
2939.9637
2940.0459
2940.1466
2940.2797
2940.443
2940.6368
2940.8736
2941.162
2941.4973
2941.8912
2942.3395
2942.8374
2943.379
2943.9355
2944.4818
2944.9683
2945.3349
2945.5164
2945.4364
2945.0411
2944.2933
2943.2042
2941.8496
2940.342
2938.8543
2937.5198
2936.4712
2935.7874
2935.3088
2935.5287
2936.6624
2942.1015
2946.0222
2887.684
2565.6245
2565.6652
2565.7004
2565.7306
2565.7705
2565.8321
2565.9155
2566.0093
2566.1233
2566.2742
2566.4584
2566.6752
2566.9397
2567.2614
2567.634
2568.0717
2568.5698
2569.1231
2569.7271
2570.3501
2570.9662
2571.5222
2571.9526
2572.1865
2572.1395
2571.7518
2570.9837
2569.8449
2568.4194
2566.8283
2565.2601
2563.8515
2562.7429
2562.0236
2561.4546
2561.6129
2562.401
2566.6729
2565.211
2516.3633
1866.51
1866.5404
1866.5695
1866.5922
1866.622
1866.6696
1866.7349
1866.8064
1866.8927
1867.0081
1867.1492
1867.3141
1867.5158
1867.7623
1868.0477
1868.3841
1868.768
1869.196
1869.6659
1870.1536
1870.6401
1871.0852
1871.4376
1871.6422
1871.6321
1871.3578
1870.7891
1869.9307
1868.8493
1867.639
1866.45
1865.3831
1864.5493
1864.0226
1863.5617
1863.6896
1864.1328
1866.9072
1863.6045
1832.446
)
;

boundaryField
{
    piston
    {
        type            fixedValue;
        value           uniform 485.2;
    }
    cylinderHead
    {
        type            fixedValue;
        value           uniform 525.2;
    }
    cylinderWall
    {
        type            fixedValue;
        value           uniform 430.1;
    }
    wedgeFront
    {
        type            wedge;
    }
    wedgeBack
    {
        type            wedge;
    }
    axis
    {
        type            empty;
    }
}


// ************************************************************************* //
